semilla	subsamping	oficial	meseta	ganancia
999983	0.1	1	9897	12328750
999983	0.1	0	5000	1e+07
999983	0.1	0	5500	10175000
999983	0.1	0	6000	10450000
999983	0.1	0	6500	11175000
999983	0.1	0	7000	11750000
999983	0.1	0	7500	12125000
999983	0.1	0	8000	11900000
999983	0.1	0	8500	12275000
999983	0.1	0	9000	12450000
999983	0.1	0	9500	12325000
999983	0.1	0	10000	12300000
999983	0.1	0	10500	12275000
999983	0.1	0	11000	12250000
999983	0.1	0	11500	12225000
999983	0.1	0	12000	12200000
999983	0.1	0	12500	12125000
999983	0.1	0	13000	12450000
999983	0.1	0	13500	12225000
999983	0.1	0	14000	11900000
999983	0.1	0	14500	11525000
999983	0.1	0	15000	11200000
687683	0.1	1	9897	12678750
687683	0.1	0	5000	10600000
687683	0.1	0	5500	11225000
687683	0.1	0	6000	11450000
687683	0.1	0	6500	11575000
687683	0.1	0	7000	12100000
687683	0.1	0	7500	12075000
687683	0.1	0	8000	12450000
687683	0.1	0	8500	12875000
687683	0.1	0	9000	12800000
687683	0.1	0	9500	12925000
687683	0.1	0	10000	12700000
687683	0.1	0	10500	12575000
687683	0.1	0	11000	12500000
687683	0.1	0	11500	12425000
687683	0.1	0	12000	12350000
687683	0.1	0	12500	12175000
687683	0.1	0	13000	12200000
687683	0.1	0	13500	12175000
687683	0.1	0	14000	11950000
687683	0.1	0	14500	11625000
687683	0.1	0	15000	11050000
771941	0.1	1	9897	12228750
771941	0.1	0	5000	10050000
771941	0.1	0	5500	10975000
771941	0.1	0	6000	11050000
771941	0.1	0	6500	11375000
771941	0.1	0	7000	11750000
771941	0.1	0	7500	12425000
771941	0.1	0	8000	12350000
771941	0.1	0	8500	12225000
771941	0.1	0	9000	12300000
771941	0.1	0	9500	12325000
771941	0.1	0	10000	12200000
771941	0.1	0	10500	12375000
771941	0.1	0	11000	12100000
771941	0.1	0	11500	12025000
771941	0.1	0	12000	12200000
771941	0.1	0	12500	12125000
771941	0.1	0	13000	12200000
771941	0.1	0	13500	11725000
771941	0.1	0	14000	11350000
771941	0.1	0	14500	11025000
771941	0.1	0	15000	10800000
273313	0.1	1	9897	12878750
273313	0.1	0	5000	10550000
273313	0.1	0	5500	10725000
273313	0.1	0	6000	10900000
273313	0.1	0	6500	11375000
273313	0.1	0	7000	11800000
273313	0.1	0	7500	12175000
273313	0.1	0	8000	12400000
273313	0.1	0	8500	12675000
273313	0.1	0	9000	12700000
273313	0.1	0	9500	13075000
273313	0.1	0	10000	12950000
273313	0.1	0	10500	12675000
273313	0.1	0	11000	12550000
273313	0.1	0	11500	12525000
273313	0.1	0	12000	12350000
273313	0.1	0	12500	12025000
273313	0.1	0	13000	11850000
273313	0.1	0	13500	11625000
273313	0.1	0	14000	11550000
273313	0.1	0	14500	11275000
273313	0.1	0	15000	11050000
346469	0.1	1	9897	12178750
346469	0.1	0	5000	9600000
346469	0.1	0	5500	10275000
346469	0.1	0	6000	11050000
346469	0.1	0	6500	11325000
346469	0.1	0	7000	11850000
346469	0.1	0	7500	11875000
346469	0.1	0	8000	12050000
346469	0.1	0	8500	12275000
346469	0.1	0	9000	12250000
346469	0.1	0	9500	12175000
346469	0.1	0	10000	12300000
346469	0.1	0	10500	12175000
346469	0.1	0	11000	1.2e+07
346469	0.1	0	11500	12125000
346469	0.1	0	12000	12050000
346469	0.1	0	12500	11925000
346469	0.1	0	13000	11900000
346469	0.1	0	13500	11725000
346469	0.1	0	14000	11550000
346469	0.1	0	14500	11275000
346469	0.1	0	15000	10950000
964823	0.1	1	9897	12378750
964823	0.1	0	5000	10700000
964823	0.1	0	5500	11175000
964823	0.1	0	6000	11650000
964823	0.1	0	6500	11925000
964823	0.1	0	7000	12200000
964823	0.1	0	7500	12525000
964823	0.1	0	8000	12550000
964823	0.1	0	8500	12675000
964823	0.1	0	9000	12600000
964823	0.1	0	9500	12625000
964823	0.1	0	10000	12400000
964823	0.1	0	10500	12475000
964823	0.1	0	11000	12400000
964823	0.1	0	11500	12125000
964823	0.1	0	12000	12100000
964823	0.1	0	12500	12125000
964823	0.1	0	13000	11850000
964823	0.1	0	13500	11775000
964823	0.1	0	14000	11550000
964823	0.1	0	14500	11125000
964823	0.1	0	15000	11050000
721577	0.1	1	9897	12328750
721577	0.1	0	5000	10150000
721577	0.1	0	5500	10625000
721577	0.1	0	6000	10850000
721577	0.1	0	6500	11175000
721577	0.1	0	7000	11850000
721577	0.1	0	7500	12125000
721577	0.1	0	8000	12200000
721577	0.1	0	8500	12125000
721577	0.1	0	9000	12350000
721577	0.1	0	9500	12175000
721577	0.1	0	10000	12450000
721577	0.1	0	10500	12225000
721577	0.1	0	11000	12300000
721577	0.1	0	11500	12225000
721577	0.1	0	12000	12400000
721577	0.1	0	12500	12375000
721577	0.1	0	13000	12050000
721577	0.1	0	13500	11725000
721577	0.1	0	14000	11600000
721577	0.1	0	14500	11375000
721577	0.1	0	15000	10900000
217849	0.1	1	9897	12878750
217849	0.1	0	5000	10700000
217849	0.1	0	5500	11025000
217849	0.1	0	6000	11450000
217849	0.1	0	6500	11525000
217849	0.1	0	7000	1.2e+07
217849	0.1	0	7500	12175000
217849	0.1	0	8000	12550000
217849	0.1	0	8500	12925000
217849	0.1	0	9000	12850000
217849	0.1	0	9500	12725000
217849	0.1	0	10000	12750000
217849	0.1	0	10500	12525000
217849	0.1	0	11000	12300000
217849	0.1	0	11500	12375000
217849	0.1	0	12000	12250000
217849	0.1	0	12500	12075000
217849	0.1	0	13000	11950000
217849	0.1	0	13500	11525000
217849	0.1	0	14000	11350000
217849	0.1	0	14500	10775000
217849	0.1	0	15000	10750000
180263	0.1	1	9897	12778750
180263	0.1	0	5000	10550000
180263	0.1	0	5500	10975000
180263	0.1	0	6000	11100000
180263	0.1	0	6500	11575000
180263	0.1	0	7000	1.2e+07
180263	0.1	0	7500	12075000
180263	0.1	0	8000	12450000
180263	0.1	0	8500	12675000
180263	0.1	0	9000	12800000
180263	0.1	0	9500	12625000
180263	0.1	0	10000	12800000
180263	0.1	0	10500	12675000
180263	0.1	0	11000	12600000
180263	0.1	0	11500	12275000
180263	0.1	0	12000	12300000
180263	0.1	0	12500	11975000
180263	0.1	0	13000	11750000
180263	0.1	0	13500	11525000
180263	0.1	0	14000	11600000
180263	0.1	0	14500	11125000
180263	0.1	0	15000	1.1e+07
480383	0.1	1	9897	13128750
480383	0.1	0	5000	10250000
480383	0.1	0	5500	10925000
480383	0.1	0	6000	11400000
480383	0.1	0	6500	11675000
480383	0.1	0	7000	12150000
480383	0.1	0	7500	12425000
480383	0.1	0	8000	1.3e+07
480383	0.1	0	8500	13175000
480383	0.1	0	9000	13300000
480383	0.1	0	9500	13275000
480383	0.1	0	10000	13050000
480383	0.1	0	10500	12825000
480383	0.1	0	11000	12850000
480383	0.1	0	11500	12575000
480383	0.1	0	12000	12600000
480383	0.1	0	12500	12925000
480383	0.1	0	13000	12650000
480383	0.1	0	13500	12225000
480383	0.1	0	14000	1.2e+07
480383	0.1	0	14500	11675000
480383	0.1	0	15000	11500000
585443	0.1	1	9897	12778750
585443	0.1	0	5000	10200000
585443	0.1	0	5500	10525000
585443	0.1	0	6000	11050000
585443	0.1	0	6500	11375000
585443	0.1	0	7000	11550000
585443	0.1	0	7500	11675000
585443	0.1	0	8000	1.2e+07
585443	0.1	0	8500	12075000
585443	0.1	0	9000	12700000
585443	0.1	0	9500	12575000
585443	0.1	0	10000	12850000
585443	0.1	0	10500	12775000
585443	0.1	0	11000	12500000
585443	0.1	0	11500	12675000
585443	0.1	0	12000	12500000
585443	0.1	0	12500	12075000
585443	0.1	0	13000	11900000
585443	0.1	0	13500	11775000
585443	0.1	0	14000	11650000
585443	0.1	0	14500	11425000
585443	0.1	0	15000	11200000
203209	0.1	1	9897	12078750
203209	0.1	0	5000	10250000
203209	0.1	0	5500	10625000
203209	0.1	0	6000	10650000
203209	0.1	0	6500	11125000
203209	0.1	0	7000	11750000
203209	0.1	0	7500	11975000
203209	0.1	0	8000	12250000
203209	0.1	0	8500	12475000
203209	0.1	0	9000	12350000
203209	0.1	0	9500	12125000
203209	0.1	0	10000	12100000
203209	0.1	0	10500	12075000
203209	0.1	0	11000	12100000
203209	0.1	0	11500	12175000
203209	0.1	0	12000	11950000
203209	0.1	0	12500	11525000
203209	0.1	0	13000	11350000
203209	0.1	0	13500	11125000
203209	0.1	0	14000	11100000
203209	0.1	0	14500	11025000
203209	0.1	0	15000	10700000
859361	0.1	1	9897	12628750
859361	0.1	0	5000	10200000
859361	0.1	0	5500	10675000
859361	0.1	0	6000	1.1e+07
859361	0.1	0	6500	11525000
859361	0.1	0	7000	11800000
859361	0.1	0	7500	12125000
859361	0.1	0	8000	12400000
859361	0.1	0	8500	12425000
859361	0.1	0	9000	12750000
859361	0.1	0	9500	12725000
859361	0.1	0	10000	12600000
859361	0.1	0	10500	12625000
859361	0.1	0	11000	12500000
859361	0.1	0	11500	12425000
859361	0.1	0	12000	12200000
859361	0.1	0	12500	11975000
859361	0.1	0	13000	12050000
859361	0.1	0	13500	11725000
859361	0.1	0	14000	11400000
859361	0.1	0	14500	11325000
859361	0.1	0	15000	11100000
320113	0.1	1	9897	12228750
320113	0.1	0	5000	9800000
320113	0.1	0	5500	10675000
320113	0.1	0	6000	10850000
320113	0.1	0	6500	11275000
320113	0.1	0	7000	11800000
320113	0.1	0	7500	12325000
320113	0.1	0	8000	12250000
320113	0.1	0	8500	12525000
320113	0.1	0	9000	12450000
320113	0.1	0	9500	12325000
320113	0.1	0	10000	12150000
320113	0.1	0	10500	11975000
320113	0.1	0	11000	11800000
320113	0.1	0	11500	11675000
320113	0.1	0	12000	11950000
320113	0.1	0	12500	11975000
320113	0.1	0	13000	12050000
320113	0.1	0	13500	11875000
320113	0.1	0	14000	11600000
320113	0.1	0	14500	11275000
320113	0.1	0	15000	10950000
681167	0.1	1	9897	12478750
681167	0.1	0	5000	10850000
681167	0.1	0	5500	11425000
681167	0.1	0	6000	11650000
681167	0.1	0	6500	11875000
681167	0.1	0	7000	12200000
681167	0.1	0	7500	12275000
681167	0.1	0	8000	12500000
681167	0.1	0	8500	12725000
681167	0.1	0	9000	13050000
681167	0.1	0	9500	12775000
681167	0.1	0	10000	12450000
681167	0.1	0	10500	12725000
681167	0.1	0	11000	12700000
681167	0.1	0	11500	12725000
681167	0.1	0	12000	12800000
681167	0.1	0	12500	12675000
681167	0.1	0	13000	12450000
681167	0.1	0	13500	12175000
681167	0.1	0	14000	11800000
681167	0.1	0	14500	11475000
681167	0.1	0	15000	11150000
272761	0.1	1	9897	12578750
272761	0.1	0	5000	10650000
272761	0.1	0	5500	11125000
272761	0.1	0	6000	11200000
272761	0.1	0	6500	11625000
272761	0.1	0	7000	11950000
272761	0.1	0	7500	12225000
272761	0.1	0	8000	12250000
272761	0.1	0	8500	12525000
272761	0.1	0	9000	12400000
272761	0.1	0	9500	12375000
272761	0.1	0	10000	12450000
272761	0.1	0	10500	12425000
272761	0.1	0	11000	12500000
272761	0.1	0	11500	12525000
272761	0.1	0	12000	12500000
272761	0.1	0	12500	12225000
272761	0.1	0	13000	1.2e+07
272761	0.1	0	13500	11875000
272761	0.1	0	14000	11500000
272761	0.1	0	14500	11075000
272761	0.1	0	15000	10650000
806159	0.1	1	9897	12578750
806159	0.1	0	5000	10500000
806159	0.1	0	5500	10925000
806159	0.1	0	6000	11250000
806159	0.1	0	6500	11325000
806159	0.1	0	7000	11800000
806159	0.1	0	7500	12175000
806159	0.1	0	8000	12350000
806159	0.1	0	8500	12525000
806159	0.1	0	9000	12950000
806159	0.1	0	9500	12725000
806159	0.1	0	10000	12450000
806159	0.1	0	10500	12225000
806159	0.1	0	11000	12250000
806159	0.1	0	11500	12325000
806159	0.1	0	12000	12450000
806159	0.1	0	12500	12375000
806159	0.1	0	13000	12300000
806159	0.1	0	13500	12025000
806159	0.1	0	14000	11800000
806159	0.1	0	14500	11425000
806159	0.1	0	15000	11200000
803651	0.1	1	9897	12528750
803651	0.1	0	5000	10400000
803651	0.1	0	5500	10575000
803651	0.1	0	6000	11100000
803651	0.1	0	6500	11175000
803651	0.1	0	7000	11550000
803651	0.1	0	7500	12025000
803651	0.1	0	8000	12450000
803651	0.1	0	8500	12775000
803651	0.1	0	9000	12700000
803651	0.1	0	9500	12525000
803651	0.1	0	10000	12450000
803651	0.1	0	10500	12175000
803651	0.1	0	11000	12400000
803651	0.1	0	11500	12575000
803651	0.1	0	12000	12250000
803651	0.1	0	12500	12375000
803651	0.1	0	13000	12150000
803651	0.1	0	13500	12075000
803651	0.1	0	14000	11850000
803651	0.1	0	14500	11425000
803651	0.1	0	15000	11150000
600751	0.1	1	9897	12828750
600751	0.1	0	5000	10150000
600751	0.1	0	5500	10975000
600751	0.1	0	6000	11150000
600751	0.1	0	6500	11575000
600751	0.1	0	7000	11950000
600751	0.1	0	7500	12225000
600751	0.1	0	8000	12650000
600751	0.1	0	8500	12925000
600751	0.1	0	9000	13050000
600751	0.1	0	9500	13025000
600751	0.1	0	10000	12850000
600751	0.1	0	10500	12675000
600751	0.1	0	11000	12450000
600751	0.1	0	11500	12225000
600751	0.1	0	12000	11950000
600751	0.1	0	12500	11875000
600751	0.1	0	13000	11700000
600751	0.1	0	13500	11725000
600751	0.1	0	14000	11500000
600751	0.1	0	14500	11125000
600751	0.1	0	15000	10650000
656701	0.1	1	9897	12478750
656701	0.1	0	5000	9850000
656701	0.1	0	5500	10525000
656701	0.1	0	6000	10800000
656701	0.1	0	6500	11275000
656701	0.1	0	7000	11550000
656701	0.1	0	7500	11725000
656701	0.1	0	8000	12100000
656701	0.1	0	8500	12275000
656701	0.1	0	9000	12200000
656701	0.1	0	9500	12525000
656701	0.1	0	10000	12450000
656701	0.1	0	10500	12275000
656701	0.1	0	11000	12050000
656701	0.1	0	11500	11775000
656701	0.1	0	12000	11550000
656701	0.1	0	12500	11675000
656701	0.1	0	13000	11750000
656701	0.1	0	13500	11775000
656701	0.1	0	14000	11550000
656701	0.1	0	14500	11225000
656701	0.1	0	15000	11200000
194717	0.1	1	9897	12578750
194717	0.1	0	5000	10500000
194717	0.1	0	5500	11125000
194717	0.1	0	6000	11150000
194717	0.1	0	6500	11625000
194717	0.1	0	7000	12050000
194717	0.1	0	7500	12125000
194717	0.1	0	8000	12400000
194717	0.1	0	8500	12625000
194717	0.1	0	9000	12600000
194717	0.1	0	9500	12675000
194717	0.1	0	10000	12450000
194717	0.1	0	10500	12325000
194717	0.1	0	11000	12150000
194717	0.1	0	11500	12425000
194717	0.1	0	12000	12150000
194717	0.1	0	12500	12025000
194717	0.1	0	13000	11850000
194717	0.1	0	13500	11675000
194717	0.1	0	14000	11350000
194717	0.1	0	14500	11025000
194717	0.1	0	15000	10600000
