fecha	objective	metric	first_metric_only	boost_from_average	feature_pre_filter	verbosity	seed	max_depth	min_gain_to_split	lambda_l1	lambda_l2	max_bin	num_iterations	force_row_wise	learning_rate	feature_fraction	bagging_fraction	bagging_freq	min_gain_to_split	min_data_in_leaf	num_leaves	max_bin	lambda_l1	lambda_l2	ratio_corte	iteracion_bayesiana	ganancia
20211119 035842	binary	custom	TRUE	TRUE	FALSE	-100	999983	-1	0	0	0	31	103	TRUE	0.0772112887068652	0.633040470168344	0.440976799814962	52	5.39393354603089	3644	287	16	41.9139528233791	28.7003108416684	0.045345752470856	1	5777500
20211119 035929	binary	custom	TRUE	TRUE	FALSE	-100	999983	-1	0	0	0	31	120	TRUE	0.0638561918716878	0.490051603609463	0.628601355638239	33	8.63077310888912	4678	222	59	58.2743513252353	35.0992320541991	0.049479885851054	2	5710000
20211119 040000	binary	custom	TRUE	TRUE	FALSE	-100	999983	-1	0	0	0	31	228	TRUE	0.053631811184343	0.616793097302434	0.321516701575019	92	2.4939877485449	4891	626	48	62.5339758832706	7.70540009252727	0.0418560083017415	3	5298750
20211119 040054	binary	custom	TRUE	TRUE	FALSE	-100	999983	-1	0	0	0	31	255	TRUE	0.0649580881008878	0.188847564625903	0.525633688253001	65	4.35836993559496	4179	428	40	72.9761936335126	76.0679731407436	0.0455047576008637	4	5753750
20211119 040132	binary	custom	TRUE	TRUE	FALSE	-100	999983	-1	0	0	0	31	270	TRUE	0.0596981963715516	0.684549638818135	0.460339306706446	45	10.3154991645715	4463	456	32	56.6177283204161	86.3766502786893	0.0469441724619852	5	5738750
20211119 040216	binary	custom	TRUE	TRUE	FALSE	-100	999983	-1	0	0	0	31	216	TRUE	0.0814079891266301	0.122113602834288	0.720087474111351	73	12.208644871891	2419	702	79	83.657208160148	66.5474609675584	0.0374540768078465	6	6056250
20211119 040344	binary	custom	TRUE	TRUE	FALSE	-100	999983	-1	0	0	0	31	478	TRUE	0.0370904281623662	0.220554879714618	0.268313526206766	47	8.03931231232127	5277	806	23	5.9139002172742	58.9967821585014	0.0423748671470295	7	5271250
20211119 040431	binary	custom	TRUE	TRUE	FALSE	-100	999983	-1	0	0	0	31	244	TRUE	0.0425378292985261	0.706787938707275	0.557114808029728	43	3.48374241901911	2674	527	14	76.2592554138973	55.1486357825343	0.0416133162612036	8	5935000
20211119 040530	binary	custom	TRUE	TRUE	FALSE	-100	999983	-1	0	0	0	31	150	TRUE	0.0729224329879507	0.451372505624895	0.966772640548879	81	9.41918623389211	3284	485	66	16.0201930964831	15.6235898798332	0.0408601340664307	9	5947500
20211119 040628	binary	custom	TRUE	TRUE	FALSE	-100	999983	-1	0	0	0	31	192	TRUE	0.0868931377436966	0.428298536380753	0.409260381701752	51	9.30415933820768	2405	886	49	49.9653130106162	30.0597474625101	0.045086323048212	10	5616250
20211119 040742	binary	custom	TRUE	TRUE	FALSE	-100	999983	-1	0	0	0	31	237	TRUE	0.0753886611745693	0.588525713939453	0.765004214519286	58	11.5485133790353	7210	369	75	86.0605055728229	72.1028452168684	0.0413120433832944	11	5730000
20211119 040924	binary	custom	TRUE	TRUE	FALSE	-100	999983	-1	0	0	0	31	248	TRUE	0.0518244750862941	0.661890516920248	0.578564339256845	55	5.66487111820607	197	755	89	46.0491000587353	96.2653003999731	0.0364414651904296	12	6157500
20211119 041015	binary	custom	TRUE	TRUE	FALSE	-100	999983	-1	0	0	0	31	279	TRUE	0.0440727587295696	0.166049595270888	0.191349130745512	27	3.16444908210542	3056	254	58	39.1443043027539	19.5963954541367	0.0501744872084557	13	4656250
20211119 041158	binary	custom	TRUE	TRUE	FALSE	-100	999983	-1	0	0	0	31	428	TRUE	0.0602242690701969	0.260191394407302	0.985635153515614	63	5.18634032297996	4313	729	97	27.9925695084967	74.2336370307021	0.0511368866795545	14	5862500
20211119 041325	binary	custom	TRUE	TRUE	FALSE	-100	999983	-1	0	0	0	31	467	TRUE	0.0246056039431132	0.915117244710564	0.745458392691798	29	13.7637384218106	6250	637	21	71.3550832035253	64.4328685378423	0.0429020946833706	15	5842500
20211119 041421	binary	custom	TRUE	TRUE	FALSE	-100	999983	-1	0	0	0	31	363	TRUE	0.0304838866987266	0.794787592208595	0.372538100624806	61	12.4126980413566	1400	128	36	60.8291597384959	53.2481842301786	0.042249336781234	16	5740000
20211119 041506	binary	custom	TRUE	TRUE	FALSE	-100	999983	-1	0	0	0	31	337	TRUE	0.0289563614106737	0.751851371211233	0.225335315002012	7	0.833390601648716	901	571	26	33.4818493574858	46.0077803838067	0.0400985831806047	17	5861250
20211119 041531	binary	custom	TRUE	TRUE	FALSE	-100	999983	-1	0	0	0	31	220	TRUE	0.089555052950047	0.763627800893737	0.337376327044913	74	2.6752128021908	5893	197	54	26.4139596722089	60.9916995838284	0.0435799586586662	18	5541250
20211119 041715	binary	custom	TRUE	TRUE	FALSE	-100	999983	-1	0	0	0	31	380	TRUE	0.0408753442326561	0.511625690373476	0.430619845518377	66	3.90560352330795	5053	937	84	98.0315337347565	43.2191358553246	0.0355711213209142	19	5687500
20211119 041737	binary	custom	TRUE	TRUE	FALSE	-100	999983	-1	0	0	0	31	85	TRUE	0.0697080600485206	0.952851827978156	0.286700245804386	24	14.5412454947073	728	423	44	8.46848788787611	94.0301806532079	0.0410777200338095	20	5465000
20211119 041814	binary	custom	TRUE	TRUE	FALSE	-100	999983	-1	0	0	0	31	213	TRUE	0.0919250850472599	0.909732682515751	0.606713318132097	37	7.6163593736419	6428	885	9	69.148093292024	69.3198548036162	0.0333199434276485	21	6373750
20211119 041910	binary	custom	TRUE	TRUE	FALSE	-100	999983	-1	0	0	0	31	176	TRUE	0.0799933724794537	0.280214131191606	0.93391901707917	18	1.93744662878453	2085	550	45	67.0207212795503	50.5354598775739	0.0463332580151139	22	5830000
20211119 042022	binary	custom	TRUE	TRUE	FALSE	-100	999983	-1	0	0	0	31	345	TRUE	0.0468172300169244	0.30299030306167	0.185910197612247	31	13.055709465465	7093	340	7	31.0906454542419	81.5684952313313	0.0516390081427364	23	4787500
20211119 042106	binary	custom	TRUE	TRUE	FALSE	-100	999983	-1	0	0	0	31	396	TRUE	0.0340719167562202	0.878602939317934	0.369276376652415	35	6.73730829221313	6006	188	77	50.3600267902948	7.24404454580508	0.0460905659745759	24	5466250
20211119 042144	binary	custom	TRUE	TRUE	FALSE	-100	999983	-1	0	0	0	31	63	TRUE	0.0929944719681516	0.567022794033401	0.640880738156848	80	11.736900498101	1608	153	19	53.4001173713477	26.2498806545045	0.0465592126735457	25	5196250
20211119 042301	binary	custom	TRUE	TRUE	FALSE	-100	999983	-1	0	0	0	31	155	TRUE	0.0850392989874817	0.404582544335281	0.896013501686393	94	1.63401116579189	240	692	94	94.3773648224305	3.04205855820328	0.0451114291213711	26	6012500
20211119 042333	binary	custom	TRUE	TRUE	FALSE	-100	999983	-1	0	0	0	31	232	TRUE	0.0553383309738711	0.994182112956769	0.487574170288281	99	9.90944048939855	7622	958	99	13.4226591500919	11.5191996115027	0.0438393880813102	27	5502500
20211119 042447	binary	custom	TRUE	TRUE	FALSE	-100	999983	-1	0	0	0	31	249	TRUE	0.095226138769649	0.463403324764222	0.676180879769963	90	14.6651832688367	6825	314	92	2.74123185314238	41.8358747725142	0.0395964617174228	28	5986250
20211119 042652	binary	custom	TRUE	TRUE	FALSE	-100	999983	-1	0	0	0	31	404	TRUE	0.0273561875359155	0.841173230904387	0.917231267439201	39	10.992735707463	1636	1006	68	36.4807679527439	48.9147520752158	0.0448352623166211	29	5903750
20211119 042756	binary	custom	TRUE	TRUE	FALSE	-100	999983	-1	0	0	0	31	456	TRUE	0.0336579369953834	0.71586252931389	0.534466689323308	13	0.332291825761786	5419	505	62	80.807887588162	98.1852931599133	0.044316403471333	30	5531250
20211119 042940	binary	custom	TRUE	TRUE	FALSE	-100	999983	-1	0	0	0	31	337	TRUE	0.0705758534870111	0.544159007313428	0.804572753501707	10	8.38159732252825	7974	111	33	10.7493611704558	20.9478068456519	0.0477308294209703	31	5921250
20211119 043008	binary	custom	TRUE	TRUE	FALSE	-100	999983	-1	0	0	0	31	59	TRUE	0.0669820741354488	0.329462330547394	0.236560634545749	20	6.92468038052903	504	395	3	78.903603926301	84.0333194943378	0.039646673863741	32	5128750
20211119 043047	binary	custom	TRUE	TRUE	FALSE	-100	999983	-1	0	0	0	31	153	TRUE	0.0976404055687599	0.201722168400302	0.696019458021619	86	6.14297093011555	5745	776	29	19.6754451195011	90.6331924872939	0.0408182906111655	33	5803750
20211119 043245	binary	custom	TRUE	TRUE	FALSE	-100	999983	-1	0	0	0	31	566	TRUE	0.0214674816438928	0.361144300327287	0.151173795727664	97	10.8040980268561	3924	822	81	24.6984934119973	79.614286624128	0.0433958474554995	34	5168750
20211119 043423	binary	custom	TRUE	TRUE	FALSE	-100	999983	-1	0	0	0	31	347	TRUE	0.0394826224381104	0.39123397488147	0.844858482249547	70	13.3588385596813	6671	913	12	95.1867122563999	24.4087509973906	0.0415045232775142	35	5801250
20211119 043504	binary	custom	TRUE	TRUE	FALSE	-100	999983	-1	0	0	0	31	151	TRUE	0.0823455506684259	0.966434905705974	0.779004517733119	9	0.495213480200619	3479	858	72	0.221398339490406	34.4309895724291	0.043529746512348	36	6148750
20211119 043517	binary	custom	TRUE	TRUE	FALSE	-100	999983	-1	0	0	0	31	93	TRUE	0.0560451432415284	0.853456300899852	0.129401025179541	84	4.87104052593349	1055	674	71	89.6817552729044	0.466505853109993	0.0368766371251872	37	5292500
20211119 043625	binary	custom	TRUE	TRUE	FALSE	-100	999983	-1	0	0	0	31	472	TRUE	0.0483056873045862	0.133487197674112	0.112888089407934	5	7.41892948854365	7569	994	38	22.1903235831996	14.1926630306989	0.0433037918539161	38	5082500
20211119 050252	binary	custom	TRUE	TRUE	FALSE	-100	999983	-1	0	0	0	31	213	TRUE	0.0986230524769053	0.819128756229184	0.880011681530159	17	13.8826455186645	1987	604	87	91.6410282830475	87.9820904298685	0.0457976617877198	39	6410000
20211119 050420	binary	custom	TRUE	TRUE	FALSE	-100	999983	-1	0	0	0	31	329	TRUE	0.0237919538500719	0.249241321863956	0.830768281201599	77	1.20638712728396	2841	262	53	43.5122280952055	39.9761258176295	0.0469943846083034	40	5331250
20211119 050504	binary	custom	TRUE	TRUE	FALSE	-100	999983	-1	0	0	0	31	103	TRUE	0.0972931779642318	0.850978438955953	0.836375042593094	21	8.7729709682204	1688	968	89	70.7579215529252	83.1499715660431	0.0458395052429849	41	5603750
20211119 050600	binary	custom	TRUE	TRUE	FALSE	-100	999983	-1	0	0	0	31	277	TRUE	0.0843402370141427	0.955505340406949	0.631937861232122	25	9.02868418423839	2791	783	32	45.9411484561814	53.8410388959927	0.0443917216908103	42	5720000
20211119 050637	binary	custom	TRUE	TRUE	FALSE	-100	999983	-1	0	0	0	31	86	TRUE	0.0973475178455372	0.76994749392024	0.870229682920873	40	13.3418873435778	1576	621	98	91.243321773858	78.778243524311	0.0449022118450453	43	5893750
20211119 050736	binary	custom	TRUE	TRUE	FALSE	-100	999983	-1	0	0	0	31	219	TRUE	0.0989132180075373	0.868042106014637	0.887160124500401	11	13.2195399038586	3099	563	87	48.8006927868497	67.7035357014422	0.0435883273497192	44	5890000
20211119 050806	binary	custom	TRUE	TRUE	FALSE	-100	999983	-1	0	0	0	31	152	TRUE	0.0880264541239278	0.677392617011077	0.616201330251245	44	7.02675112887533	6753	857	27	71.0841981253254	86.193739927155	0.044567464202924	45	5643750
20211119 050854	binary	custom	TRUE	TRUE	FALSE	-100	999983	-1	0	0	0	31	252	TRUE	0.0489507962629542	0.950101772071031	0.609497006885516	36	12.7247444636823	4126	891	15	84.0134829968226	60.8051794209956	0.0436385394960374	46	5932500
20211119 050928	binary	custom	TRUE	TRUE	FALSE	-100	999983	-1	0	0	0	31	148	TRUE	0.0999958190125875	0.924758656444154	0.693915380356081	36	2.81018135592848	6083	894	23	53.3849186838701	83.6117685892641	0.0331274635334287	47	6152500
20211119 051014	binary	custom	TRUE	TRUE	FALSE	-100	999983	-1	0	0	0	31	135	TRUE	0.0833925918179939	0.79513739281321	0.874699302126838	18	9.81461063450886	2025	612	68	91.1795156673118	68.4825425883755	0.0306670683638372	48	5970000
20211119 051054	binary	custom	TRUE	TRUE	FALSE	-100	999983	-1	0	0	0	31	197	TRUE	0.0841601831355327	0.938026692076821	0.6917797581309	31	1.07862691195227	5639	882	8	73.7184814274014	80.0957538762161	0.042249336781234	49	6090000
20211119 051128	binary	custom	TRUE	TRUE	FALSE	-100	999983	-1	0	0	0	31	212	TRUE	0.0900333578258245	0.9565071465485	0.493966881716612	37	5.40115622589855	4810	900	30	54.0993431278078	60.3784715065646	0.0425673470412493	50	6092500
20211119 051201	binary	custom	TRUE	TRUE	FALSE	-100	999983	-1	0	0	0	31	146	TRUE	0.0878284262297516	0.913556687178831	0.748949312199446	43	6.67686337187413	6219	883	34	70.9200195735591	56.464199750887	0.0407931845380064	51	5857500
20211119 051314	binary	custom	TRUE	TRUE	FALSE	-100	999983	-1	0	0	0	31	210	TRUE	0.0903017682664872	0.575773543138083	0.65871978823296	36	12.365478358811	3831	903	3	84.9403646947629	60.3128400890929	0.0498062648021223	52	5411250
20211119 051401	binary	custom	TRUE	TRUE	FALSE	-100	999983	-1	0	0	0	31	322	TRUE	0.0930309519649213	0.883271434815465	0.592840556694595	34	3.62098024602532	7455	857	60	23.0949614823621	57.0665756796597	0.044559095511871	53	5445000
20211119 051525	binary	custom	TRUE	TRUE	FALSE	-100	999983	-1	0	0	0	31	187	TRUE	0.0576166346346716	0.56681526641971	0.713806451221596	59	8.36440932322553	840	716	92	48.3319650352462	60.9171843599603	0.048425430778372	54	6217500
20211119 051652	binary	custom	TRUE	TRUE	FALSE	-100	999983	-1	0	0	0	31	240	TRUE	0.0657863488213024	0.434086187982391	0.713040956265263	70	6.69546054311798	1852	729	86	65.9155417546967	64.7309476984699	0.0477475668030763	55	5718750
20211119 051717	binary	custom	TRUE	TRUE	FALSE	-100	999983	-1	0	0	0	31	106	TRUE	0.0908041894522876	0.931645798485048	0.66406404551381	37	4.12044617949995	7759	936	3	69.8130438013888	86.4571530231273	0.0405086490422033	56	5550000
20211119 051742	binary	custom	TRUE	TRUE	FALSE	-100	999983	-1	0	0	0	31	212	TRUE	0.0682140586259848	0.907175096566595	0.353342394412186	54	6.55955907459298	6197	893	3	19.7019977800776	71.4745863794656	0.0471115462830459	57	5463750
20211119 051844	binary	custom	TRUE	TRUE	FALSE	-100	999983	-1	0	0	0	31	123	TRUE	0.0596719354815724	0.608438058909468	0.672413151314906	70	7.79145199036941	483	726	90	24.0457087449239	90.7800342202625	0.0410275078874913	58	5872500
20211119 051922	binary	custom	TRUE	TRUE	FALSE	-100	999983	-1	0	0	0	31	204	TRUE	0.0699002924412176	0.938983632351116	0.592215209616966	31	1.81236404446174	6171	891	29	59.4285538848648	75.9419169280528	0.0328931401839438	59	5987500
20211119 051948	binary	custom	TRUE	TRUE	FALSE	-100	999983	-1	0	0	0	31	140	TRUE	0.0968780264718041	0.9070793802094	0.538912980480857	35	4.14270540558228	5748	887	53	52.1077568825795	88.7923072814062	0.0431447867239085	60	5956250
20211119 052015	binary	custom	TRUE	TRUE	FALSE	-100	999983	-1	0	0	0	31	140	TRUE	0.0930583920715943	0.826678821357396	0.375397464886713	16	8.99451935464021	1945	603	95	25.6957035138577	97.3783879418309	0.0427681956265221	61	5762500
20211119 052039	binary	custom	TRUE	TRUE	FALSE	-100	999983	-1	0	0	0	31	169	TRUE	0.0893718121100736	0.921222364291862	0.399868313463655	36	3.98912614427842	5962	874	10	23.1826169389351	65.0756114915959	0.0500824316068724	62	5020000
20211119 052105	binary	custom	TRUE	TRUE	FALSE	-100	999983	-1	0	0	0	31	113	TRUE	0.0926516753154061	0.928452331342765	0.624721025742736	21	11.9849025530621	5189	891	15	49.7894840713804	13.406333892932	0.0443415095444921	63	5877500
20211119 052325	binary	custom	TRUE	TRUE	FALSE	-100	999983	-1	0	0	0	31	348	TRUE	0.0397861107109555	0.691951463569938	0.874860794701828	75	12.8442812455037	596	601	70	88.6922907690929	79.324898120083	0.0320562710786406	64	6362500
20211119 052447	binary	custom	TRUE	TRUE	FALSE	-100	999983	-1	0	0	0	31	200	TRUE	0.0631567377315124	0.555196351651483	0.881455796804789	45	14.6636071103028	2563	601	54	69.2743415886133	61.2711653689486	0.0385085318805286	65	6198750
20211119 052609	binary	custom	TRUE	TRUE	FALSE	-100	999983	-1	0	0	0	31	263	TRUE	0.0460097140682699	0.832582119314804	0.828606835139294	76	13.3295311649268	1477	603	69	46.7846098600881	79.5991987166803	0.0408433966843246	66	5900000
20211119 052812	binary	custom	TRUE	TRUE	FALSE	-100	999983	-1	0	0	0	31	377	TRUE	0.0359215351377224	0.693039912540217	0.884795893711319	59	9.5207276881875	1157	600	70	95.2447443247859	67.5980780977002	0.043002518976007	67	6077500
20211119 052904	binary	custom	TRUE	TRUE	FALSE	-100	999983	-1	0	0	0	31	78	TRUE	0.0462194529256737	0.697604976928277	0.745492389124328	71	9.17719162864949	250	706	71	47.6016528931441	57.3265215205371	0.0405923359527336	68	6087500
20211119 053131	binary	custom	TRUE	TRUE	FALSE	-100	999983	-1	0	0	0	31	403	TRUE	0.0648507616187805	0.586195238407332	0.88320832347424	76	12.4077164896025	1371	694	68	79.4956422543928	41.07095705916	0.0362573539872629	69	6235000
20211119 053355	binary	custom	TRUE	TRUE	FALSE	-100	999983	-1	0	0	0	31	534	TRUE	0.0218220567875499	0.683713735867402	0.874625490596749	87	12.1046598521341	1882	369	67	61.5881516867672	67.9835619210323	0.0379561982710284	70	6131250
20211119 053516	binary	custom	TRUE	TRUE	FALSE	-100	999983	-1	0	0	0	31	232	TRUE	0.0795582212168608	0.831194053748684	0.889443413693066	22	14.9076671331021	1144	923	69	94.5695900051024	79.8701436307068	0.0409605583590671	71	6082500
20211119 053620	binary	custom	TRUE	TRUE	FALSE	-100	999983	-1	0	0	0	31	196	TRUE	0.0825286253114852	0.732262642118823	0.877426023696904	83	12.1146090809412	1601	757	76	87.2416307113807	63.8135859277549	0.0393119262216197	72	6028750
20211119 053651	binary	custom	TRUE	TRUE	FALSE	-100	999983	-1	0	0	0	31	116	TRUE	0.0990766210297962	0.912858012214416	0.597631908717555	38	7.62012553309097	5106	738	3	75.5192657427717	8.87804201165236	0.036809687596763	73	6202500
20211119 055628	binary	custom	TRUE	TRUE	FALSE	-100	999983	-1	0	0	0	31	143	TRUE	0.0449093801233345	0.604275067495363	0.873568671546943	86	5.11685948862016	518	654	54	80.3776315659669	93.9481309290333	0.0406258107169458	74	6482500
20211119 055742	binary	custom	TRUE	TRUE	FALSE	-100	999983	-1	0	0	0	31	170	TRUE	0.0432540927056844	0.589874752562248	0.873955402144556	84	10.8809842996531	2675	851	47	86.6546176729879	97.6845505463082	0.0489275522415539	75	5492500
20211119 055942	binary	custom	TRUE	TRUE	FALSE	-100	999983	-1	0	0	0	31	346	TRUE	0.0446543504491276	0.636488052446661	0.875229074102183	29	14.0046691852172	672	364	81	87.7670939038263	43.7830876662198	0.0365000460278008	76	6098750
20211119 060138	binary	custom	TRUE	TRUE	FALSE	-100	999983	-1	0	0	0	31	236	TRUE	0.0385234474355404	0.685987065337819	0.940844186965878	53	4.97832203640821	311	662	55	75.9011288533355	79.0318434655872	0.0374708141899526	77	6353750
20211119 060250	binary	custom	TRUE	TRUE	FALSE	-100	999983	-1	0	0	0	31	276	TRUE	0.0855938097314545	0.622515159473472	0.911660797877776	83	4.98457523248508	3377	535	54	85.9750948104891	80.3135402832019	0.0402743256927184	78	6035000
20211119 060417	binary	custom	TRUE	TRUE	FALSE	-100	999983	-1	0	0	0	31	141	TRUE	0.0353534606497536	0.574199172679834	0.863706069890556	96	5.39156661344714	106	716	56	72.7588219364627	78.2949644665104	0.0429941502849539	79	6278750
20211119 060448	binary	custom	TRUE	TRUE	FALSE	-100	999983	-1	0	0	0	31	147	TRUE	0.0724981909727563	0.974566626948991	0.632074102692739	28	7.9537829794873	4925	762	12	68.9009796017615	31.5327953526606	0.0439314436828936	80	5838750
20211119 060715	binary	custom	TRUE	TRUE	FALSE	-100	999983	-1	0	0	0	31	347	TRUE	0.0434040286199441	0.638462329398689	0.851155225283931	52	4.97460953312893	213	647	59	84.5241950612943	77.3455906842986	0.0381905216205133	81	6296250
20211119 060855	binary	custom	TRUE	TRUE	FALSE	-100	999983	-1	0	0	0	31	298	TRUE	0.0493085622854814	0.697014602654584	0.855356451469858	87	5.10059019178996	1355	295	42	75.6006050648541	92.5096397355572	0.0338639083460956	82	6342500
20211119 060952	binary	custom	TRUE	TRUE	FALSE	-100	999983	-1	0	0	0	31	128	TRUE	0.0944924330969932	0.570877006929053	0.893880886222844	35	14.092231700369	3335	758	75	85.0778817354249	95.8867509369933	0.043789175934992	83	5860000
20211119 061124	binary	custom	TRUE	TRUE	FALSE	-100	999983	-1	0	0	0	31	249	TRUE	0.0457082521467426	0.628330363541443	0.959504937659241	86	4.86547650149657	1089	365	51	70.3587951023256	75.4421253607059	0.038617324864218	84	6282500
20211119 062853	binary	custom	TRUE	TRUE	FALSE	-100	999983	-1	0	0	0	31	123	TRUE	0.046544210807614	0.677688945406173	0.903984885855931	53	13.1232104428116	461	854	67	74.6066100443713	52.5621196430817	0.0357133890688157	85	6566250
20211119 063030	binary	custom	TRUE	TRUE	FALSE	-100	999983	-1	0	0	0	31	306	TRUE	0.0550262244018027	0.690644364368908	0.964069731821182	50	13.0648436968697	1845	580	66	73.7757155724703	71.8918755399381	0.043002518976007	86	6277500
20211119 063205	binary	custom	TRUE	TRUE	FALSE	-100	999983	-1	0	0	0	31	266	TRUE	0.0330322791332505	0.672693867849711	0.879368486872092	59	13.2704315685161	1028	742	67	72.489590381259	25.4156204415475	0.0506933460537437	87	5628750
20211119 063308	binary	custom	TRUE	TRUE	FALSE	-100	999983	-1	0	0	0	31	137	TRUE	0.0509755215326227	0.675521341630837	0.900863887267951	76	7.93366850247928	227	473	70	71.3549246441438	74.7461574971675	0.0369937987999297	88	6225000
20211119 063525	binary	custom	TRUE	TRUE	FALSE	-100	999983	-1	0	0	0	31	258	TRUE	0.051846872225275	0.682725642691284	0.897188664563604	33	13.2455830253089	102	991	69	56.7433916328102	54.1771559451666	0.0398056789937486	89	6155000
20211119 063659	binary	custom	TRUE	TRUE	FALSE	-100	999983	-1	0	0	0	31	198	TRUE	0.0424226552072261	0.68481495900276	0.882210801162288	98	5.42416879619892	118	670	62	71.0953395496618	95.1618688236608	0.034474822792967	90	6201250
20211119 063820	binary	custom	TRUE	TRUE	FALSE	-100	999983	-1	0	0	0	31	140	TRUE	0.0515304456244898	0.57653516872389	0.865385899833305	61	5.01212727617394	547	818	71	70.763614273219	89.6248772681304	0.0410693513427565	91	6116250
20211119 063944	binary	custom	TRUE	TRUE	FALSE	-100	999983	-1	0	0	0	31	183	TRUE	0.0484422501725715	0.662914402678181	0.932196256673091	92	12.8442129229345	679	630	70	80.7721916125158	40.1705537415334	0.0344580854108609	92	6053750
20211119 064140	binary	custom	TRUE	TRUE	FALSE	-100	999983	-1	0	0	0	31	228	TRUE	0.0465818808451819	0.73028047311194	0.93113447572979	39	12.7951058903599	292	698	32	76.0151568912184	76.9056892199783	0.040943820976961	93	6285000
20211119 064214	binary	custom	TRUE	TRUE	FALSE	-100	999983	-1	0	0	0	31	202	TRUE	0.093471736567921	0.99899501982865	0.566611196987165	34	7.48258824317781	5595	878	47	70.7608095598943	26.5762282907235	0.0351610554593156	94	6098750
20211119 064410	binary	custom	TRUE	TRUE	FALSE	-100	999983	-1	0	0	0	31	286	TRUE	0.0399471608499656	0.588697236915022	0.842395106698717	63	5.10750733802139	1030	536	21	76.8253543900179	97.4745925362945	0.036550258174119	95	5991250
20211119 064502	binary	custom	TRUE	TRUE	FALSE	-100	999983	-1	0	0	0	31	153	TRUE	0.0518158701403836	0.682692572506634	0.870243434595825	52	13.0459315683012	2021	871	75	85.6168655234396	53.5216003042647	0.0463416267061669	96	5628750
20211119 064606	binary	custom	TRUE	TRUE	FALSE	-100	999983	-1	0	0	0	31	177	TRUE	0.0552653432635735	0.596851079606108	0.87003517843465	68	3.46476542978411	2967	427	71	81.680581440154	85.0439553441982	0.0488857087862887	97	5448750
20211119 064736	binary	custom	TRUE	TRUE	FALSE	-100	999983	-1	0	0	0	31	321	TRUE	0.0481111614067543	0.783269116995993	0.884854279688328	56	13.7605807552178	1896	817	67	70.0527874480089	55.0235605482169	0.0461575155030002	98	5856250
20211119 064842	binary	custom	TRUE	TRUE	FALSE	-100	999983	-1	0	0	0	31	164	TRUE	0.0822351166793974	0.597564007478508	0.917152666317493	52	12.043980932623	1763	832	39	72.5326184458722	57.3634681820183	0.0329768270944742	99	5675000
20211119 065016	binary	custom	TRUE	TRUE	FALSE	-100	999983	-1	0	0	0	31	390	TRUE	0.0323488831286948	0.819982643668214	0.903075215640896	75	12.8019910101137	3499	545	60	93.5533286690291	66.0806818840222	0.0459399295356213	100	5738750
20211119 065139	binary	custom	TRUE	TRUE	FALSE	-100	999983	-1	0	0	0	31	278	TRUE	0.0258369464670988	0.646159936148903	0.865383800440875	79	5.16672960613563	2322	517	78	76.2562161418955	96.9594269269538	0.0438728628455223	101	5797500
20211119 065257	binary	custom	TRUE	TRUE	FALSE	-100	999983	-1	0	0	0	31	196	TRUE	0.0415964661128431	0.584382677771746	0.861639317106356	80	11.7488376078245	2714	635	38	80.4822703674128	68.6267011923627	0.0449440553003105	102	5687500
20211119 065409	binary	custom	TRUE	TRUE	FALSE	-100	999983	-1	0	0	0	31	254	TRUE	0.0477951955805696	0.630402088575819	0.87286500295648	79	5.62776163591967	2186	697	28	94.3683390626902	57.6296814182974	0.042483660130719	103	5855000
20211119 065725	binary	custom	TRUE	TRUE	FALSE	-100	999983	-1	0	0	0	31	464	TRUE	0.0230705431852353	0.573661775916297	0.894474275147399	77	4.11922604234252	788	655	72	48.0367900303532	45.3381697872654	0.0423246550007113	104	6228750
20211119 065823	binary	custom	TRUE	TRUE	FALSE	-100	999983	-1	0	0	0	31	110	TRUE	0.0876769010117719	0.463551307427458	0.954709701045881	73	13.6182679783062	872	601	63	92.6412893395618	68.9811178760556	0.0486513854368038	105	5883750
20211119 070031	binary	custom	TRUE	TRUE	FALSE	-100	999983	-1	0	0	0	31	286	TRUE	0.033368409962439	0.924944303574163	0.934166320341339	33	14.4723565928448	611	854	74	71.8804416512152	61.623793333272	0.0378055618320738	106	6003750
20211119 070258	binary	custom	TRUE	TRUE	FALSE	-100	999983	-1	0	0	0	31	311	TRUE	0.0380768257739583	0.55119215433211	0.897659503062154	64	11.5677719885468	627	708	51	62.2783162682163	90.3193326607722	0.0366172077025432	107	6231250
20211119 070512	binary	custom	TRUE	TRUE	FALSE	-100	999983	-1	0	0	0	31	294	TRUE	0.039912054375381	0.652238057105515	0.925249183159569	73	7.29048072393066	504	655	38	88.097166947341	89.1153352976021	0.0398809972132259	108	6543750
20211119 070744	binary	custom	TRUE	TRUE	FALSE	-100	999983	-1	0	0	0	31	335	TRUE	0.0298532619721086	0.595975182611015	0.894305635000099	73	7.10389293665894	615	659	35	91.0089380178648	90.5852028670075	0.0461658841940532	109	6355000
20211119 070913	binary	custom	TRUE	TRUE	FALSE	-100	999983	-1	0	0	0	31	151	TRUE	0.052431972160364	0.699433044421902	0.924278427893261	59	10.951735860384	445	843	64	23.885914093272	84.0902226026238	0.0399730528148092	110	6280000
20211119 071103	binary	custom	TRUE	TRUE	FALSE	-100	999983	-1	0	0	0	31	337	TRUE	0.0568947918742905	0.695240928618012	0.912541610298809	68	8.71331087810349	1246	362	49	32.4658212086755	93.1683604909903	0.0443331408534391	111	6478750
20211119 071310	binary	custom	TRUE	TRUE	FALSE	-100	999983	-1	0	0	0	31	249	TRUE	0.0548619237438018	0.60470386858867	0.89355231473221	73	10.8303889102318	469	725	81	69.8777707946361	61.2351455773386	0.0453792272350682	112	6072500
20211119 071454	binary	custom	TRUE	TRUE	FALSE	-100	999983	-1	0	0	0	31	310	TRUE	0.0418824299210213	0.718201569782756	0.920201706718622	42	6.74137958963205	1257	340	41	77.8586979170613	80.0717580950035	0.0414124676759308	113	6165000
20211119 071610	binary	custom	TRUE	TRUE	FALSE	-100	999983	-1	0	0	0	31	132	TRUE	0.0435633284395434	0.614151931806406	0.916236538454429	75	6.34476744546305	541	609	42	88.461954776239	80.1059281654122	0.0393788757500439	114	6018750
20211119 071819	binary	custom	TRUE	TRUE	FALSE	-100	999983	-1	0	0	0	31	247	TRUE	0.0457696483274487	0.678306218183917	0.888435572055489	33	11.9866877369409	160	859	62	28.7964357496009	56.7744927233994	0.032173432753383	115	6295000
20211119 072004	binary	custom	TRUE	TRUE	FALSE	-100	999983	-1	0	0	0	31	179	TRUE	0.03797857901385	0.702618043616998	0.906398088305296	66	2.31444471185154	351	855	46	70.0588643856081	54.7109950272487	0.0416467910254157	116	6080000
20211119 072156	binary	custom	TRUE	TRUE	FALSE	-100	999983	-1	0	0	0	31	224	TRUE	0.0622346334136345	0.565549886421941	0.833998155746632	61	2.71392303096574	526	686	46	58.8829911934539	49.3341251999602	0.0387428552300135	117	6163750
20211119 072326	binary	custom	TRUE	TRUE	FALSE	-100	999983	-1	0	0	0	31	151	TRUE	0.0733614940061032	0.648030765648872	0.901758870756259	85	12.7392845935044	174	850	82	74.7857827243232	32.1648122037303	0.0338471709639895	118	6295000
20211119 072537	binary	custom	TRUE	TRUE	FALSE	-100	999983	-1	0	0	0	31	305	TRUE	0.0484703912118266	0.664741523447335	0.924847059154937	40	11.8790488436285	580	664	52	26.7591900534195	86.6730502577747	0.0325583925418225	119	6187500
20211119 072655	binary	custom	TRUE	TRUE	FALSE	-100	999983	-1	0	0	0	31	195	TRUE	0.0498111651027179	0.686983853255692	0.889742408940014	77	7.45724991919624	693	365	89	34.9868249843921	78.7088179166248	0.0465257379093336	120	6201250
20211119 072909	binary	custom	TRUE	TRUE	FALSE	-100	999983	-1	0	0	0	31	285	TRUE	0.0384111639810495	0.632028999051467	0.915949132149185	54	14.6927661336956	477	852	71	37.6191242333175	75.5492659691531	0.0409019775216958	121	6391250
20211119 073016	binary	custom	TRUE	TRUE	FALSE	-100	999983	-1	0	0	0	31	133	TRUE	0.0760303250725579	0.558013442602706	0.937574703426933	39	11.730762978169	1376	360	61	35.7542347702624	97.3187866588497	0.0443749843087043	122	6072500
20211119 073125	binary	custom	TRUE	TRUE	FALSE	-100	999983	-1	0	0	0	31	195	TRUE	0.055015730677181	0.704837892751153	0.892691800789555	84	7.03601018317979	1253	364	13	84.2195183774298	66.6940829106383	0.044048605357636	123	5821250
20211119 073212	binary	custom	TRUE	TRUE	FALSE	-100	999983	-1	0	0	0	31	94	TRUE	0.0787217491312844	0.686888054596017	0.878583432214998	71	3.09789916558625	928	359	55	43.3424232496465	36.8943351583467	0.0396885173190061	124	5822500
20211119 073350	binary	custom	TRUE	TRUE	FALSE	-100	999983	-1	0	0	0	31	168	TRUE	0.0440979530453967	0.605695812384374	0.946288671659393	48	5.67532828480442	479	689	43	86.9576132796396	73.755626463699	0.0452955403245378	125	5985000
20211119 073657	binary	custom	TRUE	TRUE	FALSE	-100	999983	-1	0	0	0	31	389	TRUE	0.02550733946838	0.686655917029436	0.892046109074807	88	12.6141735584568	393	848	61	71.8744382956488	57.4846821725845	0.0364330964993765	126	6258750
20211119 073846	binary	custom	TRUE	TRUE	FALSE	-100	999983	-1	0	0	0	31	230	TRUE	0.044531863830171	0.708670228676513	0.916118771268188	79	7.85316044390725	450	653	58	77.649783239158	73.4440990383249	0.0440904488129012	127	5965000
20211119 074007	binary	custom	TRUE	TRUE	FALSE	-100	999983	-1	0	0	0	31	283	TRUE	0.0470719764033925	0.664909348122612	0.931749261288295	85	5.23823484719325	2224	627	75	62.247854329423	96.0098326381169	0.0425673470412493	128	6092500
20211119 074055	binary	custom	TRUE	TRUE	FALSE	-100	999983	-1	0	0	0	31	96	TRUE	0.0850791817963242	0.675247951913907	0.904790080865579	75	13.7578563448547	713	345	46	19.8406157189203	50.4915615665511	0.0402826943837714	129	6183750
20211119 074149	binary	custom	TRUE	TRUE	FALSE	-100	999983	-1	0	0	0	31	134	TRUE	0.0503127734676043	0.668829367432152	0.905385439146261	51	9.1549567958853	1296	741	67	33.8277838638388	85.6893263335115	0.0412701999280293	130	5936250
20211119 074441	binary	custom	TRUE	TRUE	FALSE	-100	999983	-1	0	0	0	31	433	TRUE	0.0305351393823015	0.648430253591968	0.93911450280745	43	5.1675762021258	648	406	10	85.8631497645004	73.6621865397179	0.0422911802364992	131	6183750
20211119 074649	binary	custom	TRUE	TRUE	FALSE	-100	999983	-1	0	0	0	31	349	TRUE	0.0330568882758936	0.677822303556408	0.93294931189506	67	10.5683517419547	176	330	28	51.3263935427736	92.1483514146293	0.0524424024838275	132	6317500
20211119 074819	binary	custom	TRUE	TRUE	FALSE	-100	999983	-1	0	0	0	31	189	TRUE	0.0807703835909781	0.558094473803368	0.876585941472449	66	10.2960388641617	219	386	14	61.0572263007977	46.5702078109109	0.046893960315667	133	5796250
20211119 075018	binary	custom	TRUE	TRUE	FALSE	-100	999983	-1	0	0	0	31	206	TRUE	0.0461899383845089	0.652762358121129	0.928318650343643	65	13.3177963239445	214	786	88	78.7618959211276	65.781515637631	0.0431364180328555	134	6107500
20211119 075223	binary	custom	TRUE	TRUE	FALSE	-100	999983	-1	0	0	0	31	288	TRUE	0.0399536994702501	0.655423502723967	0.873432135278828	92	3.89311583476715	91	581	58	72.5067110105534	89.1545651262471	0.0377218749215435	135	6166250
20211119 075334	binary	custom	TRUE	TRUE	FALSE	-100	999983	-1	0	0	0	31	163	TRUE	0.0794766858331127	0.690307186576123	0.924885081125009	59	6.87743311477363	1209	464	33	83.4825649912081	94.7894795237638	0.0423832358380826	136	6170000
20211119 075858	binary	custom	TRUE	TRUE	FALSE	-100	999983	-1	0	0	0	31	671	TRUE	0.0223472643265966	0.677989336778604	0.946818042874463	63	11.6165023639289	449	792	88	51.9818423365519	67.3199562066459	0.0364916773367478	137	6250000
20211119 080058	binary	custom	TRUE	TRUE	FALSE	-100	999983	-1	0	0	0	31	203	TRUE	0.0352379833837566	0.635832955498528	0.918098070351324	62	14.1033540392614	195	737	65	60.0077791834573	90.8773303659237	0.0483668499410007	138	5926250
20211119 080338	binary	custom	TRUE	TRUE	FALSE	-100	999983	-1	0	0	0	31	353	TRUE	0.0329969381464933	0.69391544424366	0.915862784048742	69	14.1930464846903	642	785	55	57.5757053809043	88.8237157108835	0.0349685755650959	139	6027500
20211119 080456	binary	custom	TRUE	TRUE	FALSE	-100	999983	-1	0	0	0	31	194	TRUE	0.0607529201101094	0.696957304409312	0.918689593396404	60	5.91494607864886	247	374	40	11.6759456986164	94.1293024372335	0.0390273907258166	140	6221250
20211119 080605	binary	custom	TRUE	TRUE	FALSE	-100	999983	-1	0	0	0	31	122	TRUE	0.0404481173502945	0.48863433211321	0.908605071772625	63	8.87512692490214	28	370	59	76.3760344547399	51.6574789850187	0.0483166377946825	141	6183750
20211119 080826	binary	custom	TRUE	TRUE	FALSE	-100	999983	-1	0	0	0	31	247	TRUE	0.0440715687366268	0.676697041038978	0.930164785804218	75	12.1310976261592	189	841	84	48.8997720929959	56.910135183363	0.0464169449256442	142	6017500
20211119 081017	binary	custom	TRUE	TRUE	FALSE	-100	999983	-1	0	0	0	31	222	TRUE	0.0460269756300439	0.615294316798496	0.903197562795439	51	13.8541071885334	28	677	62	9.40432647111587	53.6816788736478	0.0325751299239286	143	6235000
20211119 081134	binary	custom	TRUE	TRUE	FALSE	-100	999983	-1	0	0	0	31	134	TRUE	0.0896766326070575	0.450335999606434	0.882133528462412	94	12.4901304019339	628	645	51	29.7917410998019	51.9402837390439	0.0500908002979254	144	5718750
20211119 081436	binary	custom	TRUE	TRUE	FALSE	-100	999983	-1	0	0	0	31	362	TRUE	0.0267399649480335	0.670883802300438	0.943501236704105	45	4.09141762892941	464	650	40	97.2725553252159	94.2547758917872	0.0353786414266945	145	6516250
20211119 081556	binary	custom	TRUE	TRUE	FALSE	-100	999983	-1	0	0	0	31	127	TRUE	0.0457463749683554	0.663186190264502	0.930691863032602	40	4.41365530582689	285	655	20	74.1946423831016	88.5172098724551	0.0374624454988995	146	6455000
20211119 081757	binary	custom	TRUE	TRUE	FALSE	-100	999983	-1	0	0	0	31	214	TRUE	0.0625879934861092	0.586808659097682	0.87359590400149	42	12.1792498592998	255	666	52	39.2995712129128	87.2070436031126	0.0406007046437867	147	6336250
20211119 081950	binary	custom	TRUE	TRUE	FALSE	-100	999983	-1	0	0	0	31	215	TRUE	0.0642435771099828	0.659114341598495	0.90462627310616	27	12.5827384349665	523	887	49	5.74210336182171	81.0500117120923	0.0442494539429088	148	5741250
20211119 082218	binary	custom	TRUE	TRUE	FALSE	-100	999983	-1	0	0	0	31	420	TRUE	0.039030784871651	0.656274266012281	0.908420354341744	70	6.35443887300081	1334	312	56	91.5529945538094	80.6710638357409	0.0434042161465525	149	6217500
20211119 082528	binary	custom	TRUE	TRUE	FALSE	-100	999983	-1	0	0	0	31	476	TRUE	0.0320041145387134	0.660387729227125	0.944286841509904	68	10.7880859468128	861	364	47	70.5786384338463	78.3300084960188	0.0334036303381788	150	6261250
20211119 082808	binary	custom	TRUE	TRUE	FALSE	-100	999983	-1	0	0	0	31	337	TRUE	0.0246690201872964	0.60455023263074	0.886685618629585	74	7.43868597896689	69	659	74	96.6236719362242	78.8379278701111	0.0430443624312721	151	6221250
20211119 083039	binary	custom	TRUE	TRUE	FALSE	-100	999983	-1	0	0	0	31	324	TRUE	0.0297548390003726	0.652028511910872	0.971213566260194	58	6.64013867851386	113	651	54	89.4997949679534	80.6263336425255	0.0359728184914598	152	6377500
20211119 083147	binary	custom	TRUE	TRUE	FALSE	-100	999983	-1	0	0	0	31	149	TRUE	0.0908277748206916	0.691470685983276	0.971888478814187	36	4.68534637126204	1282	363	57	22.5874464794459	99.4211815798899	0.0416886344806809	153	6323750
20211119 083334	binary	custom	TRUE	TRUE	FALSE	-100	999983	-1	0	0	0	31	186	TRUE	0.0543948352761124	0.581269805864309	0.830805428041031	87	12.8351276531914	469	699	69	19.6352824405119	75.406423810409	0.0451197978124242	154	6361250
20211119 083549	binary	custom	TRUE	TRUE	FALSE	-100	999983	-1	0	0	0	31	332	TRUE	0.0417137554858674	0.664442048684417	0.927758328117744	84	14.1681005597945	945	587	67	20.9327291373724	93.5773754978561	0.0395462495711046	155	5943750
20211119 083713	binary	custom	TRUE	TRUE	FALSE	-100	999983	-1	0	0	0	31	242	TRUE	0.0644958085195904	0.690535917208032	0.956382410082024	47	14.3271719967654	2514	595	91	79.4875862253674	49.7130142685403	0.0371276978567782	156	6205000
20211119 083901	binary	custom	TRUE	TRUE	FALSE	-100	999983	-1	0	0	0	31	197	TRUE	0.047715606955749	0.629503826100918	0.93541701647812	79	5.27517316019427	544	654	69	67.3331650771797	95.048283164208	0.0430778371954843	157	6016250
20211119 084008	binary	custom	TRUE	TRUE	FALSE	-100	999983	-1	0	0	0	31	151	TRUE	0.0598146459794024	0.671840367116667	0.89918295863537	68	8.58045142398128	1358	324	43	21.3770069558357	97.6602121837782	0.04532901508875	158	6180000
20211119 084125	binary	custom	TRUE	TRUE	FALSE	-100	999983	-1	0	0	0	31	203	TRUE	0.0650617638721153	0.699999386838795	0.931621841555796	72	12.077541804276	1337	377	62	27.7176928337552	84.331003332384	0.0467767986409246	159	6013750
20211119 084214	binary	custom	TRUE	TRUE	FALSE	-100	999983	-1	0	0	0	31	80	TRUE	0.0922294295918698	0.67341068715986	0.948633269861475	65	5.63343609564482	1150	652	18	98.3325145946102	92.9492091768085	0.0431949988702267	160	6198750
20211119 084309	binary	custom	TRUE	TRUE	FALSE	-100	999983	-1	0	0	0	31	136	TRUE	0.0810212337317872	0.65389636177638	0.945915423974434	37	6.99880844428941	2348	577	35	87.2124555287795	73.8993303247909	0.0379980417262936	161	5975000
20211119 084504	binary	custom	TRUE	TRUE	FALSE	-100	999983	-1	0	0	0	31	217	TRUE	0.0425815343563252	0.606442401267417	0.859388339842419	75	12.5425885421243	439	679	56	2.82342878917722	93.2693422381961	0.047672248583599	162	6080000
20211119 084753	binary	custom	TRUE	TRUE	FALSE	-100	999983	-1	0	0	0	31	374	TRUE	0.0296541117458138	0.650980461862245	0.899528041914935	62	2.47429349732484	43	660	43	99.17814646348	53.3090880840052	0.0511954675169257	163	5953750
20211119 085000	binary	custom	TRUE	TRUE	FALSE	-100	999983	-1	0	0	0	31	319	TRUE	0.0401882721541616	0.682425060522258	0.881138125579613	61	3.21950345408932	900	368	51	63.0930754582791	98.2272597357278	0.0404416995137791	164	6160000
20211119 085149	binary	custom	TRUE	TRUE	FALSE	-100	999983	-1	0	0	0	31	244	TRUE	0.0378858255515704	0.619911694620161	0.910338151784388	71	10.5313328171868	745	363	72	23.1508533628309	85.1282273238422	0.0447599440971438	165	6015000
20211119 085345	binary	custom	TRUE	TRUE	FALSE	-100	999983	-1	0	0	0	31	300	TRUE	0.0370816417830285	0.673664437504097	0.957778693658434	43	5.74369117364156	484	319	22	77.5621149325557	89.5316089870974	0.0396717799369001	166	6325000
20211119 085621	binary	custom	TRUE	TRUE	FALSE	-100	999983	-1	0	0	0	31	354	TRUE	0.0221251623177263	0.677765634992231	0.928919087714811	44	4.09111432286097	766	739	44	88.2292513722544	90.6825063630939	0.0505678156879482	167	6347500
20211119 085707	binary	custom	TRUE	TRUE	FALSE	-100	999983	-1	0	0	0	31	109	TRUE	0.0603695056541063	0.698993640506503	0.876967978452413	34	9.85656721389711	21	179	60	81.2361351015717	91.8566062621932	0.0530365795485928	168	5978750
20211119 085914	binary	custom	TRUE	TRUE	FALSE	-100	999983	-1	0	0	0	31	272	TRUE	0.050245279818523	0.671337024199522	0.847073573438849	75	9.6593464105211	256	578	63	28.5715774979261	77.7883538919472	0.0473542383235838	169	6427500
20211119 090048	binary	custom	TRUE	TRUE	FALSE	-100	999983	-1	0	0	0	31	121	TRUE	0.0372009676584314	0.70013589871584	0.925671815783709	51	13.9658412356156	199	977	66	6.39098415333187	59.3169725124649	0.0425422409680902	170	5996250
20211119 090200	binary	custom	TRUE	TRUE	FALSE	-100	999983	-1	0	0	0	31	175	TRUE	0.0483254410918476	0.710946476384934	0.914558676318328	61	8.68740545450706	169	336	66	98.3985515632118	51.0443868235205	0.05255956415857	171	5900000
20211119 090504	binary	custom	TRUE	TRUE	FALSE	-100	999983	-1	0	0	0	31	563	TRUE	0.0240530293683144	0.660561957441984	0.959108776892301	69	5.60168304486683	1872	452	49	60.3130485141164	92.1696812330484	0.0409187149038019	172	6088750
20211119 090635	binary	custom	TRUE	TRUE	FALSE	-100	999983	-1	0	0	0	31	140	TRUE	0.0818484678946275	0.688360714153048	0.969132654399552	37	11.2969154914531	63	902	56	80.6057241787521	93.6004740659332	0.0483584812499477	173	6027500
20211119 090753	binary	custom	TRUE	TRUE	FALSE	-100	999983	-1	0	0	0	31	115	TRUE	0.0954313078096726	0.631247501742473	0.837525036973572	63	11.6950853882952	20	919	60	76.6336985412789	77.2786593636999	0.0403747499853548	174	5720000
20211119 090930	binary	custom	TRUE	TRUE	FALSE	-100	999983	-1	0	0	0	31	308	TRUE	0.0392433152498002	0.64797612701755	0.882563242188844	56	13.1903948039352	226	273	62	33.5367564478869	69.0214757707743	0.0396885173190061	175	6172500
20211119 091028	binary	custom	TRUE	TRUE	FALSE	-100	999983	-1	0	0	0	31	89	TRUE	0.0584492298647409	0.572724450735928	0.883598622284921	26	13.9800025081438	1298	756	95	23.9659554634502	56.2462658785707	0.0354706970282778	176	5852500
20211119 091228	binary	custom	TRUE	TRUE	FALSE	-100	999983	-1	0	0	0	31	332	TRUE	0.0293484820599151	0.672880892058091	0.905763023593837	62	12.6082452777453	1102	208	66	35.0764247544147	51.8498639491241	0.0430778371954843	177	5816250
20211119 091401	binary	custom	TRUE	TRUE	FALSE	-100	999983	-1	0	0	0	31	192	TRUE	0.0472059006938618	0.527544216453721	0.857170159267577	95	10.2651882766998	96	401	10	56.6146531711996	81.2088474544888	0.0363577782798992	178	6070000
20211119 091645	binary	custom	TRUE	TRUE	FALSE	-100	999983	-1	0	0	0	31	420	TRUE	0.0287541663831861	0.583019195004735	0.886906866382411	89	5.21597585445172	2026	607	55	76.9768517365857	96.4822160889934	0.0392198706200363	179	6242500
20211119 091832	binary	custom	TRUE	TRUE	FALSE	-100	999983	-1	0	0	0	31	366	TRUE	0.0455915315830964	0.700768300827622	0.854051004343799	78	9.57342008878928	2687	409	36	22.8030186499318	90.0093982488001	0.0415547354238324	180	5943750
20211119 091949	binary	custom	TRUE	TRUE	FALSE	-100	999983	-1	0	0	0	31	238	TRUE	0.0562571014191187	0.669607373885224	0.905596030355479	50	14.7317290145932	2495	847	86	47.7805452133447	65.6253660659021	0.0421656498707037	181	6002500
20211119 092054	binary	custom	TRUE	TRUE	FALSE	-100	999983	-1	0	0	0	31	256	TRUE	0.0559215375101113	0.641885287437534	0.835226154718492	89	10.0519864505136	5122	575	72	35.3774868642147	74.6753390930644	0.0424669227486129	182	5607500
20211119 092336	binary	custom	TRUE	TRUE	FALSE	-100	999983	-1	0	0	0	31	348	TRUE	0.0433137921562801	0.671601235745293	0.929375911607724	68	6.7463145079587	576	736	6	83.6200326072075	91.7663561604683	0.0355711213209142	183	6087500
20211119 092535	binary	custom	TRUE	TRUE	FALSE	-100	999983	-1	0	0	0	31	227	TRUE	0.0407636854559428	0.610198890784947	0.855020331106178	86	5.62042185352836	373	621	66	39.891788367409	56.2577354447118	0.0403329065300896	184	6126250
20211119 092851	binary	custom	TRUE	TRUE	FALSE	-100	999983	-1	0	0	0	31	556	TRUE	0.0244210438194944	0.706966024864046	0.958478507809629	40	3.26408937666178	1356	375	35	60.0727852046926	95.5870369578868	0.0491953503552509	185	5952500
20211119 093140	binary	custom	TRUE	TRUE	FALSE	-100	999983	-1	0	0	0	31	338	TRUE	0.0342381060898392	0.680446890304901	0.8849753137429	83	8.3918739711713	417	695	47	40.898440474027	90.8148217787093	0.0366004703204372	186	6083750
20211119 093312	binary	custom	TRUE	TRUE	FALSE	-100	999983	-1	0	0	0	31	160	TRUE	0.0638604178527515	0.746821483892615	0.930485508626312	69	8.43519163257059	518	612	75	92.3582021342852	95.1380448399946	0.0408266593022185	187	6052500
20211119 093423	binary	custom	TRUE	TRUE	FALSE	-100	999983	-1	0	0	0	31	108	TRUE	0.0493490260528329	0.67516540198483	0.913793057136304	48	11.7514563427794	95	691	64	68.3925190689489	62.8400334283267	0.0453875959261212	188	5871250
20211119 093612	binary	custom	TRUE	TRUE	FALSE	-100	999983	-1	0	0	0	31	238	TRUE	0.0582845281116435	0.661681747835663	0.830993763574289	62	7.38417156160336	467	577	70	49.1750548157251	87.2748275813854	0.0457892930966668	189	5811250
20211119 093859	binary	custom	TRUE	TRUE	FALSE	-100	999983	-1	0	0	0	31	532	TRUE	0.0236999578490577	0.690862903664679	0.929528609265934	45	4.12205655709241	1970	657	32	66.2967613473092	91.2981864598212	0.0400902144895517	190	6312500
20211119 094127	binary	custom	TRUE	TRUE	FALSE	-100	999983	-1	0	0	0	31	238	TRUE	0.0245838509528103	0.647664834881696	0.905356728213382	62	7.02355800116299	328	869	69	73.9473080802004	56.2367363429278	0.0418057961554233	191	6306250
20211119 094428	binary	custom	TRUE	TRUE	FALSE	-100	999983	-1	0	0	0	31	352	TRUE	0.026416060398974	0.667475826207001	0.905720484911354	54	10.1948428923434	177	763	69	72.5545745023627	62.6733379344238	0.0444670399102876	192	6208750
20211119 094545	binary	custom	TRUE	TRUE	FALSE	-100	999983	-1	0	0	0	31	189	TRUE	0.0368663267893502	0.67077834054346	0.913724553339217	72	7.98123042969181	1683	636	58	24.3610395314134	77.2427125113202	0.0519319123295925	193	5643750
20211119 094728	binary	custom	TRUE	TRUE	FALSE	-100	999983	-1	0	0	0	31	192	TRUE	0.0718375480260766	0.561928992161897	0.895986855080517	54	13.8085096357016	38	605	67	83.953525007694	44.8877090578325	0.0404584368958851	194	6107500
20211119 094855	binary	custom	TRUE	TRUE	FALSE	-100	999983	-1	0	0	0	31	236	TRUE	0.0925365232557669	0.69743550596413	0.905826968654237	49	9.92155994372091	1454	861	70	58.4244827702566	34.8794910497929	0.0353200605893232	195	6175000
20211119 095113	binary	custom	TRUE	TRUE	FALSE	-100	999983	-1	0	0	0	31	250	TRUE	0.0277863709470145	0.70307201398047	0.933261397134359	44	3.43735675802695	487	665	42	98.3640148549449	93.3261204522165	0.0445842015850301	196	6391250
20211119 095303	binary	custom	TRUE	TRUE	FALSE	-100	999983	-1	0	0	0	31	339	TRUE	0.0218537023358463	0.636059699610951	0.941916546187039	69	7.28006252578874	3670	539	77	87.8600367440624	71.222863815159	0.0431615241060146	197	5753750
20211119 095506	binary	custom	TRUE	TRUE	FALSE	-100	999983	-1	0	0	0	31	219	TRUE	0.027604153659704	0.678125631028789	0.958262952196182	44	2.55843643260395	450	628	46	94.9809227566305	90.2506332402254	0.042492028821772	198	6303750
20211119 095846	binary	custom	TRUE	TRUE	FALSE	-100	999983	-1	0	0	0	31	498	TRUE	0.0244197741022798	0.56518872386937	0.879263219093478	35	2.21187150876206	802	651	59	70.4972071494757	94.7939374226656	0.0384081075878922	199	6063750
20211119 100039	binary	custom	TRUE	TRUE	FALSE	-100	999983	-1	0	0	0	31	212	TRUE	0.0276110784710904	0.665801779760103	0.938860196004187	44	4.48171309919502	678	647	29	78.9581107805622	91.4550567332235	0.0356548082314445	200	6075000
20211119 100236	binary	custom	TRUE	TRUE	FALSE	-100	999983	-1	0	0	0	31	336	TRUE	0.0441263062748392	0.686380668668164	0.954171330690259	52	13.4944376555967	2254	732	75	83.1992209289862	79.6575586800308	0.0450946917392651	201	5865000
20211119 100451	binary	custom	TRUE	TRUE	FALSE	-100	999983	-1	0	0	0	31	219	TRUE	0.0205860782150382	0.676002749182177	0.926242401983665	42	3.36285430750949	361	697	37	79.631613903703	90.1952631405664	0.0415547354238324	202	6143750
20211119 100624	binary	custom	TRUE	TRUE	FALSE	-100	999983	-1	0	0	0	31	275	TRUE	0.0873259451851076	0.718564789202181	0.916371437097359	39	1.43167593554001	1942	656	20	72.1321931474256	93.2321821609969	0.0407848158469534	203	5508750
20211119 100835	binary	custom	TRUE	TRUE	FALSE	-100	999983	-1	0	0	0	31	391	TRUE	0.0308532817692147	0.673816846862888	0.953227930687954	44	4.10549294687392	1835	657	44	90.7967398535046	93.4865910376478	0.0408433966843246	204	6400000
20211119 101203	binary	custom	TRUE	TRUE	FALSE	-100	999983	-1	0	0	0	31	415	TRUE	0.0421332026192523	0.669875833703571	0.911318754115788	99	7.33486029287738	91	851	67	80.2768889977626	57.681805861913	0.0407680784648473	205	6411250
20211119 101357	binary	custom	TRUE	TRUE	FALSE	-100	999983	-1	0	0	0	31	272	TRUE	0.0649020419769069	0.57217240744552	0.910447898180988	48	13.5460521818479	2011	362	45	77.8112809742736	92.4554162166182	0.0370523796373009	206	5966250
20211119 101512	binary	custom	TRUE	TRUE	FALSE	-100	999983	-1	0	0	0	31	198	TRUE	0.0407768523238844	0.631317814271487	0.929928837241525	20	3.53185942913509	2711	656	39	82.8850923663483	91.8356896938325	0.043261948398651	207	5988750
20211119 101739	binary	custom	TRUE	TRUE	FALSE	-100	999983	-1	0	0	0	31	321	TRUE	0.0271288690104616	0.641675169729039	0.937202601210664	35	1.46185990159515	771	664	16	82.8149889347439	77.9451317055215	0.0340647569313684	208	6312500
20211119 101944	binary	custom	TRUE	TRUE	FALSE	-100	999983	-1	0	0	0	31	245	TRUE	0.0297769617628611	0.698095610257166	0.95118619938883	46	3.70983736193409	69	659	39	66.4389906814854	79.7987539027511	0.0379896730352406	209	6426250
20211119 102138	binary	custom	TRUE	TRUE	FALSE	-100	999983	-1	0	0	0	31	325	TRUE	0.0368753128709198	0.689788129465901	0.940717177337196	88	6.1896267941965	2005	687	39	81.0881895828504	59.9324706677796	0.0456553940398182	210	6031250
20211119 102524	binary	custom	TRUE	TRUE	FALSE	-100	999983	-1	0	0	0	31	471	TRUE	0.0236896622862864	0.688296169431533	0.940201529143584	43	11.0408358654081	441	648	39	66.9861562353113	80.6686657131437	0.0444754086013407	211	6207500
20211119 102709	binary	custom	TRUE	TRUE	FALSE	-100	999983	-1	0	0	0	31	248	TRUE	0.0631525457349656	0.53337820127953	0.855903644318579	68	5.83846216851234	2699	702	72	33.5506929515054	84.1702319666826	0.0434376909107646	212	5712500
20211119 102903	binary	custom	TRUE	TRUE	FALSE	-100	999983	-1	0	0	0	31	196	TRUE	0.0382860651039513	0.721799164686434	0.946032180946789	35	2.57109494512769	121	712	50	72.122309070521	89.1368604248764	0.0420652255780673	213	6167500
20211119 102951	binary	custom	TRUE	TRUE	FALSE	-100	999983	-1	0	0	0	31	112	TRUE	0.0807910207901076	0.646770402385271	0.968042569284416	62	7.69131180984152	3301	322	57	73.0842070644107	87.4134191613904	0.0439732871381587	214	5782500
20211119 103151	binary	custom	TRUE	TRUE	FALSE	-100	999983	-1	0	0	0	31	260	TRUE	0.0452609105338099	0.708233229948781	0.863127165302437	79	12.6511038335451	626	549	65	21.3864320947049	98.7361514661118	0.0394374565874152	215	6260000
20211119 103325	binary	custom	TRUE	TRUE	FALSE	-100	999983	-1	0	0	0	31	186	TRUE	0.0443528447926451	0.601057040613039	0.822137560356873	85	13.4002081813489	740	669	62	6.87656050966915	76.6890384682708	0.0407429723916882	216	5815000
20211119 103450	binary	custom	TRUE	TRUE	FALSE	-100	999983	-1	0	0	0	31	215	TRUE	0.0525602706865208	0.680259860422417	0.972204969020306	82	5.25044728807962	1525	593	56	40.7885878723098	97.1335931897471	0.0420735942691204	217	6266250
20211119 103654	binary	custom	TRUE	TRUE	FALSE	-100	999983	-1	0	0	0	31	306	TRUE	0.0284088484641633	0.667407391404042	0.932421067574174	20	8.06530010513849	1302	389	20	81.9570439688594	85.1518406950937	0.0380147791083997	218	6122500
20211119 103803	binary	custom	TRUE	TRUE	FALSE	-100	999983	-1	0	0	0	31	167	TRUE	0.0875222193132703	0.682110298518937	0.936745161472706	56	1.56406541511381	2162	360	45	31.9972722966407	97.6169969877595	0.0391947645468772	219	6146250
20211119 103947	binary	custom	TRUE	TRUE	FALSE	-100	999983	-1	0	0	0	31	245	TRUE	0.0389631220268702	0.632494977963074	0.949718218858097	43	6.06160871460907	1719	314	23	89.1563656110845	67.1593658663525	0.0432117362523328	220	6146250
20211119 104159	binary	custom	TRUE	TRUE	FALSE	-100	999983	-1	0	0	0	31	324	TRUE	0.0404186939289362	0.678303189485533	0.915563072007567	94	11.0252452664078	565	356	47	39.4636772673717	66.0670095737837	0.0428853573012645	221	5845000
20211119 104340	binary	custom	TRUE	TRUE	FALSE	-100	999983	-1	0	0	0	31	339	TRUE	0.0504381101704373	0.71420626500716	0.907629674892769	61	7.39208627140719	3220	370	52	32.2711279139035	86.1192557387379	0.0453792272350682	222	5872500
20211119 104429	binary	custom	TRUE	TRUE	FALSE	-100	999983	-1	0	0	0	31	53	TRUE	0.0527986145392095	0.622136617550382	0.881579922383837	87	5.09225907133346	168	678	64	49.2182227663152	81.4412156897259	0.0461658841940532	223	5805000
20211119 104609	binary	custom	TRUE	TRUE	FALSE	-100	999983	-1	0	0	0	31	275	TRUE	0.0619223636479205	0.69821387069161	0.862719218735976	75	10.8293649092442	1349	577	55	58.7574246126384	86.3343571009314	0.0444754086013407	224	5957500
20211119 104705	binary	custom	TRUE	TRUE	FALSE	-100	999983	-1	0	0	0	31	90	TRUE	0.0836424896343931	0.586278691949484	0.845695649528383	56	5.41811736276175	1497	704	56	24.8500073448789	15.4404217561154	0.0441908731055376	225	5750000
20211119 104819	binary	custom	TRUE	TRUE	FALSE	-100	999983	-1	0	0	0	31	240	TRUE	0.0527578464843348	0.670976280616943	0.854419097012867	86	12.0469266751421	3891	602	54	34.8360959777935	43.0413545627759	0.0422158620170219	226	6145000
20211119 105049	binary	custom	TRUE	TRUE	FALSE	-100	999983	-1	0	0	0	31	360	TRUE	0.0288008272445038	0.569569992413826	0.940113472660787	77	9.58761379299003	1904	663	31	72.0048349558689	80.2151236395789	0.0388934916689681	227	6241250
20211119 105232	binary	custom	TRUE	TRUE	FALSE	-100	999983	-1	0	0	0	31	245	TRUE	0.033170650943287	0.698624680872271	0.922265763221787	76	10.8288653581294	1183	859	65	79.667645490296	74.8742579809334	0.0428602512281054	228	6098750
20211119 105418	binary	custom	TRUE	TRUE	FALSE	-100	999983	-1	0	0	0	31	370	TRUE	0.0359066050705803	0.681994836666491	0.851010493020992	89	12.0584519466996	2673	583	62	14.9027326251803	50.0027738235572	0.0504255479400467	229	5868750
20211119 105628	binary	custom	TRUE	TRUE	FALSE	-100	999983	-1	0	0	0	31	314	TRUE	0.0404297374651986	0.35249108681227	0.938437731176918	96	7.65020348743485	567	656	21	75.0185510289681	82.5380799405938	0.0421740185617568	230	6101250
20211119 105743	binary	custom	TRUE	TRUE	FALSE	-100	999983	-1	0	0	0	31	240	TRUE	0.0457809889182934	0.624763317479349	0.899065204131948	47	6.85435897767213	4149	813	60	70.1423448678678	69.6724268789334	0.0464002075435381	231	5620000
20211119 105938	binary	custom	TRUE	TRUE	FALSE	-100	999983	-1	0	0	0	31	197	TRUE	0.0380312810521584	0.658229751290246	0.945744657127536	67	7.87695471095882	557	656	37	94.0783871266208	92.8589299225249	0.050509234850577	232	5956250
20211119 110208	binary	custom	TRUE	TRUE	FALSE	-100	999983	-1	0	0	0	31	362	TRUE	0.0304959310225779	0.361569221880993	0.906151541002291	87	7.77169491051937	494	599	49	91.0209672655658	98.4838651850541	0.0324412308670801	233	6155000
20211119 110408	binary	custom	TRUE	TRUE	FALSE	-100	999983	-1	0	0	0	31	232	TRUE	0.0320179358017455	0.659282071246543	0.894752107746024	28	7.82206834690187	256	594	39	45.5458115557296	84.5850922079401	0.039387244441097	234	6117500
20211119 110630	binary	custom	TRUE	TRUE	FALSE	-100	999983	-1	0	0	0	31	276	TRUE	0.0328128830792596	0.681031393924695	0.846840111308988	86	14.1981699609404	461	817	13	50.1426738600276	53.5357025510217	0.0356966516867097	235	5918750
20211119 110814	binary	custom	TRUE	TRUE	FALSE	-100	999983	-1	0	0	0	31	271	TRUE	0.0575983455417564	0.667687170661477	0.922690771262138	66	3.40207691402299	1243	323	54	31.6337230536778	91.3365172952597	0.0465257379093336	236	5901250
20211119 110941	binary	custom	TRUE	TRUE	FALSE	-100	999983	-1	0	0	0	31	191	TRUE	0.04517773255512	0.705199045754245	0.911952017112219	67	4.70773436491208	1179	695	26	78.3949399922229	93.9566472651188	0.0423079176186053	237	5981250
20211119 111123	binary	custom	TRUE	TRUE	FALSE	-100	999983	-1	0	0	0	31	196	TRUE	0.0398573343681514	0.70293600440848	0.922728371736141	46	4.06812010205267	153	611	50	68.8314208573412	73.5110454283597	0.0355878587030203	238	6385000
20211119 111230	binary	custom	TRUE	TRUE	FALSE	-100	999983	-1	0	0	0	31	197	TRUE	0.0537562686988235	0.614349661836425	0.871494226371465	70	8.6901048213749	2908	526	74	49.7249388203528	88.166326675635	0.0421238064154386	239	6008750
20211119 111355	binary	custom	TRUE	TRUE	FALSE	-100	999983	-1	0	0	0	31	178	TRUE	0.0431059627763885	0.6770355120379	0.929240331446878	42	4.81365544719237	202	460	54	73.7773904196388	74.5563349809563	0.0471868645025232	240	5802500
