Feature	Gain	Cover	Frequency
ctrx_quarter	0.13369678187187	0.0192261609922047	0.00380171130553979
Visa_mfinanciacion_limite_dolariza	0.0525740413744582	0.0015321793741135	0.0032234228252605
mcaja_ahorro	0.046785900445159	0.0147431267505397	0.00367320275436661
mdescubierto_preacordado_dolariza	0.0418313836766671	0.00456989334171632	0.00571863052720633
mtarjeta_visa_consumo	0.0319340585923393	0.0176810743413145	0.00174557448676897
foto_mes	0.0245550876568481	0.0150053508759367	0.00776405830004605
mcuenta_corriente_dolariza	0.0228431434417735	0.00183563801604533	0.0037374570299532
mcuentas_saldo	0.0151968451763501	0.00970433143773148	0.00433716360209469
mpayroll	0.0127741959610819	0.0219565704130627	0.00223819059959948
ctarjeta_visa_delta1	0.0116440743690207	0.000566776344470684	3.2127137793294e-05
mprestamos_personales	0.0106997810920345	0.00910969805050304	0.00358753038691783
mcaja_ahorro_dolariza	0.00993196566666647	0.00505338490675125	0.0021525182321507
Visa_Finiciomora	0.00910948492482004	0.00943639722974011	0.00185266494607995
mtarjeta_visa_consumo_dolariza	0.00847406014547779	0.00563886052595214	0.00152068452221592
ctarjeta_visa_transacciones	0.00825717819757571	0.0197358738482346	0.00339476756015807
ctrx_quarter_delta1	0.0081283732242341	0.0107448829363362	0.00810674776984119
cpayroll_trx	0.007144931972112	0.0179481150046439	0.0010709045931098
mprestamos_personales_delta1	0.00668750439246006	0.0125015552560807	0.00461559879630324
Visa_delinquency	0.0062956053828672	0.00247804793308611	0.000471198020968312
ctarjeta_visa	0.0062849332863641	0.00438626210545744	0.000524743250623802
mactivos_margen	0.00616661226690524	0.0052846722842185	0.00504396063354716
mcuentas_saldo_dolariza	0.00543461074526816	0.00869945414898369	0.00439070883175018
mpayroll_dolariza	0.00523713914908822	0.00959314645735919	0.00169202925711348
Master_Finiciomora	0.00495521975548419	0.00563906240401209	0.0010494865012476
mprestamos_personales_dolariza	0.00449129732470329	0.0064539826600205	0.00334122233050258
mcuenta_corriente	0.00418854913769166	0.00284798465104358	0.00421936409685261
cproductos_delta1	0.00417935282514674	0.0107090092618701	0.00225960869146168
Visa_mpagospesos	0.00415734538055873	0.0022848784553815	0.00201330063504642
Visa_status	0.00412063196238674	0.00211806584781897	0.00069608798552137
Visa_status_lag1	0.00392785507444331	0.000969899288459057	0.000342689469795136
Visa_msaldopesos_dolariza	0.00370295811939957	0.0033096256844589	0.00173486544083788
Visa_Finiciomora_lag1	0.00369979793807214	0.00217903089240858	0.00124224932800737
cliente_edad_lag1	0.00359499409996473	0.00659781069802891	0.00671457179879845
ccaja_ahorro	0.003513804339095	0.00902263451697327	0.00234528105891046
mrentabilidad_annual	0.00339553324541266	0.00197666290194845	0.00489403399051179
mdescubierto_preacordado_delta1	0.00337596361671372	0.00583743513964584	0.00131721264952505
Visa_fechaalta	0.00334607502942629	0.00274637212633112	0.004262200280577
mcuentas_saldo_delta1	0.00330573672410906	0.00741606449744498	0.00493687017423618
cliente_edad	0.00321736450347443	0.00573559660236556	0.00665031752321186
mcomisiones_mantenimiento_dolariza	0.00319133546017317	0.00530057905442043	0.00301995095256964
Visa_Finiciomora_delta1	0.00301806683867892	0.00276890850387733	0.000663960847728076
mrentabilidad_annual_lag1	0.00288935366901375	0.00226722647632517	0.00515105109285814
numero_de_cliente	0.00286534047255503	0.00792643225044428	0.00598635667548378
Master_fechaalta	0.00285470907914781	0.00276766302130352	0.00443354501547457
cproductos	0.00283785052954221	0.00720786717152801	0.00337334946829587
Visa_mpagominimo_dolariza	0.00272692152701533	0.0136685463056764	0.00284860621767207
mcuenta_corriente_lag1	0.00266958032802956	0.00198156760181846	0.00408014649974834
mrentabilidad_annual_delta1	0.00266254923334204	0.00268211030796643	0.00508679681727155
mrentabilidad_annual_dolariza	0.00257632197869573	0.00314693837412987	0.00450850833699226
Master_fechaalta_lag1	0.00249801257880934	0.00278140194482792	0.00489403399051179
ccaja_ahorro_delta1	0.00249065347805642	0.00985310179704864	0.00130650360359396
mactivos_margen_dolariza	0.00245909496163056	0.0037445884328744	0.00386596558112638
mcaja_ahorro_lag1	0.0024206848046645	0.00426799719621756	0.00425149123464591
chomebanking_transacciones	0.00240887667426693	0.0020076026311997	0.00404801936195504
Visa_Fvencimiento_lag1	0.00233990652804667	0.00162829874286699	0.00467985307188983
mautoservicio	0.00223841414580041	0.0161201212390472	0.00148855738442262
Visa_mpagominimo_delta1	0.00216880450374553	0.00123524017259592	0.0026558433909123
Master_Fvencimiento	0.00215942905411779	0.00138247273785866	0.00450850833699226
Visa_mpagospesos_lag1	0.00214760877583248	0.00268780690362998	0.00334122233050258
mcuenta_corriente_delta1	0.00214680959444278	0.00262887838560154	0.00412298268347273
mactivos_margen_delta1	0.00207771916791691	0.00150153096256901	0.00449779929106116
ctrx_quarter_lag1	0.00207156060970054	0.00141787522155052	0.00360894847878003
mpasivos_margen	0.00206455341676187	0.00179483877245828	0.00313775045781171
mactivos_margen_lag1	0.00203100493960373	0.00306908016780491	0.00417652791312822
Visa_Fvencimiento	0.00200137148819389	0.00164181790040208	0.00400518317823065
cprestamos_personales_lag1	0.00199597407704585	0.00373547609450873	0.00102806840938541
mcaja_ahorro_delta1	0.00196837365216874	0.00168480898320682	0.00361965752471112
mttarjeta_visa_debitos_automaticos_delta1	0.00193500400133463	0.00176606106920913	0.00346973088167575
Visa_mfinanciacion_limite	0.00192864997583884	0.00146208396126117	0.00300924190663854
cliente_antiguedad_lag1	0.00192664112931504	0.00378355828076487	0.00404801936195504
Visa_mpagominimo_lag1	0.00192212817374145	0.00301143674133671	0.00295569667698305
canarito47	0.00192145628655766	0.000883088315455758	0.00446567215326786
internet	0.0019193524419446	0.000548699456108138	0.00121012219021407
canarito33	0.00187916881754309	0.00118588765941964	0.00439070883175018
canarito101	0.00187666479628833	0.000672022674262249	0.00440141787768128
mcaja_ahorro_dolares_delta1	0.00187565466158059	0.00907647107974415	0.00305207809036293
canarito95	0.00184136319734117	0.00154766620387849	0.00442283596954347
mes	0.00182725201543609	0.00541092017882342	0.00297711476884524
ccallcenter_transacciones_delta1	0.00181771084664985	0.00141165107393847	0.00188479208387325
Master_Fvencimiento_lag1	0.00181473357354885	0.000828103659948714	0.00389809271891967
chomebanking_transacciones_delta1	0.00180835253418912	0.0021078426122528	0.00384454748926418
canarito63	0.00180028880679517	0.00094833908077236	0.00448709024513006
canarito6	0.00179330600082238	0.00075444187667162	0.00416581886719712
Master_mfinanciacion_limite_dolariza	0.00179290516143339	0.000715103338681502	0.00309491427408732
canarito5	0.00178753034254645	0.000688232971392567	0.00411227363754163
Visa_fechaalta_lag1	0.00178661531538879	0.00177204429764556	0.00380171130553979
chomebanking_transacciones_lag1	0.00178218250033588	0.000695845563045632	0.00345902183574465
canarito87	0.00176828948015632	0.000797856733041031	0.00418723695905932
canarito83	0.00176301569797431	0.000554409538702557	0.00401589222416175
canarito88	0.00175249862063218	0.000734684232787448	0.00410156459161053
canarito92	0.00174504203911507	0.000546147302884701	0.00385525653519528
canarito46	0.00174244127648215	0.000669878962092593	0.00406943745381724
canarito2	0.00174043907149781	0.000822221086606869	0.00413369172940383
Visa_mconsumospesos_lag1	0.0017370880593733	0.000484428267875683	0.00191691922166654
mcomisiones	0.00173597784319629	0.000824359545971871	0.00218464536994399
canarito18	0.00173490424966792	0.000540291277501513	0.00405872840788614
canarito53	0.00173260730807922	0.000692766709679849	0.00390880176485077
canarito51	0.00172459722748302	0.000662141864772456	0.00398376508636846
canarito41	0.00172351472461976	0.000748389651936216	0.00400518317823065
canarito99	0.00171753487081685	0.00046368749771503	0.00382312939740199
canarito75	0.00171480244136578	0.000760029015243594	0.00415510982126602
canarito9	0.00171433616380698	0.000906368035844367	0.00396234699450626
mcomisiones_lag1	0.00171287938221529	0.0011603654173468	0.00299853286070744
canarito85	0.0017126147331089	0.000683162027353631	0.00388738367298857
mrentabilidad_delta1	0.00171159536747458	0.00100528828522005	0.0037267479840221
canarito77	0.0017103814875329	0.000825416353481203	0.00408014649974834
canarito40	0.00169935467943397	0.000827266618428695	0.00393021985671297
ccaja_seguridad_lag1	0.0016900548876071	0.00315090949444839	0.000578288480279292
Master_mfinanciacion_limite	0.00168894582181968	0.000824268260745044	0.00231315392111717
canarito82	0.0016880712760876	0.000600386060130859	0.00383383844333308
canarito11	0.00168679140274943	0.000729599943785336	0.00401589222416175
cliente_antiguedad	0.00168330906302215	0.00230657083499071	0.00353398515726234
canarito25	0.00167913474026814	0.000669807552342835	0.00368391180029771
canarito43	0.00167564453019452	0.00056524295141476	0.00384454748926418
canarito106	0.00167546391062088	0.000652827932282228	0.00408014649974834
canarito90	0.00167382813439095	0.000755988188787639	0.00396234699450626
canarito23	0.00166887684044642	0.000820034784129207	0.00369462084622881
canarito44	0.0016673541375698	0.000889240485447284	0.00398376508636846
canarito48	0.00166572581162828	0.00127560087797819	0.0037588751218154
canarito71	0.00166386934200731	0.000626259246341671	0.00388738367298857
mpasivos_margen_dolariza	0.00166190342433667	0.00120497876498351	0.00282718812580987
mcuentas_saldo_lag1	0.00166125368849867	0.00119090792099205	0.00338405851422697
canarito54	0.00165653163591385	0.00067830204730702	0.00393021985671297
canarito108	0.001656206401293	0.000655250752937019	0.00388738367298857
canarito65	0.00165549356751554	0.000515241078009078	0.00380171130553979
canarito91	0.00164479642906016	0.000732921703874449	0.00383383844333308
mrentabilidad_lag1	0.00164358912857086	0.00144905388242969	0.00327696805491599
canarito107	0.00164041110609942	0.00105161944194635	0.00390880176485077
canarito105	0.00164021449748477	0.000604958555598427	0.00382312939740199
canarito12	0.00163950633430522	0.000695245181670435	0.0037267479840221
canarito86	0.00163915218343338	0.000559710896307808	0.00379100225960869
Visa_fultimo_cierre_lag1	0.00163620036118632	0.00232059255816027	0.00246308056415254
canarito103	0.00163562868320303	0.00116922178796135	0.00410156459161053
canarito70	0.00162739915483791	0.00121650341839466	0.00378029321367759
canarito57	0.0016248978670317	0.000811977691628248	0.0037481660758843
canarito69	0.00162421212262513	0.000859040407878407	0.00387667462705748
canarito73	0.00162036345891538	0.000576658005766637	0.00364107561657332
Visa_msaldopesos	0.00161835069540799	0.00317721554015624	0.00190621017573544
canarito60	0.00161317113635848	0.000416058046432999	0.00371603893809101
ccaja_seguridad	0.00160119474592082	0.00701633940822936	0.000953105087867722
canarito26	0.00159844797500005	0.000498729667401155	0.00379100225960869
canarito14	0.00159589500955911	0.000661393553060783	0.00395163794857516
canarito56	0.00158943876301492	0.000727262587681945	0.00352327611133124
mpasivos_margen_delta1	0.00158649279797284	0.00168589915312409	0.00341618565202026
Visa_mpagominimo	0.00158363124290857	0.00735353610461615	0.00252733483973913
canarito64	0.00158304334693814	0.00115035428151451	0.00369462084622881
canarito72	0.00157255968360354	0.000780904370777547	0.0037481660758843
Visa_mpagospesos_delta1	0.00156877097047081	0.00324659713944638	0.00342689469795136
canarito45	0.00156618615241549	0.000589663950090247	0.00381242035147089
canarito93	0.00156414248813399	0.000911606501761461	0.0037374570299532
canarito27	0.00156298337320432	0.000501262229082909	0.00360894847878003
canarito4	0.00156214817128135	0.000870912172299807	0.00371603893809101
canarito98	0.00155947181584498	0.0011266558983982	0.00385525653519528
canarito3	0.00155225039756659	0.000671213032507047	0.00369462084622881
Visa_status_delta1	0.00154672750227751	0.00034480488704136	0.000471198020968312
mttarjeta_visa_debitos_automaticos_lag1	0.00153982694633109	0.00170361700519015	0.00282718812580987
canarito20	0.00153709879328962	0.000618821274951433	0.00368391180029771
canarito52	0.00153701141380298	0.000988482433616105	0.00380171130553979
canarito15	0.00153373603102276	0.000525892488138401	0.00353398515726234
canarito96	0.00153176064377832	0.000479326658814983	0.00353398515726234
canarito102	0.00152879759476362	0.000902263039991016	0.00345902183574465
canarito97	0.0015260961491928	0.00124731438294804	0.00368391180029771
Visa_cconsumos_lag1	0.00152382727193623	0.00139365028025956	0.00222748155366838
canarito55	0.00152169917229235	0.000748295243420135	0.00349114897353795
canarito66	0.00152144443981912	0.000479541881838108	0.00353398515726234
mpayroll_lag1	0.00151936064351357	0.00385902958426147	0.0015849387978025
canarito19	0.00151172946551671	0.000513262048363714	0.00345902183574465
canarito17	0.00150964090742284	0.000512077185994976	0.00350185801946905
canarito74	0.00150931075417912	0.000606854392175486	0.00342689469795136
canarito109	0.00150670162919205	0.00137516111771551	0.0037588751218154
canarito67	0.00150352408644035	0.000760274761320791	0.00350185801946905
canarito21	0.00150257497800069	0.000704211293311944	0.00357682134098673
canarito32	0.00149603379632543	0.000886638075660399	0.00350185801946905
canarito59	0.00149513974069727	0.000546491290605699	0.00357682134098673
canarito37	0.00149240677040949	0.00115002193514436	0.00365178466250442
canarito31	0.00149233845392127	0.000759547602795428	0.00350185801946905
canarito79	0.00149039209966448	0.000990497523055582	0.00364107561657332
canarito81	0.00148895676042936	0.000929500535734966	0.00354469420319344
mpasivos_margen_lag1	0.00148520695051381	0.00111866837006698	0.00315916854967391
canarito89	0.00147929293424294	0.000563221899332162	0.00359823943284893
Visa_fultimo_cierre	0.0014783934767151	0.00184719574792902	0.00315916854967391
canarito24	0.00147444921296242	0.000655939864120563	0.00337334946829587
canarito28	0.00147417937247037	0.000929716042693479	0.00358753038691783
mrentabilidad_dolariza	0.00147025132654314	0.00102173339691517	0.00301995095256964
canarito35	0.00146827345015635	0.000881089410333324	0.00349114897353795
ccomisiones_mantenimiento_delta1	0.00146436207509626	0.00248466731875646	0.00142430310883603
canarito34	0.0014588397119129	0.000832661106840786	0.00360894847878003
canarito50	0.00145779017373423	0.00109246780635529	0.00351256706540014
canarito61	0.00145604253678936	0.000740404537055788	0.00343760374388246
canarito38	0.00145372842424146	0.00127501540321079	0.00342689469795136
mpayroll_delta1	0.00145016468996375	0.00732777691846311	0.00219535441587509
canarito8	0.00144272129629304	0.000841216222010033	0.0032341318711916
canarito16	0.001437490710068	0.000635250912167984	0.00352327611133124
canarito62	0.00143220362750676	0.000594581001149586	0.00342689469795136
canarito80	0.00142662916178017	0.00131967616805709	0.00353398515726234
canarito30	0.00142471449360209	0.00162464563018159	0.00337334946829587
mcaja_ahorro_dolares	0.00142201614106752	0.00223092661484361	0.00194904635945984
canarito49	0.00142068268803092	0.000816379541928404	0.00340547660608916
mcomisiones_mantenimiento_lag1	0.00142067506102068	0.00241559975200402	0.00279506098801658
Visa_mlimitecompra_dolariza	0.00141966590062744	0.00113894575767653	0.00290215144732756
cmobile_app_trx	0.0014084411365918	0.00161156572068974	0.00280577003394768
canarito13	0.0014075819795639	0.000788578008538755	0.00341618565202026
canarito36	0.00140483814904864	0.000598044019093587	0.00333051328457148
canarito94	0.00140305227325073	0.00087946501598596	0.00326625900898489
mrentabilidad	0.00140145803813063	0.000836000896826955	0.00290215144732756
canarito1	0.00140094086500799	0.000606163009508848	0.00329838614677818
canarito104	0.00139771936120535	0.000718924825051224	0.00331980423864038
canarito29	0.0013958830005238	0.001107896429366	0.00345902183574465
canarito76	0.00139103761404828	0.000765312626887175	0.00340547660608916
cprestamos_personales_delta1	0.00138646889408699	0.00165841619523833	0.000439070883175018
canarito58	0.00138367643095276	0.000439556113133987	0.0031912956874672
Master_mfinanciacion_limite_lag1	0.00137775991907215	0.000700573087234343	0.00263442529905011
canarito10	0.00137506759011653	0.00045429136593035	0.00340547660608916
canarito22	0.00137125972570531	0.000469732198162686	0.00311633236594952
canarito68	0.00135693297679743	0.00071612649984751	0.00329838614677818
canarito42	0.00134424241593147	0.00059022103131897	0.00327696805491599
cproductos_lag1	0.00133439228144233	0.00129747029130101	0.00174557448676897
mcomisiones_otras	0.00132078349383196	0.00144211293993389	0.00284860621767207
ctarjeta_visa_transacciones_delta1	0.00130946380608222	0.00493765227525773	0.00259158911532572
canarito100	0.00128965530056084	0.000563661431310789	0.00314845950374281
canarito78	0.0012875208177503	0.000810804328642672	0.00293427858512085
Visa_mfinanciacion_limite_lag1	0.00128451486106319	0.00135287985611427	0.00284860621767207
Master_status	0.00127285610620766	0.00164493040011118	0.000760342261107958
canarito39	0.00126144823151581	0.000393002776967584	0.00299853286070744
Visa_msaldototal_lag1	0.00126007438404021	0.0014603635967531	0.00175628353270007
tpaquete3	0.00125128487771177	0.00193197374356348	0.00085672367448784
Master_fultimo_cierre_lag1	0.00124833412501174	0.0010760454094911	0.00289144240139646
mcaja_ahorro_dolares_lag1	0.00122697056148203	0.00349933171831643	0.00239882628856595
mtransferencias_recibidas	0.00121908530082442	0.00572609910564783	0.00170273830304458
mcomisiones_mantenimiento_delta1	0.00120252176381967	0.00159966542076198	0.00186337399201105
Visa_msaldopesos_lag1	0.00120044467502111	0.00097512923631455	0.00186337399201105
mcomisiones_otras_lag1	0.00119539352160098	0.00105559553113413	0.00250591674787693
ccallcenter_transacciones	0.00118699321996234	0.00224212261304464	0.00154210261407811
mdescubierto_preacordado	0.00117250294256758	0.00226912046732221	0.00127437646580066
mcomisiones_dolariza	0.00116991957692965	0.000937297543421699	0.00221677250773729
mcuenta_debitos_automaticos	0.00116917694296866	0.00628063556346824	0.0015849387978025
cmobile_app_trx_delta1	0.00116550096171027	0.000810742856631449	0.00248449865601474
canarito84	0.00114539338690851	0.000659292857102214	0.00277364289615438
Visa_mlimitecompra_lag1	0.00114310100063624	0.000721711650871777	0.00217393632401289
mpagomiscuentas	0.00113678109231654	0.00595532922927068	0.00143501215476713
ctarjeta_master	0.00113581072697313	0.000565058109478012	0.000224889964553058
mtransferencias_recibidas_dolariza	0.00112123456244534	0.00300280922264386	0.00154210261407811
mcomisiones_otras_dolariza	0.00110557251615875	0.00285858182951404	0.00237740819670376
canarito7	0.00110543833238842	0.000550948508306263	0.0026772614827745
mcomisiones_delta1	0.00110470531206269	0.000540294826693847	0.00233457201297936
Master_mpagominimo_lag1	0.00108678519927137	0.00128844668274369	0.00111374077683419
ccomisiones_otras	0.00108309328669355	0.00117944147433518	0.00238811724263485
cmobile_app_trx_lag1	0.00107247940911988	0.000840206831710281	0.00234528105891046
mtarjeta_master_consumo	0.00106769888974234	0.00353539364194392	0.00101735936345431
Visa_mlimitecompra	0.00106409231392143	0.000607723234458817	0.0021418091862196
mcomisiones_mantenimiento	0.00106235419990646	0.00151911650074486	0.00182053780828666
cprestamos_personales	0.00101965504679719	0.0040785802085837	0.00144572120069823
Visa_msaldopesos_delta1	0.00101766551259025	0.000865477507030496	0.00220606346180619
Visa_mpagospesos_dolariza	0.00100571783548877	0.00104323057094602	0.00185266494607995
mttarjeta_visa_debitos_automaticos_dolariza	0.0009861582514776	0.00122418855553903	0.00206684586470191
Visa_cconsumos_delta1	0.000954597331440816	0.00263981117569909	0.0021632272780818
mcaja_ahorro_dolares_dolariza	0.000945741913851915	0.00183392205253575	0.00183124685421776
Master_mlimitecompra_dolariza	0.000936184750203993	0.000829404651890616	0.00200259158911533
Master_fultimo_cierre	0.000930602775173935	0.000681052955301154	0.0021311001402885
ccomisiones_otras_lag1	0.000904847270264993	0.00081194901415419	0.00202400968097752
Visa_mconsumospesos	0.000903615785724632	0.000896318710702562	0.00186337399201105
ctarjeta_visa_debitos_automaticos_delta1	0.000901956838239207	0.00114170461586149	0.00152068452221592
mtransferencias_emitidas	0.000889324758232558	0.00110389251451032	0.0015956478437336
Master_mlimitecompra	0.000888517342219959	0.000869476027113831	0.00194904635945984
mtransferencias_emitidas_lag1	0.000876451450178525	0.00148560744017927	0.00186337399201105
mprestamos_personales_lag1	0.00087581505966822	0.00214256095363039	0.00172415639490678
thomebanking	0.000867337942239923	0.00145982142213218	0.0010709045931098
mcomisiones_otras_delta1	0.000849120489390526	0.000554105159968004	0.00189550112980435
mcuenta_debitos_automaticos_dolariza	0.000846939988571018	0.00222548740660812	0.00145643024662933
cplazo_fijo	0.000846511440233777	0.0142480367088931	0.000792469398901252
ctarjeta_visa_debitos_automaticos_lag1	0.000827148639295496	0.000587919735009691	0.00174557448676897
Visa_msaldototal_dolariza	0.000824547755722105	0.000826686964336727	0.00137075787918054
mtransferencias_emitidas_delta1	0.000824433030431983	0.000958408849262008	0.00168132021118239
Visa_msaldototal	0.000824392812553134	0.000955210175163034	0.00152068452221592
Master_mlimitecompra_lag1	0.000823491666709323	0.000904069436921261	0.0016277749815269
Visa_mconsumospesos_delta1	0.000805682577589108	0.000627113040049507	0.00187408303794215
ctarjeta_visa_transacciones_lag1	0.000798044473163618	0.00142403420599133	0.0016063568896647
Visa_mconsumosdolares_lag1	0.000795331388689803	0.000504812131255243	0.00149926643035372
Visa_mconsumospesos_dolariza	0.000792578472117824	0.000860288729806075	0.00153139356814701
mautoservicio_dolariza	0.00079174053868653	0.00272780303597572	0.000953105087867722
mtarjeta_master_consumo_dolariza	0.000776560307898285	0.00110202436163346	0.000663960847728076
mttarjeta_visa_debitos_automaticos	0.0007737907418016	0.00112746397850877	0.00150997547628482
mtransferencias_recibidas_lag1	0.000769381703838319	0.00328819338966392	0.00173486544083788
mpagomiscuentas_dolariza	0.000768544345359294	0.00656523479111175	0.001092322684972
Visa_msaldototal_delta1	0.000750216134810809	0.000914571497037174	0.00174557448676897
tmobile_app_delta1	0.000742607180271312	0.00081147796534764	0.0010601955471787
mtarjeta_visa_consumo_delta1	0.000740932543670763	0.00111672128315262	0.00149926643035372
mtransferencias_emitidas_dolariza	0.000723661339698087	0.00157022600609409	0.00132792169545615
ccomisiones_otras_delta1	0.000706004513492693	0.000833211373620229	0.00155281166000921
mtarjeta_visa_consumo_lag1	0.00070320939338697	0.000738021041452056	0.00153139356814701
tpaquete3_delta1	0.000702004098763204	0.0066079159584419	0.000685378939590272
Visa_cconsumos	0.000693591764841687	0.000837984327470814	0.00142430310883603
ccomisiones_mantenimiento	0.000663011754281389	0.00127950087248234	0.000888850812281134
Master_mpagominimo_dolariza	0.000656915381615377	0.00405405344397667	0.000942396041936624
ctarjeta_master_transacciones	0.000649334459556045	0.00307926265864308	0.000878141766350036
Visa_mconsumosdolares_delta1	0.000645620315921671	0.000824164340393508	0.00133863074138725
Master_msaldopesos	0.000640478349793167	0.00134300444139682	0.00103877745531651
Master_mpagospesos_lag1	0.000638377569274721	0.000774725368891978	0.00142430310883603
ctransferencias_emitidas_delta1	0.000630053483735653	0.00246533472614619	0.00133863074138725
ctarjeta_debito_transacciones	0.000618601700217155	0.00122840442816089	0.000995941271592114
mautoservicio_lag1	0.000608541566028774	0.00422622774541413	0.00124224932800737
Master_msaldototal	0.000593334993986667	0.00300607703500949	0.000942396041936624
ctarjeta_debito_transacciones_delta1	0.000590823040621853	0.000751280398108304	0.00137075787918054
Master_mpagominimo	0.000587146338409535	0.00165833967465162	0.00100665031752321
Visa_mconsumosdolares_dolariza	0.000569872886043651	0.00131475003106537	0.00116728600648968
mautoservicio_delta1	0.000557957063496769	0.000322318482123218	0.00127437646580066
Master_mpagospesos	0.000549714378328792	0.000881644929917421	0.00103877745531651
Visa_mfinanciacion_limite_delta1	0.000547503079405229	0.00291445534474918	0.00113515886869639
mtransferencias_recibidas_delta1	0.000533576896638498	0.000687576370810802	0.00138146692511164
Visa_mpagado_delta1	0.000530194774519349	0.00160366805790842	0.00132792169545615
tmobile_app	0.000527018157576614	0.000528316586502432	0.00100665031752321
tcallcenter	0.000504663873032592	0.00104773776127465	0.000599706572141488
ctarjeta_visa_debitos_automaticos	0.000491877766773259	0.000467120276540346	0.0010816136390409
internet_lag1	0.000491021650395629	0.000285734259351875	0.000824596536694546
ccaja_ahorro_lag1	0.000491017158298082	0.000824803904852071	0.000792469398901252
Master_msaldopesos_dolariza	0.000488319173597147	0.00131175678421868	0.000824596536694546
mextraccion_autoservicio_delta1	0.000482429264091855	0.000822940436909097	0.00110303173090309
Master_msaldototal_dolariza	0.000481889460388743	0.00161513123930834	0.000878141766350036
matm_delta1	0.000481056990944222	0.000349220650175465	0.0010709045931098
mcuenta_debitos_automaticos_lag1	0.000478577419712533	0.000635576728024233	0.0010494865012476
cpagomiscuentas_delta1	0.000477126728152382	0.00170212818998994	0.000985232225661016
Master_msaldopesos_lag1	0.000476839586059553	0.00121540316877116	0.000995941271592114
tpaquete4	0.00047380688875634	0.0036794231321092	0.000674669893659174
mextraccion_autoservicio_lag1	0.000472264023260837	0.000326919655064843	0.00100665031752321
ccajas_consultas_delta1	0.00046257294278471	0.0015379455339468	0.0010601955471787
Visa_mconsumototal_lag1	0.000460908479896646	0.000512695313331842	0.0010494865012476
ctransferencias_recibidas	0.000453260168936593	0.00133088948631671	0.000974523179729918
Master_mfinanciacion_limite_delta1	0.000448634962340201	0.000549572983325349	0.000985232225661016
ctransferencias_emitidas	0.000447309381105102	0.00199728910418056	0.00100665031752321
Master_mpagospesos_dolariza	0.000445365135545583	0.000595189048780225	0.000846014628556742
ctransferencias_recibidas_lag1	0.000444175101894757	0.00080299511173431	0.000878141766350036
Visa_mconsumototal_delta1	0.00043973007816051	0.000336985164523691	0.00103877745531651
Master_msaldototal_lag1	0.000435244437993607	0.00145112561697882	0.000878141766350036
Visa_mconsumototal	0.000433139404671584	0.000622997254651461	0.000974523179729918
mpagomiscuentas_delta1	0.000422784097005662	0.00112189430196308	0.000888850812281134
mprestamos_prendarios	0.0004182736058366	0.00435340822579669	0.000439070883175018
Visa_mconsumosdolares	0.000417049814920747	0.000963367354887807	0.000931686996005526
mpagomiscuentas_lag1	0.000412872177136826	0.00222368938577178	0.000942396041936624
Master_Finiciomora_lag1	0.000404569201691412	0.00102131232073668	0.000567579434348194
mcuenta_debitos_automaticos_delta1	0.000404516033804972	0.00126750772568312	0.00096381413379882
Master_status_lag1	0.000404255814870734	0.00073425648412737	0.000396234699450626
mtarjeta_master_consumo_lag1	0.000401933138832408	0.00221596875670407	0.000674669893659174
Master_fultimo_cierre_delta1	0.0003957620873689	0.000132711825651043	0.000835305582625644
matm_lag1	0.000394669656231159	0.000404502160129314	0.000813887490763448
cextraccion_autoservicio	0.000393815670378288	0.000546698563437997	0.000578288480279292
mextraccion_autoservicio	0.000389069163404892	0.000977605294854349	0.00074963321517686
Master_mconsumospesos	0.000388346865712602	0.000582365674910269	0.000653251801796978
ctarjeta_debito_transacciones_lag1	0.000386603629998248	0.000866018829845257	0.00091026890414333
ccajas_consultas	0.000385845930864998	0.00246976667359734	0.000888850812281134
cpayroll_trx_lag1	0.000383709476789543	0.00106835572938055	0.000460488975037214
Master_mpagospesos_delta1	0.000383359877515368	0.000418979031723771	0.000867432720418938
thomebanking_lag1	0.000381674040825226	0.0003592907026005	0.000674669893659174
ctarjeta_debito	0.000377456191144806	0.00123710449234505	0.000888850812281134
mprestamos_prendarios_dolariza	0.000374217757132095	0.00193366429485595	0.000364107561657332
mplazo_fijo_dolares	0.000366848611206358	0.00145774244723069	0.000396234699450626
cextraccion_autoservicio_lag1	0.000356112971482992	0.000415654716216178	0.000760342261107958
ccuenta_debitos_automaticos_lag1	0.000353718355431331	0.00109160790803664	0.000835305582625644
ctarjeta_debito_lag1	0.000351105712499534	0.00102177570328779	0.000771051307039056
matm_other_delta1	0.000346374207317837	0.000480063897046573	0.000781760352970154
ctransferencias_recibidas_delta1	0.000344595027708962	0.000806208124570314	0.000813887490763448
tcuentas_lag1	0.000342242035873279	0.000210356370597509	0.000224889964553058
Master_msaldototal_delta1	0.000340766946837716	0.000537919281280943	0.000813887490763448
mdescubierto_preacordado_lag1	0.000339502825833545	0.000254077877184566	0.000439070883175018
cextraccion_autoservicio_delta1	0.000333313647043381	0.000668758127153558	0.000835305582625644
Master_status_delta1	0.000331342407022135	0.000335945251169868	0.000396234699450626
ctransferencias_emitidas_lag1	0.000330487477574934	0.00114012877446525	0.000738924169245762
Master_msaldopesos_delta1	0.000329063722269868	0.000687594542675551	0.000835305582625644
catm_trx_delta1	0.000326686015085838	0.000565825728795981	0.00080317844483235
Visa_msaldodolares	0.000319596082053211	0.000338590961103226	0.00042836183724392
tmobile_app_lag1	0.00031686095149061	0.000391572168521649	0.000653251801796978
mcheques_emitidos_rechazados_dolariza	0.000315103389990021	0.000975372001070187	0.000342689469795136
Visa_fultimo_cierre_delta1	0.000314465248106552	0.000586032984365007	0.000728215123314664
Visa_mlimitecompra_delta1	0.000313370004456237	0.000521763925647953	0.000599706572141488
Master_mpagominimo_delta1	0.000312814828055771	0.00110296262611885	0.000728215123314664
ccuenta_debitos_automaticos_delta1	0.000312069930179807	0.00522171983388962	0.00085672367448784
ctarjeta_master_transacciones_lag1	0.000311968098145802	0.000450876333066703	0.000685378939590272
Master_cconsumos_lag1	0.000311850342714941	0.000754394743397426	0.000813887490763448
ccuenta_debitos_automaticos	0.000311285235776404	0.00111454818367044	0.000621124664003684
cpagomiscuentas	0.000307228502240956	0.000503125271122802	0.000717506077383566
Visa_mpagado	0.000306854097398139	0.00125565413312647	0.000717506077383566
matm_dolariza	0.000306342523916087	0.00051820181425399	0.000728215123314664
Master_mconsumospesos_lag1	0.000305232380659065	0.00117630853127823	0.000760342261107958
Master_mconsumospesos_delta1	0.000304097118487649	0.00102884541048147	0.000728215123314664
Visa_madelantodolares_lag1	0.000298624818674834	1.39016185009845e-05	2.1418091862196e-05
mplazo_fijo_dolares_dolariza	0.000297858043994399	0.00129730830616289	0.000449779929106116
mplazo_fijo_dolares_delta1	0.000295126660646022	0.00260757442960135	0.000674669893659174
tcallcenter_delta1	0.000291558014212836	0.000245293768125938	0.000546161342485998
ccheques_emitidos_rechazados_lag1	0.00028651298688002	0.00116745358034061	0.00026772614827745
Visa_mpagosdolares_lag1	0.000284547528556798	0.000705286414653719	0.000556870388417096
Visa_mconsumototal_dolariza	0.000282632339105906	0.000450814719087787	0.000631833709934782
ccomisiones_mantenimiento_lag1	0.000280102298188975	0.000268033727344412	0.000524743250623802
matm_other_lag1	0.000273427205344492	0.000654905203571394	0.000610415618072586
mextraccion_autoservicio_dolariza	0.000267543881597299	0.000477588832280628	0.000610415618072586
catm_trx_other_lag1	0.000265485075019735	0.000670552456829868	0.000610415618072586
Visa_mpagado_dolariza	0.000264237263031417	0.000627388457374615	0.000631833709934782
Master_mconsumospesos_dolariza	0.000254388625261383	0.000200511620901829	0.000578288480279292
Visa_mpagado_lag1	0.000237538280043568	0.000293285095058331	0.000546161342485998
cpagomiscuentas_lag1	0.000237049021694333	0.000433878967044426	0.000567579434348194
Visa_msaldodolares_delta1	0.000235641931435744	0.000406513984311843	0.000599706572141488
Master_cconsumos_delta1	0.000233873847144508	0.000386295513295042	0.000524743250623802
tpaquete4_lag1	0.000230693219279128	0.00156380267780826	0.000439070883175018
mtarjeta_master_consumo_delta1	0.000228922835017133	0.000853348213213351	0.000621124664003684
mcheques_depositados	0.000225560194337478	0.00299995368445972	0.000460488975037214
cinversion1	0.000224729007217603	0.00796345344977577	0.000385525653519528
ccallcenter_transacciones_lag1	0.000221995114516242	0.000311054339429377	0.000546161342485998
mttarjeta_master_debitos_automaticos_lag1	0.000216672840057943	0.000395929724901478	0.0005354522965549
cliente_vip_delta1	0.000216056400359019	0.000336195682180945	0.000342689469795136
Master_Fvencimiento_delta1	0.000214228922819364	0.000133336483501804	0.000439070883175018
cliente_vip_lag1	0.000212341419034066	0.000471936530537404	0.000203471872690862
matm_other	0.000210808984653749	0.000361351221701849	0.000460488975037214
ccajas_otras_delta1	0.000204099841247441	0.00073456583173119	0.000524743250623802
Visa_msaldodolares_dolariza	0.000203280605244518	0.000385563527868105	0.000492616112830508
ccajas_consultas_lag1	0.000203074942263432	0.00086712135095185	0.0005354522965549
catm_trx_other_delta1	0.000202852567670555	0.000554263595913788	0.000524743250623802
Visa_msaldodolares_lag1	0.000201216563302934	0.000277907296481844	0.00048190706689941
internet_delta1	0.000201194332731432	0.000142709758487854	0.000439070883175018
mcheques_emitidos_rechazados_lag1	0.000198862397471631	0.0018422975785729	0.000353398515726234
mttarjeta_master_debitos_automaticos_delta1	0.000197110987442924	0.00122443799277625	0.0005354522965549
mcheques_emitidos_rechazados	0.000191549336716862	0.000543475896798845	0.000331980423864038
ctarjeta_master_transacciones_delta1	0.000190893369372846	0.00179282794204961	0.000449779929106116
matm	0.000190839027814157	0.000256239051380505	0.00042836183724392
mforex_buy_delta1	0.000190286985841328	0.00130313934523205	0.00048190706689941
Master_cconsumos	0.000189326724200755	0.000661542193235726	0.00042836183724392
Master_delinquency	0.000188979260948632	0.000206206370985365	0.00016063568896647
mplazo_fijo_dolares_lag1	0.000187406205446791	0.000739700519264443	0.00042836183724392
mforex_sell_dolariza	0.000185713551142095	0.00120811142410508	0.000460488975037214
mprestamos_prendarios_delta1	0.000183752677885361	0.00190309666292898	0.000342689469795136
cseguro_vida_lag1	0.000180369894474092	0.00071176553624304	0.000471198020968312
Master_mlimitecompra_delta1	0.000179022673626586	0.00154336770605909	0.000460488975037214
catm_trx_lag1	0.000178491479332471	0.000319524983821078	0.000396234699450626
cpayroll_trx_delta1	0.00017575409617285	0.000698866493592527	0.00037481660758843
thomebanking_delta1	0.000172633815013012	0.000186412809274774	0.000364107561657332
ccajas_transacciones_lag1	0.000172458487878237	0.000260290099510381	0.000364107561657332
Visa_mpagosdolares_delta1	0.000171869838778546	0.000499240893064925	0.000439070883175018
active_quarter_lag1	0.000170649547213634	3.76445794730093e-05	0.000192762826759764
cseguro_accidentes_personales_lag1	0.000169200273955311	0.000603642657048723	0.000364107561657332
mcaja_ahorro_adicional	0.000169178267156008	0.000308625982034545	0.000310562332001842
mprestamos_hipotecarios_dolariza	0.000168991423675555	0.00311675717826421	0.000203471872690862
ccajas_transacciones_delta1	0.000168384626553513	0.000288448539681123	0.000364107561657332
Visa_Fvencimiento_delta1	0.000167837583399382	9.82748642416896e-05	0.000396234699450626
mcheques_emitidos	0.000164095304614796	0.00478002980435682	0.000310562332001842
ccheques_emitidos	0.00016339063157014	0.00281382197121779	0.000310562332001842
Visa_mpagosdolares	0.000162926582355593	0.000214897491204846	0.000396234699450626
mforex_sell_lag1	0.000161685216914491	0.000299256114273135	0.000353398515726234
Master_Finiciomora_delta1	0.000161537249973173	0.000432579394779457	0.00021418091862196
mcaja_ahorro_adicional_dolariza	0.000156315514391331	0.00048303457103002	0.000331980423864038
ccajas_transacciones	0.000155669486801437	0.000130843246871109	0.00032127137793294
mforex_sell_delta1	0.000154827427489382	0.000451144368071757	0.000417652791312822
Visa_mpagosdolares_dolariza	0.000153163237040736	0.000251070717503927	0.000353398515726234
mforex_buy_lag1	0.000150019946795568	0.000758032807507333	0.00032127137793294
matm_other_dolariza	0.000148149561906864	0.000165010895566168	0.00032127137793294
Visa_delinquency_delta1	0.000145462768887896	0.000279185715560503	0.00026772614827745
ccheques_depositados	0.000144580744895882	0.00133871872066983	0.000128508551173176
cforex_buy_delta1	0.00014349625686278	0.00121488683227043	0.00037481660758843
ccajas_extracciones_lag1	0.000143252038610882	0.00141618538009652	0.00037481660758843
Master_mconsumototal_lag1	0.000142302350206712	0.00036088741324766	0.00037481660758843
mcaja_ahorro_adicional_delta1	0.000141638307337947	0.000553673862115593	0.000364107561657332
catm_trx_other	0.00013810009715753	0.000295127835718074	0.000310562332001842
ccaja_seguridad_delta1	0.000136231088694208	0.00317238196610059	0.00026772614827745
cforex_lag1	0.000134340823165462	0.000515746482997421	0.000289144240139646
catm_trx	0.000130541700583349	0.000171609270017908	0.000299853286070744
mcheques_depositados_lag1	0.000128795317829918	0.00209246935664251	0.00032127137793294
minversion2	0.000125104846674901	0.00288194687248636	0.000289144240139646
Master_mpagosdolares_lag1	0.000123391445744687	0.000375793737114515	0.000257017102346352
mcheques_depositados_dolariza	0.000122758164924197	0.00125845245833018	0.000257017102346352
Visa_delinquency_lag1	0.000121840358722777	0.000247268822675889	0.00021418091862196
ccajas_extracciones_delta1	0.000121836861312056	0.00134776078502728	0.000310562332001842
ctarjeta_debito_delta1	0.000121644522477918	0.00358677643510286	0.000289144240139646
Master_mconsumototal_delta1	0.000121598126125775	0.000112548580066957	0.000310562332001842
mcaja_ahorro_adicional_lag1	0.000120716887276678	0.000429313002090753	0.000289144240139646
minversion2_dolariza	0.000120677518568054	0.00264928723529513	0.000246308056415254
tpaquete3_lag1	0.000118869447122628	0.000239005025213406	0.000182053780828666
Master_mpagado_delta1	0.000117114460295809	0.000754695998842725	0.00032127137793294
ccajas_depositos	0.000116772852470122	0.000622154392456014	0.00032127137793294
ccajas_otras	0.000116064608771389	0.000430593124781732	0.00032127137793294
mforex_sell	0.000114060236559771	0.000451932430737568	0.000278435194208548
Master_mconsumosdolares_delta1	0.000113404041078057	0.000273473787386071	0.000203471872690862
ccajas_otras_lag1	0.00011323359457016	0.000163391470088071	0.000246308056415254
Master_fechaalta_delta1	0.000111752057370531	0.000100879403543975	0.000278435194208548
ccajas_depositos_delta1	0.000111293292995649	0.000232221098986452	0.000278435194208548
ccajas_depositos_lag1	0.000110219136803074	0.00250618223874898	0.00026772614827745
mcheques_depositados_rechazados_lag1	0.000110192314535994	0.000803151134229307	0.000246308056415254
mcheques_emitidos_rechazados_delta1	0.000109200776688481	0.00054811469117921	0.000246308056415254
mprestamos_prendarios_lag1	0.000106798734762864	0.000793054107942535	0.000149926643035372
Master_mpagado	0.000106675864100024	0.000550470503082738	0.00026772614827745
minversion2_delta1	0.000106665802435324	0.0011757535795649	0.000235599010484156
mttarjeta_master_debitos_automaticos_dolariza	0.000106142695307286	0.000177639915663921	0.000224889964553058
mprestamos_hipotecarios_lag1	0.00010488016512296	0.000742414089755224	0.000149926643035372
mcheques_emitidos_lag1	0.000104110076221041	0.000534280365364876	0.000224889964553058
cseguro_vida	0.000103600894061838	0.000179076202817591	0.000246308056415254
Master_mpagosdolares_delta1	0.000103311090632018	0.000303352308129498	0.000235599010484156
Master_mpagado_lag1	0.000103124764382247	0.000244198487371707	0.00026772614827745
ccheques_emitidos_lag1	0.000102228618488928	0.0007808135114538	0.000235599010484156
mttarjeta_master_debitos_automaticos	0.000101631943663504	0.000300561649181225	0.000235599010484156
mforex_buy_dolariza	0.000100717457019178	0.000520160684486898	0.000246308056415254
mcajeros_propios_descuentos_delta1	9.9261836326614e-05	0.000682758413201424	0.00026772614827745
ctarjeta_master_debitos_automaticos_lag1	9.83970056063474e-05	0.000292187542821006	0.000224889964553058
Master_mconsumototal	9.69206719187703e-05	9.68808834606399e-05	0.000246308056415254
ctarjeta_master_debitos_automaticos_delta1	9.68813683692468e-05	0.000364400971690495	0.000224889964553058
Master_mpagosdolares_dolariza	9.39416461511312e-05	0.000149073176407091	0.00021418091862196
mtarjeta_visa_descuentos_delta1	9.39133787424948e-05	0.000622069069872308	0.000203471872690862
ccheques_emitidos_rechazados	9.32448963238455e-05	0.000419232160121023	0.000203471872690862
cpagodeservicios_lag1	9.3219408120649e-05	0.000323339797709212	0.00021418091862196
mtarjeta_visa_descuentos	9.21014913666729e-05	0.00461036620157634	0.000246308056415254
Master_mconsumosdolares_lag1	8.85087692114548e-05	0.000218596175519816	0.000224889964553058
mprestamos_hipotecarios	8.84568938358229e-05	0.00161863400820648	0.000139217597104274
mforex_buy	8.78545871944772e-05	0.000841510663006051	0.000192762826759764
tcallcenter_lag1	8.66488468048499e-05	4.72256951621306e-05	0.000182053780828666
Master_mconsumototal_dolariza	8.524924159697e-05	0.000111204713881661	0.000192762826759764
mpagodeservicios_lag1	8.47010357651776e-05	0.000186409544017827	0.00021418091862196
minversion2_lag1	8.2174317639042e-05	0.000747668172118588	0.00021418091862196
mtarjeta_visa_descuentos_dolariza	8.05158346749522e-05	0.00248570581243335	0.000235599010484156
cseguro_vivienda_lag1	8.04568744192708e-05	0.000147396821883959	0.000192762826759764
mcheques_emitidos_delta1	7.99823163189965e-05	0.00115888753365898	0.00021418091862196
cseguro_accidentes_personales	7.80225688757173e-05	0.000139964387233761	0.000203471872690862
mcajeros_propios_descuentos_lag1	7.60894483838989e-05	0.000265982720078517	0.000182053780828666
active_quarter	7.46120359332353e-05	0.000141970390740862	0.000171344734897568
ccheques_emitidos_rechazados_delta1	7.3861521278065e-05	0.00160104137164597	0.000171344734897568
Master_msaldodolares_delta1	7.37496461731482e-05	0.00012227407690022	0.000171344734897568
cseguro_vivienda	7.26424666042818e-05	0.000329711449754663	0.000192762826759764
cforex_buy	7.08059856290041e-05	0.000371635787311543	0.00016063568896647
ctarjeta_visa_descuentos_delta1	7.07289418633329e-05	0.00019092723995576	0.000203471872690862
Master_delinquency_delta1	7.0557866400339e-05	0.000160406031464516	0.000128508551173176
cforex	6.78745294007023e-05	0.000124719612385948	0.000149926643035372
mcajeros_propios_descuentos	6.65974427054823e-05	0.00020089592744774	0.000128508551173176
cinversion2_delta1	6.6537379110577e-05	0.00213067115931193	0.000192762826759764
ctarjeta_master_debitos_automaticos	6.57976836148697e-05	0.000145052651331286	0.000171344734897568
Visa_fechaalta_delta1	6.55809767320108e-05	4.32931900562057e-05	0.000171344734897568
mpagodeservicios	6.55436075832018e-05	0.00115763353302358	0.000171344734897568
cliente_edad_delta1	6.53227987489781e-05	3.41324407071077e-05	0.00016063568896647
ccajas_extracciones	6.5248730151106e-05	0.000461517237586717	0.000171344734897568
cplazo_fijo_lag1	6.32527144729652e-05	0.00056129710134566	0.00010709045931098
mtarjeta_visa_descuentos_lag1	6.32096879619861e-05	0.000306689968600267	0.000182053780828666
mcajeros_propios_descuentos_dolariza	6.2832804486358e-05	0.000417574687301107	0.000171344734897568
cforex_sell_delta1	6.22297621777395e-05	6.0360404183613e-05	0.000149926643035372
mcheques_depositados_delta1	5.99488185227329e-05	0.000519713912155911	0.000171344734897568
Master_msaldodolares_lag1	5.96390002542253e-05	0.000443246137419662	0.000139217597104274
cforex_delta1	5.9108115425421e-05	0.000133127932960266	0.000149926643035372
Master_mpagado_dolariza	5.83297259330733e-05	0.000332978978184915	0.000149926643035372
ctarjeta_master_descuentos_delta1	5.82534312545394e-05	0.000118699046446162	0.000149926643035372
Master_mpagosdolares	5.74430015930844e-05	0.000141058532246445	0.000128508551173176
cplazo_fijo_delta1	5.58286688515221e-05	0.000197498782513455	0.000149926643035372
ccheques_depositados_lag1	5.55538036711517e-05	0.00048908154296077	0.000139217597104274
cprestamos_hipotecarios	5.4214461739294e-05	0.000943612834292889	0.00010709045931098
mcheques_emitidos_dolariza	5.29874817462342e-05	0.00106890755780462	0.000117799505242078
Master_mconsumosdolares_dolariza	5.28772610034129e-05	0.000140414850724775	0.000139217597104274
minversion1_pesos	5.21061733725388e-05	0.000919189848069695	0.000117799505242078
cpagodeservicios	4.98624408999838e-05	8.72732198128614e-05	0.00010709045931098
ccajeros_propios_descuentos	4.7948793925088e-05	0.000815449795504624	0.000139217597104274
cinversion2_lag1	4.72916273625747e-05	0.00232867264942756	0.000139217597104274
ctarjeta_master_lag1	4.71836532344248e-05	0.000155589919435151	9.6381413379882e-05
mcheques_depositados_rechazados	4.71547846805312e-05	0.000401477822357779	0.00010709045931098
mpagodeservicios_dolariza	4.60288360567878e-05	0.0011518093084037	0.000128508551173176
cseguro_vida_delta1	4.49294109060317e-05	0.000231529432384428	0.000117799505242078
cforex_sell_lag1	4.43514803976623e-05	5.62074232499083e-05	9.6381413379882e-05
mtarjeta_master_descuentos_lag1	4.27352397717443e-05	0.00254305848906555	0.000128508551173176
ccajeros_propios_descuentos_delta1	4.25903880175347e-05	6.20170251973689e-05	9.6381413379882e-05
mprestamos_hipotecarios_delta1	4.22047610959486e-05	0.000673279372283824	0.000117799505242078
mcheques_depositados_rechazados_delta1	4.1211473168752e-05	0.000409076359209202	0.00010709045931098
ctarjeta_visa_descuentos_lag1	4.08201546077515e-05	0.000123649175978053	0.00010709045931098
mtarjeta_master_descuentos_delta1	4.01330816345921e-05	0.000142973392494413	0.000128508551173176
ccheques_emitidos_delta1	3.87457738731806e-05	0.000276019835998693	0.00010709045931098
mplazo_fijo_pesos_delta1	3.8650409567141e-05	0.000398452632780084	0.00010709045931098
cliente_vip	3.8246770923756e-05	2.35494590059824e-05	7.4963321517686e-05
cpagodeservicios_delta1	3.80128117540829e-05	0.000206917061258299	9.6381413379882e-05
minversion1_pesos_lag1	3.79443311554666e-05	0.000336210304853361	0.000117799505242078
mpagodeservicios_delta1	3.75713104989183e-05	0.000133575131194333	9.6381413379882e-05
cforex_buy_lag1	3.56366734007222e-05	0.000206200124406858	0.000117799505242078
Visa_madelantopesos_lag1	3.53560520685766e-05	6.67208407812898e-05	7.4963321517686e-05
ccheques_depositados_delta1	3.49506363440939e-05	8.97586482204219e-05	9.6381413379882e-05
Visa_madelantopesos	3.47690474681893e-05	0.000186808615203847	8.5672367448784e-05
ctarjeta_visa_descuentos	3.41120809101631e-05	0.000251809091477065	9.6381413379882e-05
active_quarter_delta1	3.4003664573224e-05	3.64879686752487e-05	9.6381413379882e-05
ccheques_depositados_rechazados	3.30993615041738e-05	0.000732601282790548	8.5672367448784e-05
cprestamos_prendarios_lag1	3.30174524717104e-05	0.00033968084708511	7.4963321517686e-05
Master_delinquency_lag1	3.23855286743892e-05	3.85572897735866e-05	7.4963321517686e-05
ctarjeta_visa_lag1	3.15464251279189e-05	0.000179289722228396	8.5672367448784e-05
Master_madelantopesos_lag1	3.1481591337069e-05	4.36158826232009e-05	7.4963321517686e-05
Master_mconsumosdolares	3.04527472362567e-05	9.97020654629843e-05	7.4963321517686e-05
ccheques_depositados_rechazados_lag1	3.03398564254481e-05	0.000411030828443616	7.4963321517686e-05
mtarjeta_master_descuentos_dolariza	2.97556071011037e-05	0.000194951740126979	8.5672367448784e-05
cseguro_accidentes_personales_delta1	2.93499735867712e-05	0.000143183220745192	7.4963321517686e-05
Master_msaldodolares	2.88469666671615e-05	0.000393212605218362	7.4963321517686e-05
cseguro_vivienda_delta1	2.75695840881813e-05	0.000389267606955422	8.5672367448784e-05
cforex_sell	2.74893096922294e-05	5.27867116785271e-05	7.4963321517686e-05
mcheques_depositados_rechazados_dolariza	2.74718388071398e-05	0.000143344921947923	6.4254275586588e-05
cprestamos_hipotecarios_lag1	2.73966738225036e-05	0.000222106042802624	3.2127137793294e-05
mtarjeta_master_descuentos	2.68175103034481e-05	0.000317766997874267	7.4963321517686e-05
minversion1_pesos_dolariza	2.57504761784986e-05	0.00018224165647632	6.4254275586588e-05
cseguro_auto	2.37697180779096e-05	6.836198731647e-05	6.4254275586588e-05
cprestamos_prendarios	2.32455216772529e-05	0.000124057049161061	3.2127137793294e-05
ccajeros_propios_descuentos_lag1	2.2450151529084e-05	0.000368197329778493	6.4254275586588e-05
ctarjeta_master_descuentos_lag1	2.10753730705956e-05	8.93767551252978e-05	6.4254275586588e-05
cinversion1_delta1	2.08356815168592e-05	0.000787971096649664	7.4963321517686e-05
Visa_madelantopesos_delta1	1.91067950330816e-05	0.000103294557943325	5.354522965549e-05
Visa_madelantopesos_dolariza	1.87361952877586e-05	0.000659810613279878	4.2836183724392e-05
minversion1_dolares	1.83719670677581e-05	0.000821292901827716	5.354522965549e-05
minversion1_dolares_lag1	1.83374665362575e-05	6.83326000039456e-05	4.2836183724392e-05
tpaquete4_delta1	1.78972383896875e-05	0.000361345684961809	5.354522965549e-05
cseguro_auto_lag1	1.58140723327139e-05	8.22969682253928e-05	5.354522965549e-05
ccuenta_corriente_lag1	1.54577993437362e-05	0.000133054109759721	4.2836183724392e-05
minversion1_dolares_delta1	1.5261238749563e-05	0.000177562259335656	4.2836183724392e-05
Master_cadelantosefectivo_lag1	1.36691040807944e-05	6.73253392195941e-05	4.2836183724392e-05
minversion1_pesos_delta1	1.33882829058468e-05	8.24477379157355e-05	4.2836183724392e-05
cinversion1_lag1	1.33198901022478e-05	0.000173288463894907	4.2836183724392e-05
Visa_cadelantosefectivo_lag1	1.24483782296636e-05	1.51195593422744e-05	3.2127137793294e-05
cinversion2	1.18505892321131e-05	3.87245277163585e-05	3.2127137793294e-05
Master_msaldodolares_dolariza	1.06903795325243e-05	3.4313875419215e-05	3.2127137793294e-05
ctarjeta_master_descuentos	1.0416883663392e-05	4.16404021701704e-05	3.2127137793294e-05
ccheques_depositados_rechazados_delta1	1.00913028747188e-05	0.000730500160928899	3.2127137793294e-05
Master_cadelantosefectivo_delta1	9.1424481190009e-06	8.40261347304529e-05	3.2127137793294e-05
Master_madelantopesos	8.96272751459895e-06	0.000189786245604269	2.1418091862196e-05
ctarjeta_master_delta1	7.71822425047232e-06	2.04940303096028e-05	2.1418091862196e-05
cliente_antiguedad_delta1	7.31237326966028e-06	0.00104726160163113	3.2127137793294e-05
minversion1_dolares_dolariza	6.32585639170517e-06	0.000497337958103199	2.1418091862196e-05
Master_madelantopesos_delta1	5.71199168992149e-06	9.71245000224366e-05	2.1418091862196e-05
Master_cadelantosefectivo	5.48097923146726e-06	0.000154420531544989	1.0709045931098e-05
Visa_cadelantosefectivo_delta1	4.26908623816303e-06	1.27154784230061e-05	1.0709045931098e-05
Master_madelantopesos_dolariza	4.10025108412113e-06	2.22493188702402e-05	1.0709045931098e-05
tcuentas	3.60060236434773e-06	8.97633331543026e-06	1.0709045931098e-05
cprestamos_prendarios_delta1	3.50661868750425e-06	7.70583603406048e-05	1.0709045931098e-05
mplazo_fijo_pesos_lag1	3.39416604335697e-06	2.12069920656301e-05	1.0709045931098e-05
mplazo_fijo_pesos_dolariza	3.23701134538504e-06	6.1410255275971e-05	1.0709045931098e-05
ccuenta_corriente	2.93975326165759e-06	3.22366041300492e-05	1.0709045931098e-05
Visa_cadelantosefectivo	2.80299934474217e-06	2.27660812740512e-05	1.0709045931098e-05
