Feature	Gain	Cover	Frequency
mdescubierto_preacordado_delta1	0.101334160014795	0.00415533649387154	0.00107444000654007
ctrx_quarter	0.0821869415237604	0.00991702797712881	0.00383839799437865
mdescubierto_preacordado	0.0436949969776294	0.000856648164657725	0.00086422348352136
mcuentas_saldo	0.0313586652511193	0.0055224326770183	0.00321553422247137
mcuenta_corriente_dolariza	0.0273910322272985	0.00317130512448461	0.00313767625098296
foto_mes	0.0164773570867642	0.00727017136411581	0.00470262147790001
mprestamos_personales	0.0163191837919762	0.00509977234719712	0.00181409073567997
mcaja_ahorro	0.0121863188583123	0.00494167555576015	0.00278731537928511
ctarjeta_visa	0.0107780073352419	0.000515417711073551	0.000210216523018709
Visa_Finiciomora_delta1	0.010293841909974	0.00312718234720128	0.000397075654590895
Master_status	0.00910715727029643	0.0020073523012688	0.000521648408972353
mpayroll	0.00901904917351335	0.00570596474788516	0.000778579714884109
cpayroll_trx	0.00879056749443357	0.0062579681644139	0.00050607681467467
mcuenta_corriente	0.00766396621940641	0.00306952553447259	0.00320774842532253
mprestamos_personales_delta1	0.00686158665755326	0.00807674936086636	0.00245252610188494
mtarjeta_visa_consumo	0.00684130585611802	0.0055608888505865	0.00137808609534487
ctrx_quarter_delta1	0.00670698040226349	0.00428662068260444	0.00583156206448197
ctarjeta_visa_transacciones	0.00611459289514326	0.00757449814559107	0.00207880783874057
mdescubierto_preacordado_dolariza	0.00509240666779799	0.00354368277640407	0.00386175538582518
mcuentas_saldo_dolariza	0.0047985823405712	0.0075065742489182	0.00300531769945266
mcaja_ahorro_dolariza	0.00468811505774496	0.00257051922136094	0.00168951798129852
mtarjeta_visa_consumo_dolariza	0.00438416912356171	0.00173935765786704	0.000879795077819042
mcuentas_saldo_lag1	0.0036191616561767	0.00209415332009792	0.00407197190884389
mcuenta_corriente_lag1	0.00353463017802201	0.00244968124843166	0.00389289857442054
cliente_edad	0.00345347869255338	0.00403069379370174	0.00530212785836078
mcuentas_saldo_delta1	0.00342673272440992	0.00407410673438074	0.00473376466649538
mpasivos_margen	0.003412482127977	0.0024400630232687	0.00327003480251326
mrentabilidad_annual_dolariza	0.00335466888751682	0.00306172075327385	0.00420433046037418
mrentabilidad_annual_delta1	0.00327095007878792	0.00300570684428836	0.00567584612150515
cliente_antiguedad_lag1	0.00324626561185244	0.00522690859934589	0.00365153886280647
mrentabilidad_annual_lag1	0.00324532198633447	0.00329604263680582	0.0057225609043982
cproductos	0.00312669323092517	0.00272678857890917	0.00186080551857302
internet	0.00311074985318056	0.00031763910703005	0.00101993942649818
mactivos_margen	0.00310324004659398	0.00237958359120632	0.00372939683429488
Visa_Fvencimiento_lag1	0.00309477478341778	0.00322873589348744	0.005193126698277
numero_de_cliente	0.0030935611721459	0.00582376378987629	0.00548120119278412
cliente_edad_lag1	0.00309030633166378	0.00419754059862805	0.00502962495815134
mactivos_margen_dolariza	0.0030795977834111	0.00272213107453131	0.00316103364242948
Visa_status_lag1	0.0029501337901958	0.000774048076855027	0.000194644928721027
Visa_mpagospesos	0.00293019172513535	0.00382220172067722	0.00189194870716838
mrentabilidad_annual	0.00290437265632734	0.00267163938411617	0.00439897538909521
Visa_delinquency	0.00282802073611581	0.00106038678067	0.000147930145827981
Visa_msaldopesos	0.00279089887283427	0.0028004580767513	0.00129244232670762
mcomisiones_mantenimiento_dolariza	0.00273658709756704	0.00544153669887851	0.00253038407337335
canarito98	0.00273572042464462	0.00296423089989599	0.00530991365550962
mcuenta_corriente_delta1	0.00273266174970367	0.00376727606054753	0.00410311509743925
ctrx_quarter_lag1	0.00266873995919106	0.00252964453959358	0.00398632814020664
canarito91	0.00263887622623086	0.00189525248080592	0.005193126698277
canarito65	0.00262838866214226	0.00356990795434323	0.00516198350968164
canarito85	0.00259989403484462	0.00305050136604462	0.00523984148117005
canarito45	0.00259738580431757	0.00244481670837754	0.00523984148117005
Master_fechaalta_lag1	0.00259427860473716	0.00413131016711032	0.00412647248888578
canarito95	0.00259354787106195	0.00344977662466596	0.00523205568402121
canarito63	0.0025676773822186	0.00346610742849754	0.00506855394389555
Visa_fechaalta	0.00256438843347538	0.00318435909262922	0.00370603944284836
Master_Fvencimiento	0.00255328434561931	0.00314694714527395	0.00460919191211392
canarito48	0.00255021431006836	0.00233353925217264	0.00502962495815134
canarito105	0.00254864918947427	0.00186263808913797	0.00517755510397932
Visa_fechaalta_lag1	0.00254820222042988	0.00209431762567868	0.00383061219722981
canarito55	0.00253753869457704	0.0020273113616084	0.00511526872678859
canarito53	0.00253485933066405	0.00200579706265038	0.00495955278381177
canarito34	0.00251320606288778	0.00271236747580499	0.00531769945265846
chomebanking_transacciones	0.00249843848750252	0.00200435944584288	0.00379168321148561
Master_fultimo_cierre	0.00248112953794513	0.00401460066652238	0.00294303132226193
canarito16	0.00247652270367462	0.00316341670786762	0.00492062379806757
canarito76	0.00247461388938653	0.00442417114100131	0.00499848176955598
mactivos_margen_lag1	0.00246832378929745	0.00365783865957629	0.00415761567748114
canarito52	0.00246820598410548	0.00363044653945597	0.00502962495815134
canarito92	0.00246202556980112	0.00242227871190016	0.00493619539236525
canarito59	0.00245940731679049	0.00140351096821992	0.00491283800091872
canarito107	0.00245839566970943	0.00228437797316523	0.00499069597240714
canarito19	0.00245298084604392	0.00278614577572305	0.0050607681467467
canarito86	0.00245010401223887	0.00199368939124715	0.0050607681467467
canarito69	0.00244879137560628	0.00313906777648856	0.00496733858096061
canarito56	0.00244280850024821	0.00172220722693663	0.00492062379806757
canarito72	0.00242749189534624	0.002584439804503	0.00480383684083495
Visa_Fvencimiento	0.00242533278034109	0.00281060107614768	0.00451576234632783
canarito37	0.00241253296154608	0.00295868473118315	0.00490505220376988
canarito97	0.00241180100156314	0.00288075370465246	0.00504519655244902
canarito18	0.00240895510321583	0.00182410770814411	0.00472597886934654
canarito21	0.00240590815719391	0.00245333292285678	0.00467926408645349
canarito67	0.00239842413134605	0.00240847901995356	0.00493619539236525
Master_Fvencimiento_lag1	0.00239678537162796	0.00398480744957635	0.00446904756343478
canarito9	0.00239327057355312	0.00220751580727976	0.00483498002943031
canarito39	0.00239137432332342	0.0016235936936985	0.00474155046364422
canarito101	0.00239124717747648	0.00202525218157892	0.00487390901517452
canarito57	0.00238843570640888	0.00414975314541367	0.00481162263798379
canarito88	0.00238762412137248	0.00300002244903881	0.00483498002943031
canarito70	0.00238580478331781	0.00326067808448927	0.00500626756670482
mrentabilidad_delta1	0.00238445296430803	0.00181308851369329	0.00438340379479753
canarito35	0.00238305759809898	0.00166696671747334	0.00502962495815134
canarito40	0.00238146069202539	0.00196840328699052	0.00494398118951409
canarito71	0.00237847210068992	0.00174786193529114	0.00473376466649538
canarito30	0.00237515738972166	0.00305085491576722	0.004850551623728
Visa_mpagominimo_dolariza	0.00236962955834669	0.00403087923623366	0.00193087769291259
canarito23	0.0023689291541189	0.00352477949917156	0.00478826524653727
canarito25	0.00236503472391397	0.00236598393997374	0.00474155046364422
canarito94	0.00236161236134358	0.00320082219248603	0.00488169481232336
canarito68	0.00235891654478612	0.00279844854574739	0.00488169481232336
canarito51	0.00235791215649431	0.00196375095280215	0.00470262147790001
canarito66	0.00235548395534508	0.00240193873024654	0.00489726640662104
canarito103	0.002355337321623	0.00216085195789344	0.0046247635064116
canarito27	0.00235335551999942	0.00245734681467512	0.00492062379806757
canarito6	0.00235292879015201	0.00295840645333697	0.004850551623728
Visa_Finiciomora	0.00235153273453181	0.00325038644214501	0.0010043678322005
canarito31	0.00234866423205903	0.00274776578641764	0.00502962495815134
canarito47	0.00233868206385102	0.00243068148633938	0.00477269365223958
mcaja_ahorro_lag1	0.0023366291263785	0.00312850469919599	0.00358925248561574
canarito89	0.00233256422981569	0.0018098888506877	0.00474155046364422
canarito79	0.0023317317358159	0.00381700461578726	0.00480383684083495
canarito2	0.00232854927779001	0.00253963319362719	0.00481940843513263
canarito12	0.00232467381886321	0.00200557459243783	0.00471040727504886
canarito4	0.0023230006927641	0.00224754189368069	0.0047571220579419
canarito44	0.00232207738829618	0.00205022039521401	0.00481940843513263
canarito99	0.00231681991229378	0.00215135127850922	0.00481162263798379
canarito36	0.00231595141842345	0.00219048839644636	0.00468704988360233
canarito96	0.00231589125761193	0.00228319612867318	0.00481162263798379
canarito28	0.00231430735230516	0.00181668042681047	0.00481940843513263
mprestamos_personales_dolariza	0.00231121832886735	0.0035418284271171	0.00146372986398212
canarito49	0.00231046691101213	0.00427188511032765	0.00482719423228147
canarito43	0.00230552347265403	0.00193945509189758	0.00459362031781624
canarito82	0.00230340458393541	0.0020475994893027	0.00489726640662104
canarito15	0.00230225689444252	0.00234001134099769	0.00468704988360233
canarito14	0.0022960097742961	0.00239519018834807	0.0048894806094722
canarito8	0.00229115886847555	0.0046063600270511	0.00472597886934654
canarito109	0.0022880738823285	0.00348091378675105	0.00466369249215581
canarito80	0.00228172936096476	0.00313214192750341	0.00481162263798379
canarito106	0.00227899953335787	0.00212158254393107	0.00452354814347667
canarito11	0.00227021411296419	0.00196921842818965	0.0047571220579419
Master_fechaalta	0.00226421019964228	0.00243919808097961	0.00369046784855067
canarito20	0.00226005301062442	0.0018630233442873	0.00455469133207204
canarito74	0.00225387056285182	0.00205254454745494	0.0046247635064116
canarito83	0.00225336204006512	0.00204476554117145	0.00469483568075117
canarito73	0.00225074550150412	0.00189084588268281	0.00451576234632783
canarito93	0.00224979018784483	0.00199072801315137	0.00450019075203015
canarito108	0.00224842786854541	0.002286203126088	0.00456247712922088
canarito46	0.00224802038863373	0.00261576012815405	0.00473376466649538
mes	0.00224786259104665	0.00433862001548181	0.00291188813366657
canarito26	0.00223900982808337	0.00260900710035588	0.00452354814347667
canarito29	0.00223832451750107	0.00237038559600396	0.00439118959194637
canarito32	0.00223012610144535	0.00190823938855154	0.0044534759691371
canarito3	0.00222969140881281	0.00182372100838301	0.00464812089785813
canarito90	0.00222676733733658	0.00311628586871869	0.00467147828930465
canarito77	0.0022249650109084	0.00211976902393465	0.0045858345206674
canarito60	0.002224073866301	0.00235784613774597	0.0045858345206674
canarito87	0.00222352203663562	0.00272671900944763	0.00461697770926276
canarito33	0.0022233610126091	0.00263622373816228	0.00455469133207204
canarito24	0.00222112483922448	0.00195803264719211	0.00464033510070929
canarito17	0.00221198192881771	0.00215966547543729	0.00453133394062551
canarito102	0.00220757039774402	0.00248407129606123	0.00443011857769058
mactivos_margen_delta1	0.00220272477052339	0.00236465124760005	0.00427440263471376
canarito104	0.00219829777910248	0.0019679362211957	0.00457026292636972
canarito7	0.00219398894921712	0.00282788562787609	0.00457804872351856
canarito62	0.00219353553919977	0.00245584084492126	0.00448461915773247
canarito5	0.0021908387582644	0.00172789603205369	0.00456247712922088
canarito58	0.00218724422447075	0.00226364878268796	0.00463254930356044
ccaja_ahorro	0.00218048566048454	0.00290832092692572	0.00114451218087964
canarito100	0.00217378681601766	0.00144950010787756	0.00472597886934654
canarito54	0.00217343415045395	0.00229422551143859	0.0044534759691371
canarito84	0.00217056421337972	0.00277172353213589	0.00449240495488131
canarito13	0.00216353947352768	0.00250448449672191	0.00442233278054174
canarito42	0.00215412978553089	0.00248875928935065	0.00437561799764869
canarito61	0.00214810563729813	0.00192084932865744	0.00436004640335101
mrentabilidad_lag1	0.00214805718195101	0.00302296455665073	0.004017471328802
canarito64	0.00214715314384896	0.00266956522574361	0.00443011857769058
ccaja_ahorro_delta1	0.00214422443496506	0.00417034304490345	0.000365932465995531
canarito1	0.00213185524097318	0.00246086026256354	0.00425883104041607
mdescubierto_preacordado_lag1	0.00212110759338696	0.00116235675530684	0.000926509860712089
mrentabilidad_dolariza	0.00211582081624974	0.0015651021234635	0.00322332001962021
canarito75	0.00211562489001716	0.00190872660287893	0.00453911973777435
canarito50	0.0021150218196193	0.00137946973914782	0.00421211625752303
canarito10	0.00210441786505733	0.00186571777333447	0.00426661683756491
canarito81	0.00210128416365736	0.00306936244540701	0.00439897538909521
canarito22	0.00209606453567839	0.00167983881659935	0.00439897538909521
canarito41	0.00208673908490222	0.00247347590508433	0.00440676118624405
canarito38	0.00207758568450441	0.00302791075528594	0.00430554582330912
canarito78	0.00202515122104903	0.00207890878828499	0.00430554582330912
Visa_mpagospesos_lag1	0.00200675174032082	0.00568714746306906	0.00343353654263892
mpasivos_margen_delta1	0.0019602654765272	0.00158414165039555	0.00342575074549008
Visa_mfinanciacion_limite_dolariza	0.00193078734775618	0.00171687851031123	0.00361260987706226
mpasivos_margen_lag1	0.00191076179370141	0.00148273081654581	0.00369046784855067
mcaja_ahorro_delta1	0.00189168081233851	0.00351643838684525	0.00284960175647584
mcaja_ahorro_dolares_delta1	0.00188214205997803	0.00213243378325561	0.00203987885299636
cliente_antiguedad	0.00186649455355749	0.00247227550873587	0.00308317567094107
chomebanking_transacciones_lag1	0.00185726595239829	0.00126875583359751	0.00316881943957832
Visa_mfinanciacion_limite_lag1	0.00184163675296619	0.00220345477549841	0.00270167161064786
Visa_mpagospesos_delta1	0.00183506244522773	0.00287551539031097	0.00330117799110862
cproductos_delta1	0.00183284564946961	0.00709663653892097	0.001175655369475
mttarjeta_visa_debitos_automaticos_delta1	0.00179856060241703	0.0026328710223413	0.00268610001635017
Visa_msaldototal_lag1	0.00178486688160813	0.00114183361208726	0.00141701508108908
mrentabilidad	0.00175924751725107	0.0019187267377745	0.00323889161391789
Visa_fultimo_cierre	0.00175101432620384	0.0047432645919225	0.00334010697685283
mpayroll_dolariza	0.00174968066398956	0.00301209613404934	0.000755222323437585
ccaja_seguridad	0.00174938352212734	0.00366905318074482	0.000365932465995531
chomebanking_transacciones_delta1	0.0017443206134776	0.002128327816445	0.00320774842532253
Visa_mpagominimo_lag1	0.00170819969333705	0.00210749552630669	0.00238245392754537
Master_mfinanciacion_limite_dolariza	0.00166750602444682	0.00179385388814012	0.00278731537928511
mcomisiones_lag1	0.00164963465730697	0.000982928826477815	0.00276395798783858
mcomisiones_mantenimiento_lag1	0.00160963968730291	0.00350172995806329	0.00213330841878246
cmobile_app_trx	0.00160330375592713	0.00262456465672966	0.00291967393081541
Master_fultimo_cierre_lag1	0.00158201276284759	0.00187361706255584	0.00296638871370845
Visa_mlimitecompra_dolariza	0.00157545661113075	0.00215772589405591	0.00280288697358279
Visa_fultimo_cierre_lag1	0.00157469441158993	0.00248733429388809	0.00300531769945266
mcomisiones_otras_lag1	0.00157098585046553	0.00141726169543074	0.00291967393081541
Visa_msaldopesos_lag1	0.00155022571724882	0.0014304037088611	0.0014403724725356
Master_Finiciomora	0.00150187542279412	0.00544513020867185	0.000654006960502651
Visa_mpagominimo	0.00148852904340894	0.00286495003205244	0.00177516174993577
ccomisiones_otras_lag1	0.00148492159457096	0.00184905584927882	0.00260824204486176
Visa_mpagominimo_delta1	0.00146797759931174	0.00190367608806751	0.00217223740452666
Visa_mfinanciacion_limite	0.00145654437474869	0.00230187206963244	0.00259267045056408
mautoservicio	0.0014210132899906	0.00395723414472722	0.000895366672116725
mttarjeta_visa_debitos_automaticos_lag1	0.0013995423996515	0.00134096072320171	0.00229681015890812
mcaja_ahorro_dolares_lag1	0.00138954952357447	0.00244759469681076	0.00214888001308014
Visa_mconsumospesos_lag1	0.00138933748490852	0.00132688244928016	0.00247588349333146
mpasivos_margen_dolariza	0.00138602513392781	0.0009518453431248	0.00262381363915945
Visa_mlimitecompra_lag1	0.00138368959467373	0.00159009193024293	0.00207102204159173
mcomisiones_otras	0.0013266244805636	0.00150491564346159	0.00224230957886623
mcomisiones_otras_dolariza	0.00131531978757522	0.000844669139734203	0.00221116639027087
Master_mfinanciacion_limite	0.00129441671979964	0.00267672175641873	0.00225009537601507
mcomisiones_otras_delta1	0.00129212687116405	0.00204801173588247	0.00239802552184305
ccomisiones_otras	0.00127084440122084	0.00193122080481003	0.00242138291328958
cmobile_app_trx_lag1	0.00126219116804895	0.00214177091738106	0.00245252610188494
cmobile_app_trx_delta1	0.0012509730619106	0.00117058298298135	0.00224230957886623
Visa_msaldopesos_delta1	0.00123784184553769	0.00168003680444401	0.00196202088150795
Master_mlimitecompra_dolariza	0.00122483022190862	0.0014387120513099	0.0021410942159313
Master_mfinanciacion_limite_lag1	0.00120034883397292	0.00207765874291097	0.00209437943303825
mcomisiones_delta1	0.00119376485030935	0.00149454295079383	0.00222673798456855
mpayroll_delta1	0.00115320359872244	0.00352471145035399	0.00123794174666573
ctarjeta_visa_transacciones_delta1	0.00115109016909719	0.00269234295174257	0.00181409073567997
Visa_cconsumos_lag1	0.00114542561607879	0.00133804184710485	0.00210995102733593
mtransferencias_recibidas_dolariza	0.00112152376736255	0.0025169185743529	0.00120679855807037
ccomisiones_mantenimiento_delta1	0.00111900645191926	0.00307049509706669	0.000731864931991062
mcomisiones	0.00111260315654326	0.00103589133524462	0.00207880783874057
Visa_msaldototal_dolariza	0.00109728813137566	0.000932455763951278	0.00129244232670762
mcomisiones_dolariza	0.00109042843432723	0.000661950537358098	0.00185301972142418
mcuenta_debitos_automaticos	0.00108253841603133	0.00408625310617296	0.00102772522364702
mcomisiones_mantenimiento	0.00106986718548307	0.00263171335608834	0.00167394638700083
mpayroll_lag1	0.00103814163540677	0.0017767036092741	0.000801937106330632
cproductos_lag1	0.00102190028197022	0.00181075364091239	0.00159608841551242
thomebanking	0.00101336490637626	0.00070738213290482	0.000739650729139903
Visa_mconsumospesos_delta1	0.00100485119618707	0.00178166121273908	0.00193866349006143
Visa_mpagospesos_dolariza	0.00100155525737077	0.0014327336395491	0.00178294754708461
Visa_mlimitecompra	0.000990952577216355	0.00089360277833958	0.00151823044402401
mttarjeta_visa_debitos_automaticos_dolariza	0.000986734881222917	0.0011208987545133	0.0015727310240659
Visa_mconsumospesos	0.000975337540805053	0.00141190210973278	0.0017050895755962
Visa_msaldototal_delta1	0.000969614583750238	0.00190127803252973	0.00176737595278693
Master_mlimitecompra	0.00094662822577867	0.00244984760688178	0.00137808609534487
ctarjeta_visa_transacciones_lag1	0.000930459927719835	0.00133606394549547	0.00165058899555431
mcaja_ahorro_dolares	0.000922249427294441	0.00310083316074652	0.0014014434867914
Visa_cconsumos	0.000898128895050754	0.00102951474286076	0.00142480087823792
mprestamos_personales_lag1	0.000885668423819926	0.00136420292990075	0.0012690849352611
Visa_cconsumos_delta1	0.000868290706199506	0.00148838282207884	0.00153380203832169
tpaquete3_delta1	0.000858293450537077	0.00191731542810766	0.000171287537274504
mtransferencias_recibidas_lag1	0.000854536556755856	0.00227818499854053	0.00142480087823792
ctarjeta_visa_debitos_automaticos_lag1	0.000852494982572162	0.00147579090160395	0.00145594406683328
mcaja_ahorro_dolares_dolariza	0.000835847677584359	0.00289333049471987	0.00123015594951689
tpaquete3	0.000834073090891715	0.00110264296748243	0.000334789277400167
ccaja_seguridad_lag1	0.000833116083796704	0.00179183743820615	0.000163501740125663
Visa_mconsumospesos_dolariza	0.000829343074367518	0.000670357721664826	0.00138587189249371
mtransferencias_recibidas	0.000813549545592882	0.00178100642344639	0.00109001160083775
Master_mlimitecompra_lag1	0.000808828333898614	0.00140279162759078	0.00140922928394024
Master_msaldototal	0.000785126622889043	0.00254602103877641	0.000685150149098015
cplazo_fijo	0.000776770606824659	0.0049092428050142	0.000373718263144372
mpagomiscuentas	0.000761454038711917	0.00357365375662998	0.000560577394716558
mtarjeta_visa_consumo_delta1	0.000760648628611147	0.0026373496989885	0.00141701508108908
Visa_mconsumosdolares_lag1	0.000759301936520126	0.0011273445361977	0.00144815826968444
Visa_msaldopesos_dolariza	0.000755086288579646	0.00167965451455041	0.00119122696377269
mtransferencias_recibidas_delta1	0.000753538201042663	0.00131188958404395	0.00141701508108908
cprestamos_personales_lag1	0.000750537352344788	0.00325253374349243	0.000724079134842221
mcomisiones_mantenimiento_delta1	0.000744876153575656	0.0030503064194879	0.00120679855807037
mtarjeta_visa_consumo_lag1	0.000742371035429509	0.000514975964000803	0.0014014434867914
mttarjeta_visa_debitos_automaticos	0.000724151318614784	0.00103452891428135	0.00142480087823792
Visa_mconsumosdolares_delta1	0.000715436037724778	0.00184202203457193	0.0012690849352611
mtransferencias_emitidas_lag1	0.000714002029071106	0.00128576203144755	0.00120679855807037
tmobile_app	0.000697666821184918	0.000594060551045726	0.000981010440753977
Master_mpagospesos_lag1	0.000694749001139726	0.00112781221025011	0.00124572754381457
ctarjeta_visa_debitos_automaticos_delta1	0.000694099861337155	0.00170253921785254	0.000887580874967884
ccallcenter_transacciones	0.000690390778198554	0.00140947280496146	0.000755222323437585
mcuenta_debitos_automaticos_dolariza	0.000686198765136861	0.000842090507725207	0.000817508700628314
Visa_Finiciomora_lag1	0.000684984252647863	0.00738606359460307	0.000817508700628314
mautoservicio_lag1	0.000676497352998227	0.00202783856887216	0.001175655369475
ccomisiones_otras_delta1	0.000676081464782632	0.00142890625471346	0.00128465652955878
ctarjeta_visa_debitos_automaticos	0.000658775209768585	0.00108934995410603	0.00123015594951689
tcallcenter	0.000655881357729269	0.000295740921502266	0.000210216523018709
ccallcenter_transacciones_delta1	0.000608859566483688	0.0014725177154625	0.0010043678322005
internet_lag1	0.000595882122610646	0.000363112596318094	0.00093429565786093
Visa_msaldototal	0.000593718420738377	0.000736453043965984	0.00093429565786093
cprestamos_personales_delta1	0.000586151004596108	0.00183657904155233	0.000249145508762915
mtransferencias_emitidas_delta1	0.000586125202843479	0.00104868983520258	0.000996582035051659
mtransferencias_emitidas_dolariza	0.000582611112514875	0.00240142399226332	0.000942081455009771
tmobile_app_delta1	0.000567998583322675	0.000590002028326924	0.000794151309181791
Master_msaldopesos_dolariza	0.000567003090524224	0.000719256765619928	0.000443790437483942
mtarjeta_master_consumo	0.000565110939376917	0.00163771005975146	0.000381504060293213
Visa_mfinanciacion_limite_delta1	0.000555739254418372	0.00308632750983771	0.00104329681794471
Master_msaldopesos_lag1	0.000546978252728413	0.000985184549740173	0.000825294497777155
mtransferencias_emitidas	0.000544824687301484	0.00247051163776501	0.000910938266414407
Master_mfinanciacion_limite_delta1	0.000543541649510758	0.00108632349244841	0.000801937106330632
mpagomiscuentas_dolariza	0.000539933059611303	0.00105563925416923	0.000622863771907287
mautoservicio_delta1	0.000535762151365067	0.00106628619497665	0.00104329681794471
Master_mpagominimo_lag1	0.000534007927393119	0.00161523030393806	0.000817508700628314
Visa_mconsumosdolares	0.00053008910080802	0.000976296385746319	0.000918724063563248
cprestamos_personales	0.00052861235413958	0.00268036377475465	0.000700721743395698
Master_mpagominimo_delta1	0.000527332127570017	0.0014531413658915	0.000677364351949174
mcuenta_debitos_automaticos_lag1	0.000524993965565175	0.000887013219767986	0.00102772522364702
Master_mpagospesos_delta1	0.000521197020514163	0.00217842246672006	0.000988796237902818
Visa_status	0.000517728035152821	0.00457583538035639	0.000537220003270035
cextraccion_autoservicio	0.000517700938157307	0.00273063884943654	0.000568363191865399
ctarjeta_debito_transacciones	0.000512828652078289	0.00199035104551166	0.000833080294925996
Visa_fultimo_cierre_delta1	0.000503095789254072	0.000820540853794924	0.00105108261509355
ctarjeta_debito_transacciones_delta1	0.000494182978882968	0.00079572957061735	0.000910938266414407
mextraccion_autoservicio_delta1	0.00049263583941282	0.00118220541689434	0.000887580874967884
ctarjeta_debito_transacciones_lag1	0.000491783236347533	0.000556510225089346	0.000848651889223678
Master_msaldopesos	0.000487363196960356	0.000521979593924925	0.000599506380460764
Master_mconsumospesos_lag1	0.000482407593510574	0.00108872717436887	0.000872009280670202
ctransferencias_emitidas_delta1	0.000479735179071553	0.000877931401764788	0.000685150149098015
ctarjeta_master_delta1	0.000478773850849112	0.000367701595685186	9.3429565786093e-05
Master_msaldototal_lag1	0.000476478355661754	0.000709115286867522	0.000731864931991062
thomebanking_lag1	0.000476085438451949	0.000390499394184529	0.000809722903479473
Visa_status_delta1	0.000470086214030737	0.00142464107647939	0.000303646088804802
Master_mpagominimo	0.0004640710348698	0.00147249589422156	0.000677364351949174
Master_mconsumospesos	0.000463963175509711	0.00124600661967295	0.000599506380460764
Master_fultimo_cierre_delta1	0.000461720954106354	0.000724531727481054	0.00093429565786093
mautoservicio_dolariza	0.000461313980790736	0.000638292434533773	0.000661792757651492
Master_mpagominimo_dolariza	0.000445826357513827	0.00130364579293161	0.000552791597567717
mprestamos_prendarios	0.000425656580860363	0.00371326521982909	0.000280288697358279
Visa_mpagado_delta1	0.000424389986665625	0.000849783673656689	0.000654006960502651
mplazo_fijo_dolares	0.000423821883182392	0.00275621554875548	0.000303646088804802
Master_mpagospesos	0.000415691803600825	0.000521931693639928	0.000669578554800333
cliente_vip_lag1	0.000412280824261649	0.00164451311673618	0.000186859131572186
Master_Finiciomora_lag1	0.000412109468294913	0.00401208529330246	0.000482719423228147
Master_msaldototal_delta1	0.000410851343064658	0.00133998127642183	0.000708507540544539
ctransferencias_emitidas	0.000407065872086876	0.00157925232384475	0.000560577394716558
mtarjeta_master_consumo_lag1	0.000394458336795204	0.00200967995099086	0.00050607681467467
matm_delta1	0.00039393710136447	0.000854076071417792	0.000755222323437585
ccuenta_debitos_automaticos_lag1	0.000389020467116737	0.00109584561291259	0.000669578554800333
Visa_mconsumosdolares_dolariza	0.000379616260715473	0.00189163981089858	0.000739650729139903
Master_mpagospesos_dolariza	0.000369461756149375	0.000531561703793646	0.000537220003270035
ctarjeta_debito_lag1	0.000367711372604135	0.00123529117385476	0.000661792757651492
ccajas_consultas_delta1	0.000365559344347984	0.00205386393419391	0.00057614898901424
Master_msaldototal_dolariza	0.000365393895315061	0.000418367095705893	0.000389289857442054
Master_msaldopesos_delta1	0.000365237328917123	0.000482822935712787	0.000615077974758446
mextraccion_autoservicio_lag1	0.000351637228428337	0.000364584807775861	0.00064622116335381
mcuenta_debitos_automaticos_delta1	0.000350394302865612	0.0017622454024571	0.000638435366204969
ctransferencias_recibidas	0.000345468202950959	0.000939934595115448	0.000607292177609605
ccomisiones_mantenimiento	0.000343816918404418	0.00111075050889523	0.000467147828930465
ctransferencias_recibidas_delta1	0.000333068174046662	0.00091419237370057	0.00057614898901424
matm_lag1	0.000332868002289125	0.000328627584472717	0.000599506380460764
Visa_mlimitecompra_delta1	0.000329905980994027	0.00208352242208436	0.000630649569056128
ctarjeta_master_transacciones	0.000327119911283625	0.00147261556890185	0.000389289857442054
Master_cconsumos_lag1	0.000323371326927824	0.000456663145464254	0.000545005800418876
cextraccion_autoservicio_lag1	0.000323364104808743	0.000481685265928013	0.000560577394716558
cpagomiscuentas_delta1	0.000322702166282481	0.0011574594453752	0.000443790437483942
cextraccion_autoservicio_delta1	0.000322190207452972	0.000857700602348084	0.000537220003270035
mtarjeta_master_consumo_dolariza	0.00031521560644234	0.000602486667369857	0.000249145508762915
cpayroll_trx_lag1	0.000313886030987847	0.000167267567112297	0.000116786957232616
matm_other_delta1	0.000313806048935974	0.00203340739518013	0.000529434206121194
ccajas_consultas	0.000304689460629211	0.00230814297726051	0.000498291017525829
tpaquete4	0.000300981042970904	0.00155606022236446	0.000295860291655961
tmobile_app_lag1	0.000299477211450968	0.000197151794599829	0.00057614898901424
Visa_delinquency_delta1	0.000293935109902095	7.65735476603119e-05	0.000132358551530298
Master_status_delta1	0.000291906046021658	0.00223865502223421	0.000319217683102485
ctransferencias_emitidas_lag1	0.000291825476889844	0.000624274910338743	0.000467147828930465
ccuenta_debitos_automaticos_delta1	0.000288933264412048	0.00243769013438859	0.000365932465995531
mpagomiscuentas_lag1	0.000284418652649441	0.00231775626033058	0.000498291017525829
mcheques_emitidos_rechazados_lag1	0.000281560281502464	0.000603316178654484	0.000132358551530298
Master_mconsumospesos_delta1	0.000280367250888784	0.00109742312896515	0.000545005800418876
ctransferencias_recibidas_lag1	0.000280264191035197	0.000359665524538886	0.000436004640335101
cpagomiscuentas	0.000279904065770165	0.000649360897849164	0.000443790437483942
internet_delta1	0.000276128716355347	0.00050865609163696	0.000529434206121194
mpagomiscuentas_delta1	0.00027562490437619	0.000818766338316288	0.00057614898901424
Master_mconsumospesos_dolariza	0.000271349229148861	0.000314581168042293	0.000451576234632783
mextraccion_autoservicio_dolariza	0.000268630625888949	0.00043133423507992	0.000467147828930465
Visa_mconsumototal_lag1	0.000263424186432843	0.000193396184159483	0.000490505220376988
Master_Fvencimiento_delta1	0.000263054091405075	0.000136031411104879	0.00042821884318626
ctarjeta_master_transacciones_lag1	0.000261430098217869	0.00038608785396852	0.000451576234632783
ctarjeta_debito	0.000256175507669925	0.000828948646359239	0.000552791597567717
mtarjeta_master_consumo_delta1	0.000248850369334777	0.00107266415594008	0.000529434206121194
matm_dolariza	0.000248690325461499	0.000714622451062585	0.000404861451739736
ccaja_ahorro_lag1	0.000248049968879647	0.000986557539179019	0.00035814666884669
cpagomiscuentas_lag1	0.000238090006247103	0.00046299001279035	0.000404861451739736
mextraccion_autoservicio	0.000236552949883861	0.00131837847598486	0.00042821884318626
matm_other_lag1	0.000236228475051189	0.00024305798312901	0.000420433046037419
mplazo_fijo_dolares_delta1	0.000234943134778417	0.00200802731512627	0.000342575074549008
tcallcenter_delta1	0.000234440723052186	0.000414759063762656	0.000311431885953643
matm	0.000233704566953766	0.000226967212947801	0.000404861451739736
cinversion1	0.000232672184675918	0.00277021262028914	0.000171287537274504
Visa_mpagado_lag1	0.000232498041954645	0.000781084704753259	0.000451576234632783
Visa_mpagosdolares_lag1	0.000231088896987722	0.000996680542107211	0.000420433046037419
Visa_msaldodolares_delta1	0.000229383348681576	0.000481691500568283	0.000404861451739736
mcheques_depositados	0.000229082430386866	0.00156310871128565	0.000272502900209438
ccuenta_debitos_automaticos	0.000227725517794851	0.00119160147597356	0.000404861451739736
mprestamos_prendarios_dolariza	0.000224554635220932	0.00188818042190323	0.000163501740125663
thomebanking_delta1	0.00022316147154389	0.000578806363143596	0.000474933626079306
Master_mlimitecompra_delta1	0.000222032470147303	0.00109093271638028	0.000443790437483942
Visa_mpagado	0.00021951920092421	0.000939342760483043	0.00035814666884669
Visa_msaldodolares_lag1	0.000216386509263642	0.000450142624128814	0.000420433046037419
Master_Finiciomora_delta1	0.000212963850355398	0.00107037665121879	0.000116786957232616
Master_cconsumos	0.00021054628540167	0.000826141765690624	0.00035814666884669
ccallcenter_transacciones_lag1	0.000210033840335195	0.000746672151592964	0.000404861451739736
ctarjeta_visa_delta1	0.000206881109973006	0.000296259309031009	7.00721743395698e-05
ccheques_emitidos_rechazados_lag1	0.000200053114765118	0.000227694917118761	5.45005800418876e-05
ctarjeta_master_transacciones_delta1	0.000199972081481784	0.00212517947517334	0.000436004640335101
Visa_mconsumototal_delta1	0.000199564309696967	0.000197508157513765	0.00035814666884669
Master_cconsumos_delta1	0.000198430769414034	0.00094563518522326	0.000327003480251326
Visa_Fvencimiento_delta1	0.000193903576567593	0.000220434450428417	0.000397075654590895
catm_trx_other_delta1	0.000190850604433798	0.000426219625125236	0.000342575074549008
ccomisiones_mantenimiento_lag1	0.000189996778632557	0.000846372184946336	0.000389289857442054
Visa_mconsumototal	0.000185339948034263	7.60320463432526e-05	0.000264717103060597
Visa_msaldodolares_dolariza	0.000181016456151835	0.000502787622435064	0.000342575074549008
Visa_mconsumototal_dolariza	0.000179267630076934	0.000217078161094109	0.000241359711614074
mcheques_emitidos_rechazados_dolariza	0.000177755870298974	0.00183689427104692	0.000186859131572186
mprestamos_prendarios_delta1	0.000176887054254987	0.00235815087479719	0.000225788117316391
mttarjeta_master_debitos_automaticos_delta1	0.000176123448508288	0.000904356468353565	0.000319217683102485
Visa_mpagado_dolariza	0.000175405523914893	0.000686070155626759	0.000295860291655961
ccajas_otras	0.000175053281665464	0.00164068193029062	0.000272502900209438
ccajas_otras_lag1	0.000173982260693358	0.000717042784034495	0.000280288697358279
minversion2	0.000173751876285274	0.00164458565145346	0.000186859131572186
catm_trx_lag1	0.000173263608173223	0.000496773019347829	0.000350360871697849
catm_trx_delta1	0.000171990060456513	0.000275380030994086	0.000319217683102485
ccajas_consultas_lag1	0.000171191524941596	0.00122299098892517	0.000303646088804802
matm_other	0.000166708477982624	0.000878403561716899	0.00028807449450712
ccajas_transacciones_lag1	0.000163961118044705	0.000105940908263068	0.000249145508762915
mcheques_emitidos	0.000158063781698379	0.00215514482901657	0.000155715942976822
mttarjeta_master_debitos_automaticos_lag1	0.000156820861910016	0.000626941663665693	0.000303646088804802
Master_status_lag1	0.000154691470341976	0.00101077911662574	0.000147930145827981
cseguro_vida_lag1	0.000150771230288402	0.000899680792280288	0.000280288697358279
active_quarter_lag1	0.000146298704573465	0.000469029782535259	0.000233573914465233
cseguro_accidentes_personales_lag1	0.000146028344438526	0.000209738392820826	0.00021800232016755
mcheques_depositados_lag1	0.000143742057214878	0.00135644696137338	0.000233573914465233
mforex_sell_lag1	0.000143686614949739	0.00122630758945191	0.000280288697358279
ccajas_depositos_lag1	0.000140411493480932	0.00237901973642293	0.000225788117316391
mplazo_fijo_dolares_lag1	0.000140342007908822	0.00107051100011337	0.000241359711614074
mprestamos_hipotecarios_dolariza	0.000136147916196007	0.00116241682074358	7.00721743395698e-05
mforex_sell_delta1	0.000135333656022887	0.000188586767449207	0.000241359711614074
ccheques_emitidos	0.00013517239721202	0.00220416886990585	0.00014014434867914
matm_other_dolariza	0.000133626130682478	0.000183638820073432	0.000233573914465233
active_quarter	0.000131959714808272	0.000396408540612573	0.000210216523018709
tcuentas_lag1	0.000128586614328802	0.00195205621226848	0.000210216523018709
Master_mconsumosdolares_delta1	0.000126713894086909	0.000570888674130217	0.000163501740125663
mcaja_ahorro_adicional_dolariza	0.000125843685886009	0.000530025625289216	0.000171287537274504
Master_fechaalta_delta1	0.000125240755263417	8.45628590045909e-05	0.000241359711614074
cseguro_vida	0.000122982084311122	0.000462466911265305	0.000264717103060597
ccajas_depositos_delta1	0.000121509899269297	0.00115315822787908	0.000186859131572186
ccajas_depositos	0.000121345090178511	0.00147892935868982	0.000210216523018709
minversion2_lag1	0.000121166913142944	0.000956111053584263	0.000155715942976822
catm_trx_other_lag1	0.000120541482392917	0.000327492651847086	0.00021800232016755
mcajeros_propios_descuentos_delta1	0.000119185762533987	0.000393633517435091	0.000194644928721027
Visa_mpagosdolares_dolariza	0.000116736260360064	0.0001857556325093	0.000186859131572186
cliente_vip_delta1	0.000116169739051913	6.69782842212666e-05	0.000109001160083775
Visa_fechaalta_delta1	0.000115860141594052	7.89489456029637e-05	0.000233573914465233
ccajas_otras_delta1	0.000114353341456952	0.00149853753043377	0.000241359711614074
ccajas_transacciones_delta1	0.000113384352621125	0.000231210722005329	0.000241359711614074
catm_trx	0.000112384557863743	0.000190428951584426	0.000225788117316391
Master_mpagosdolares_lag1	0.000111279674011138	0.00041844267171111	0.000163501740125663
mtarjeta_visa_descuentos_delta1	0.000110043039109389	0.000579373107150526	0.000202430725869868
mforex_sell_dolariza	0.000109832013576024	0.000780602660615354	0.000186859131572186
Master_mpagado_delta1	0.000108345212851074	0.000701914885613921	0.000186859131572186
mforex_buy_delta1	0.000105935024674071	0.00125763391964664	0.000233573914465233
ctarjeta_debito_delta1	0.000101969513506395	0.00194736456943353	0.000132358551530298
mcaja_ahorro_adicional_delta1	0.000101109173153725	0.000974630444247009	0.000155715942976822
cseguro_vivienda_lag1	9.93506856789033e-05	0.00038246187842646	0.000194644928721027
mtarjeta_visa_descuentos_dolariza	9.87874617693507e-05	0.00225999573968326	0.000147930145827981
minversion2_dolariza	9.78091903793488e-05	0.00085768022571891	7.78579714884109e-05
Visa_mpagosdolares	9.77378189126416e-05	0.000964335912679209	0.000202430725869868
Visa_delinquency_lag1	9.7506363568832e-05	4.25037476504394e-05	8.56437686372519e-05
cforex_lag1	9.67291834290423e-05	0.000684536966345868	0.000147930145827981
Visa_msaldodolares	9.64849916889301e-05	0.000446957255176526	0.000233573914465233
mplazo_fijo_dolares_dolariza	9.49125449777198e-05	0.00161328068630649	0.000163501740125663
ccajas_transacciones	9.37274003561173e-05	5.50362869783691e-05	0.000194644928721027
Master_mpagosdolares_delta1	9.29616916702599e-05	0.00119527770879877	0.000132358551530298
ccajas_extracciones_lag1	9.03869129947986e-05	0.00158977472391118	0.000155715942976822
cforex_buy_delta1	8.88215030873318e-05	0.00106591675452459	0.000132358551530298
cprestamos_hipotecarios	8.86386652490013e-05	0.000448210189774086	4.67147828930465e-05
catm_trx_other	8.57604068434544e-05	0.000304517318164461	0.000155715942976822
mforex_buy_lag1	8.56924945170005e-05	0.00115427886645141	0.00014014434867914
tpaquete4_lag1	8.53069297958841e-05	0.000556753452092052	0.000132358551530298
mcheques_depositados_rechazados_lag1	8.52566885042019e-05	0.00160940486896046	0.000116786957232616
Master_mpagado	8.43724992641882e-05	0.000117172080483052	0.000101215362934934
Visa_mpagosdolares_delta1	8.4321405212402e-05	0.000604148883291445	0.000179073334423345
Master_mconsumototal_dolariza	8.42158664313272e-05	4.49952467600597e-05	0.00014014434867914
mttarjeta_master_debitos_automaticos	8.42120423752317e-05	0.000820573167479247	0.000171287537274504
ccajas_extracciones	8.29153654233186e-05	0.00102158899443435	0.000163501740125663
Master_delinquency	8.24452476180531e-05	4.46411648120753e-05	6.22863771907287e-05
mcheques_emitidos_lag1	8.23486743370299e-05	0.000327365221882555	0.000132358551530298
mtarjeta_visa_descuentos_lag1	8.18160952026728e-05	0.00174143508562414	0.000163501740125663
ccheques_emitidos_rechazados_delta1	8.17815916656827e-05	0.00129145874391324	7.00721743395698e-05
mcaja_ahorro_adicional	8.10598506359688e-05	0.000406332947438525	0.000101215362934934
ccajas_extracciones_delta1	8.01260513551032e-05	0.000772212811649864	0.000163501740125663
Master_mpagado_dolariza	7.96262526167956e-05	0.000523035453064212	0.000132358551530298
ccheques_emitidos_lag1	7.88209676470364e-05	0.00114011969427075	0.00014014434867914
mpagodeservicios_delta1	7.84878047217877e-05	0.000391756434520803	0.000132358551530298
ctarjeta_master	7.83158673304145e-05	0.000527721165387679	0.000101215362934934
cforex_delta1	7.70017502586647e-05	9.81511814396092e-05	0.000109001160083775
mforex_buy_dolariza	7.58828495897165e-05	0.00139839772684481	0.000116786957232616
tcallcenter_lag1	7.46090831616197e-05	7.69591829706355e-05	0.000109001160083775
cpayroll_trx_delta1	7.34932979095852e-05	0.0007389877293643	0.000147930145827981
ctarjeta_master_debitos_automaticos_delta1	7.28287590156536e-05	0.000666588425428767	0.000132358551530298
Master_mconsumototal_lag1	7.26221264022965e-05	0.000290218702931918	0.000124572754381457
Master_mconsumosdolares_lag1	7.25834665155355e-05	0.000256371145037991	0.000147930145827981
mforex_buy	7.1747161318017e-05	0.000126716174252569	7.78579714884109e-05
Master_mpagado_lag1	7.09364790465057e-05	0.000788077233976413	0.000124572754381457
mpagodeservicios_lag1	7.09075216350206e-05	0.000565037084076367	0.000132358551530298
Master_msaldodolares_lag1	7.03799776249305e-05	0.000397293707466435	0.000163501740125663
cseguro_accidentes_personales	7.02205608354182e-05	0.000121015888273551	0.000163501740125663
minversion1_pesos_lag1	6.97690768355467e-05	0.000634817991163138	0.000124572754381457
mcheques_emitidos_delta1	6.50653386571651e-05	0.000583407451630235	0.000116786957232616
mpagodeservicios	6.49046087659163e-05	0.000930672960963016	0.000101215362934934
mcheques_emitidos_rechazados	6.29647282932872e-05	0.000554440704680888	5.45005800418876e-05
ccheques_emitidos_rechazados	6.0698855104765e-05	0.000446040078767134	7.00721743395698e-05
ccajeros_propios_descuentos	6.06309833774309e-05	0.00116238982931314	0.000101215362934934
mtarjeta_master_descuentos_lag1	5.98851402814055e-05	0.00242234964994127	0.000132358551530298
cliente_edad_delta1	5.88003714472422e-05	5.19593399410099e-05	0.000116786957232616
ctarjeta_visa_descuentos_delta1	5.874727684704e-05	8.43776445692699e-05	8.56437686372519e-05
mprestamos_hipotecarios	5.84704101376249e-05	0.000977426908504443	4.67147828930465e-05
ctarjeta_master_debitos_automaticos_lag1	5.72167486079547e-05	7.00586527075541e-05	0.000124572754381457
mcheques_depositados_delta1	5.68083086044866e-05	0.000904576885696748	0.000101215362934934
cseguro_vivienda	5.66399500076642e-05	0.000833185540615505	0.000116786957232616
ctarjeta_visa_lag1	5.47972951403319e-05	0.000203909232265507	7.00721743395698e-05
cseguro_auto_lag1	5.35900769796994e-05	0.000145257158059664	8.56437686372519e-05
ccaja_seguridad_delta1	5.31126001375006e-05	0.00161678865987662	6.22863771907287e-05
mttarjeta_master_debitos_automaticos_dolariza	5.14212300917042e-05	0.000162799763069467	0.000132358551530298
mcheques_depositados_dolariza	5.11032810020078e-05	0.000613349311524159	7.00721743395698e-05
mcheques_emitidos_rechazados_delta1	5.05949190640174e-05	0.000305570744273399	9.3429565786093e-05
mprestamos_prendarios_lag1	4.85893842189134e-05	0.000384848377070079	6.22863771907287e-05
ccheques_depositados_rechazados	4.76734781964474e-05	0.000691278209153286	6.22863771907287e-05
cseguro_vida_delta1	4.67628588699203e-05	0.00201855815476672	0.000116786957232616
Master_mpagosdolares	4.62808228418162e-05	6.62889763105028e-05	7.00721743395698e-05
Master_delinquency_delta1	4.49749962651044e-05	0.000234423614613441	7.00721743395698e-05
cinversion2_delta1	4.39522737203507e-05	0.00118981433914999	5.45005800418876e-05
ccheques_depositados_delta1	4.31359449565953e-05	0.0001534824733478	7.00721743395698e-05
mcheques_depositados_rechazados_delta1	4.30878677408688e-05	0.000568564217760498	7.78579714884109e-05
cseguro_vivienda_delta1	4.29985183648114e-05	0.000789484589968939	6.22863771907287e-05
Master_mconsumototal_delta1	4.25137476109535e-05	3.83254742191455e-05	8.56437686372519e-05
cliente_vip	4.23817178446857e-05	0.000185556656246067	7.78579714884109e-05
mcaja_ahorro_adicional_lag1	4.11019785836195e-05	0.000623934362122075	7.78579714884109e-05
cpagodeservicios_lag1	4.10567092554037e-05	0.000345384852905168	7.00721743395698e-05
mcajeros_propios_descuentos	4.09081610050361e-05	5.82530572285999e-05	5.45005800418876e-05
mpagodeservicios_dolariza	4.05715011978303e-05	0.00088989369960466	8.56437686372519e-05
Master_mpagosdolares_dolariza	4.01531240537927e-05	6.40343935311208e-05	5.45005800418876e-05
mcheques_depositados_rechazados_dolariza	3.99240900129133e-05	8.50416337579639e-05	5.45005800418876e-05
Master_delinquency_lag1	3.94335645421783e-05	2.12866585559912e-05	4.67147828930465e-05
Master_mconsumosdolares_dolariza	3.84948820563326e-05	0.000374230100401459	8.56437686372519e-05
Master_msaldodolares_dolariza	3.76751492766419e-05	0.00148484390340395	7.78579714884109e-05
Master_msaldodolares	3.71397464199268e-05	0.000580419918458203	6.22863771907287e-05
cforex_buy_lag1	3.70143122842694e-05	0.000134209907727627	4.67147828930465e-05
active_quarter_delta1	3.66224917269351e-05	0.000182170258161189	9.3429565786093e-05
Master_mconsumosdolares	3.64916689808328e-05	0.000262512873960965	7.00721743395698e-05
mprestamos_hipotecarios_lag1	3.61558671127977e-05	0.0016136477697604	7.00721743395698e-05
minversion1_pesos	3.59172409643375e-05	0.000883976417731386	6.22863771907287e-05
minversion2_delta1	3.58053595530321e-05	0.00114571247072122	7.78579714884109e-05
ccheques_depositados	3.52907836875926e-05	2.42915270692599e-05	7.78579714884109e-06
mforex_sell	3.52504129229683e-05	0.000414657104584591	7.78579714884109e-05
cforex_buy	3.43774406482696e-05	0.000287908236486707	7.78579714884109e-05
Master_mconsumototal	3.29636029707703e-05	0.000158776595322925	6.22863771907287e-05
mtarjeta_visa_descuentos	3.24795781215619e-05	0.00096382208708237	8.56437686372519e-05
ctarjeta_visa_descuentos	3.14196416616303e-05	0.000342049928618611	7.00721743395698e-05
mcajeros_propios_descuentos_dolariza	3.11141343567353e-05	0.000531711335160112	6.22863771907287e-05
tpaquete3_lag1	3.04436773969754e-05	6.26808683350678e-05	6.22863771907287e-05
cforex_sell	3.03189902374986e-05	0.000259297472290305	4.67147828930465e-05
mcajeros_propios_descuentos_lag1	2.86223627842778e-05	0.000438675447964973	5.45005800418876e-05
ctarjeta_visa_descuentos_lag1	2.85202373057405e-05	0.000106954949693231	4.67147828930465e-05
ctarjeta_master_descuentos_delta1	2.72774620550064e-05	0.00013668886152451	4.67147828930465e-05
ccheques_depositados_lag1	2.71425201055418e-05	0.000452130485956182	3.89289857442054e-05
ctarjeta_master_lag1	2.7073996172993e-05	0.000183531462609281	4.67147828930465e-05
cforex_sell_delta1	2.68275980909794e-05	0.000507206765870914	5.45005800418876e-05
cpagodeservicios	2.61408014737412e-05	0.000546893140409358	4.67147828930465e-05
mcheques_emitidos_dolariza	2.54070553676465e-05	0.000321543284386084	3.89289857442054e-05
Master_msaldodolares_delta1	2.50006271041407e-05	8.98144029486072e-05	5.45005800418876e-05
cforex	2.44738650735778e-05	3.71297918669868e-05	6.22863771907287e-05
ctarjeta_master_debitos_automaticos	2.31479853295759e-05	0.000448662353258016	5.45005800418876e-05
cinversion2	2.28494508342107e-05	0.000936641640602413	4.67147828930465e-05
minversion1_pesos_delta1	2.1178394992567e-05	0.000473034246360993	4.67147828930465e-05
cpagodeservicios_delta1	2.07295981543779e-05	0.000111531327715387	3.11431885953643e-05
ccajeros_propios_descuentos_delta1	2.06622019486991e-05	6.16024276328537e-05	4.67147828930465e-05
cplazo_fijo_lag1	2.04860796333944e-05	0.000145022294598782	3.11431885953643e-05
cplazo_fijo_delta1	2.04786470179976e-05	0.00024128985435504	3.11431885953643e-05
Master_madelantopesos_lag1	1.90408265713071e-05	4.26031217337582e-05	4.67147828930465e-05
cseguro_accidentes_personales_delta1	1.88083064828399e-05	0.000661196069853299	4.67147828930465e-05
Visa_madelantopesos	1.81844957686576e-05	3.80574607197585e-05	3.11431885953643e-05
minversion1_pesos_dolariza	1.76479299436078e-05	0.000328856745518718	3.11431885953643e-05
mtarjeta_master_descuentos_delta1	1.76166056391566e-05	4.02214131186386e-05	3.89289857442054e-05
ccheques_emitidos_delta1	1.4797039392806e-05	2.79704210214124e-05	3.11431885953643e-05
ccuenta_corriente	1.40015860773403e-05	0.000805267505778796	3.11431885953643e-05
cseguro_auto	1.39344521586436e-05	5.55986211177921e-05	2.33573914465233e-05
ccajeros_propios_descuentos_lag1	1.28886774098608e-05	0.000848536213377414	3.11431885953643e-05
ccheques_depositados_rechazados_lag1	1.24749382092585e-05	0.000218257192394816	2.33573914465233e-05
Master_madelantopesos_dolariza	1.23077780603534e-05	8.23932802230286e-05	2.33573914465233e-05
ctarjeta_master_descuentos	1.23002962735887e-05	0.000365153148458958	3.11431885953643e-05
mtarjeta_master_descuentos_dolariza	1.17300791358874e-05	0.000595514514775875	3.11431885953643e-05
mtarjeta_master_descuentos	1.14685229379345e-05	1.86500139796107e-05	2.33573914465233e-05
mcheques_depositados_rechazados	9.69822641737971e-06	0.000305935166600367	3.11431885953643e-05
tcuentas	9.6086941666947e-06	5.13136745121322e-05	3.11431885953643e-05
Visa_cadelantosefectivo_lag1	8.801434246205e-06	7.14919356797367e-05	1.55715942976822e-05
Visa_madelantopesos_lag1	8.45775769669749e-06	3.77043671903534e-06	1.55715942976822e-05
cforex_sell_lag1	8.07490240129682e-06	0.000166859502303443	2.33573914465233e-05
cinversion1_lag1	7.94865544983064e-06	2.43254374297497e-05	1.55715942976822e-05
minversion1_dolares	7.85003209184655e-06	0.00061912730240995	2.33573914465233e-05
minversion1_dolares_dolariza	7.42964332690575e-06	0.000616850366164236	2.33573914465233e-05
Master_madelantopesos	7.38146122019821e-06	3.25839787885902e-05	1.55715942976822e-05
mplazo_fijo_pesos_delta1	7.17309748894747e-06	0.000264037775732228	1.55715942976822e-05
tcuentas_delta1	7.14908257382568e-06	0.0001203498462155	1.55715942976822e-05
Master_cadelantosefectivo_delta1	6.89283164501615e-06	2.25009687967598e-06	1.55715942976822e-05
mpayroll2_lag1	5.197519555653e-06	0.000618165495100093	1.55715942976822e-05
Visa_madelantopesos_delta1	5.01586659251356e-06	0.000361407498236604	1.55715942976822e-05
Master_madelantopesos_delta1	4.56333868330972e-06	8.11035460414397e-07	7.78579714884109e-06
minversion1_dolares_lag1	4.24801091566742e-06	1.56348050873586e-05	7.78579714884109e-06
cprestamos_prendarios	4.00057213891454e-06	0.000239231510679749	1.55715942976822e-05
mprestamos_hipotecarios_delta1	3.75359031061256e-06	0.000141813431697186	7.78579714884109e-06
mplazo_fijo_pesos_lag1	3.21555505935611e-06	0.000173954294833456	7.78579714884109e-06
Visa_cadelantosefectivo_delta1	2.39372195980555e-06	3.47315082326143e-07	7.78579714884109e-06
Visa_cadelantosefectivo	2.31705248655409e-06	9.76045859652566e-05	7.78579714884109e-06
cinversion2_lag1	2.16379592888079e-06	7.81299267617165e-05	7.78579714884109e-06
mplazo_fijo_pesos_dolariza	1.64511455186435e-06	0.000292180561747431	7.78579714884109e-06
Master_cadelantosefectivo	1.61367845101e-06	8.04117290681285e-05	7.78579714884109e-06
cprestamos_prendarios_lag1	1.1195484689798e-06	0.000303753042506067	7.78579714884109e-06
