Feature	Gain	Cover	Frequency
ctrx_quarter	0.133597988764912	0.0280614509053234	0.00370762207035904
Visa_mfinanciacion_limite	0.0524415476233789	0.00187274985960311	0.00261153842488015
mdescubierto_preacordado_dolariza	0.0423390128840732	0.00578902595041223	0.00493714198572232
mcaja_ahorro	0.0407598544465834	0.0171692757434636	0.00333590674710968
mtarjeta_visa_consumo	0.0302490252110678	0.0223840078318341	0.00188717010265062
foto_mes	0.0254329117479002	0.0154337569811223	0.00763446086981386
mcuenta_corriente_dolariza	0.0229783240578825	0.00264059406625215	0.00378387136743583
mcuentas_saldo	0.0138210168106935	0.00909629405580458	0.00400308809653161
mcaja_ahorro_dolariza	0.0126320438480315	0.0060809986751471	0.00220169845309239
ctarjeta_visa_delta1	0.0122201906326242	0.000741945743637653	0.00010484278348059
mpayroll	0.0120769367574807	0.0208840713639445	0.00188717010265062
mprestamos_personales	0.01004120311602	0.00862319303902166	0.00345028069272486
Visa_Finiciomora	0.00900667104569495	0.0101717726508331	0.00143920548232446
cpayroll_trx	0.00847768948108988	0.0230923640480212	0.00119139526682488
ctrx_quarter_delta1	0.00809361973758893	0.0126889986544171	0.00848273429979317
ctarjeta_visa_transacciones	0.00715418528185409	0.0229260605476471	0.00331684442284048
mtarjeta_visa_consumo_dolariza	0.00708950058259488	0.00480623746173283	0.00127717572603628
mprestamos_personales_delta1	0.00585756648399228	0.0104452899391046	0.00381246485383963
ctarjeta_visa	0.00519893718183495	0.00380873032584845	0.000419371133922359
Master_Finiciomora	0.00493998883003423	0.00590555698640872	0.00110561480761349
mcuentas_saldo_dolariza	0.00486717171869202	0.00845343685120232	0.00355512347620545
cproductos	0.00475256950737773	0.0069982138196165	0.00302137839666791
mprestamos_personales_dolariza	0.00474382333589758	0.00632107415631212	0.0030499718830717
ccaja_ahorro	0.00473511147360873	0.00947586132243962	0.00236372820938057
Visa_delinquency	0.00451027879807312	0.0025863605419739	0.00040983997178776
Visa_mpagospesos	0.00421342249637249	0.00109780720221936	0.00159170407647805
mpayroll_dolariza	0.0041630024596593	0.0136049684124462	0.00139154967165146
Visa_status_lag1	0.00393933358515733	0.000888258334888637	0.000524213917402949
mcuenta_corriente	0.00375405717231054	0.00268147401789097	0.00377434020530123
Visa_fechaalta	0.00372207195540712	0.00261353588830066	0.00464167595954975
cproductos_delta1	0.00370967970918892	0.00864984947433162	0.0020777933453426
mactivos_margen	0.00355367942531208	0.00461238269982803	0.00492761082358772
mactivos_margen_dolariza	0.00351109827600909	0.00419112380708359	0.00386012066451262
cliente_edad	0.00349306731594916	0.00873918248625131	0.00702446649319952
mcaja_ahorro_delta1	0.00348871153945608	0.00154235346703181	0.00363137277328225
mcuentas_saldo_delta1	0.00334579612027434	0.00692637480204866	0.00476558106729954
cliente_edad_lag1	0.00322194227038869	0.00644914643475645	0.00593791400985522
Visa_Finiciomora_lag1	0.00310969847015625	0.0020013681363768	0.00117233294255569
mrentabilidad_annual_lag1	0.00310782105941694	0.00233153302691633	0.00528979498470249
mrentabilidad_annual_delta1	0.00307950942022292	0.00236187160440645	0.00568057263222105
mrentabilidad_annual_dolariza	0.00300270172383804	0.00182782145712705	0.00452730201393456
mrentabilidad_annual	0.00296555582119566	0.00193301141331679	0.00447964620326156
Master_fechaalta	0.00293493103788488	0.00352216624450074	0.00397449461012781
mdescubierto_preacordado_delta1	0.00288994836176487	0.00736741200000946	0.00123905107749788
chomebanking_transacciones	0.00276543066089424	0.00289987145981973	0.00462261363528055
numero_de_cliente	0.00274491458956632	0.00848234988012673	0.00583307122637463
mcomisiones_mantenimiento_dolariza	0.00273093449346294	0.00695646093208508	0.00342168720632107
Visa_msaldototal_dolariza	0.00271126135579387	0.00126431653467203	0.00148686129299746
Visa_Finiciomora_delta1	0.00259263878288786	0.00282349515991356	0.000695774835825732
Visa_mpagospesos_lag1	0.0025022418875261	0.00355488283605871	0.00335496907137887
Visa_Fvencimiento_lag1	0.00249613601721257	0.00134612856527793	0.00449870852753076
mautoservicio	0.00248827380631886	0.0130785823997778	0.00154404826580505
Visa_status	0.00242748981875655	0.00183182045787042	0.000562338565941345
Master_fechaalta_lag1	0.00238538081581125	0.00269686008387871	0.00443199039258857
Master_Fvencimiento	0.00231897390023697	0.00169886899850887	0.00478464339156873
Visa_mpagominimo_dolariza	0.00220942588121152	0.0130175324792811	0.00224935426376538
mes	0.00218313547601532	0.00497082910694681	0.00328825093643668
mcomisiones	0.00214902754932779	0.000418546539347712	0.00213498031815019
canarito2	0.00213880453829318	0.000867581581310878	0.00477511222943414
mactivos_margen_lag1	0.00211910564953578	0.00290015823886725	0.00424136714989659
mrentabilidad_delta1	0.00209299960138916	0.00114815779173887	0.00405074390720461
mcuenta_corriente_delta1	0.00208590015186456	0.00199841640672953	0.00385058950237803
mcuenta_corriente_lag1	0.00207021041583122	0.00168324812331748	0.00375527788103203
mcaja_ahorro_dolares_delta1	0.00205432015879519	0.00747233659502672	0.00284028631611052
chomebanking_transacciones_lag1	0.00203106730757881	0.00104522159444483	0.00364090393541685
mcaja_ahorro_lag1	0.00203010620796023	0.00416061388659309	0.00372668439462824
canarito88	0.00201951819149378	0.000777290591935906	0.00433667877124258
canarito51	0.00200768438568199	0.000788636711242677	0.00430808528483878
Visa_Fvencimiento	0.00197833332337333	0.0013042159885899	0.00422230482562739
canarito5	0.00196663863916931	0.000760998675821135	0.00445105271685777
canarito99	0.00195753154811166	0.000618301453375157	0.00432714760910798
canarito83	0.00195317855144149	0.000748046373370125	0.00426996063630038
Master_Fvencimiento_lag1	0.00195166157400964	0.00173478047558964	0.00403168158293541
canarito93	0.00193965613563037	0.000745573553708313	0.00447964620326156
canarito57	0.00193380273294327	0.000834829083315331	0.0041079308800122
chomebanking_transacciones_delta1	0.00192603585391694	0.00156469924001957	0.00379340252957043
canarito49	0.00192513145531972	0.000815549058662588	0.0040698062314738
cprestamos_personales_lag1	0.00191491733041746	0.0019691833695544	0.0010484278348059
canarito41	0.00191086671973956	0.000859066716104225	0.00434620993337718
mttarjeta_visa_debitos_automaticos_delta1	0.00190997033648303	0.00304606955992983	0.00339309371991727
mcuentas_saldo_lag1	0.00190907635320946	0.00149982118932676	0.00339309371991727
canarito46	0.00190501398715629	0.000752746337068197	0.00425089831203119
canarito102	0.0018994915144814	0.00110827723594604	0.0041269932042814
mrentabilidad_lag1	0.00189318502282128	0.00134293273484886	0.00378387136743583
canarito87	0.00189168861682797	0.00128855983689843	0.0041555866906852
mactivos_margen_delta1	0.00189040730761002	0.00132882670186401	0.00405074390720461
canarito25	0.0018894805841307	0.000792952728033636	0.0040983997178776
canarito60	0.0018828746329937	0.000677739521290105	0.0041269932042814
canarito103	0.00188257547673336	0.000610258411357066	0.00405074390720461
canarito108	0.00188071661853802	0.000883908773925729	0.00420324250135819
Visa_msaldototal_lag1	0.00187979323246915	0.00121197927975743	0.00162029756288184
internet	0.00187951183567694	0.000698282728117564	0.0010674901590751
canarito95	0.00187421102457896	0.000950591280591346	0.00399355693439701
canarito52	0.00187378522837004	0.000800187402753034	0.00418418017708899
ctrx_quarter_lag1	0.00186899911709569	0.00181828278599622	0.00323106396362909
canarito33	0.00186257925319952	0.000654434668456434	0.00416511785281979
Visa_mpagominimo	0.00186233129074949	0.00937957600528554	0.00243044634432276
canarito107	0.00186212818764667	0.00105039464120647	0.00417464901495439
canarito18	0.00185616791229373	0.000671698420651516	0.00426996063630038
canarito91	0.00185584711904549	0.000668331247222067	0.00403168158293541
canarito72	0.00184061529161412	0.000918377379159511	0.00438433458191557
canarito74	0.00183479471792856	0.000872008782070836	0.00433667877124258
canarito98	0.00183458846702314	0.000786883122723108	0.00423183598776199
canarito79	0.00183428558274453	0.000771329020906871	0.00426042947416579
Visa_mconsumospesos_lag1	0.00183424491349696	0.000594828879681734	0.00216357380455399
canarito71	0.00183370188048486	0.000573099343054731	0.0040793373936084
cliente_antiguedad_lag1	0.00183255419174984	0.0036227208055863	0.00384105834024343
canarito63	0.00182667897167427	0.00113021244716725	0.00427949179843498
canarito59	0.00182533019732649	0.000670834303883947	0.00420324250135819
canarito44	0.00182222629744939	0.000860177925856724	0.00423183598776199
canarito54	0.00182058096158192	0.000921122646790686	0.00420324250135819
canarito19	0.00181100006466865	0.000643857702838892	0.00386965182664722
canarito6	0.00180649819102724	0.00074877773080927	0.0041079308800122
canarito47	0.00180526461695376	0.000844337832414844	0.00400308809653161
canarito77	0.00180303497176936	0.000702360313564236	0.00422230482562739
canarito101	0.00179748796945528	0.000775321879759603	0.00404121274507001
canarito43	0.00179513154668105	0.000839568418107241	0.0041269932042814
canarito96	0.00178800297245269	0.000931643075517475	0.00394590112372402
mcomisiones_dolariza	0.00178603955824064	0.00067597223162988	0.00231607239870757
canarito70	0.00178405829685706	0.000851372974430669	0.00416511785281979
canarito69	0.00177223823956589	0.000774713675101984	0.00384105834024343
canarito89	0.00177049555512126	0.000647801426566513	0.00396496344799321
canarito9	0.00176818676605517	0.000749600271701745	0.0041079308800122
canarito35	0.00176054769427519	0.0007167928116592	0.00394590112372402
canarito32	0.00174804594194863	0.000605533092674562	0.00382199601597423
canarito55	0.0017477579105979	0.000936089016918101	0.00392683879945482
canarito24	0.00173764693377646	0.000568987426014232	0.00378387136743583
canarito90	0.00173360484000277	0.000665821891185173	0.00381246485383963
canarito45	0.00173133858567591	0.000878342488678833	0.00398402577226241
canarito82	0.0017310701000086	0.000674552352501686	0.00382199601597423
canarito53	0.00173054345114441	0.000730710335846755	0.00398402577226241
canarito86	0.00173032801603996	0.000878692103992119	0.00402215042080081
Visa_mpagominimo_delta1	0.00172881193983066	0.0023198946166089	0.00254482028993795
canarito65	0.00172157479770173	0.000653644726829657	0.00387918298878182
canarito106	0.00171939101187044	0.00092078421286805	0.00389824531305102
canarito14	0.00171803606161229	0.000855928839925292	0.004088868555743
Visa_mfinanciacion_limite_dolariza	0.00171398062490714	0.00127394575931869	0.00326918861216748
canarito20	0.00171333129585558	0.000664035388431154	0.00389824531305102
canarito66	0.00170823878405215	0.000781114155085131	0.00389824531305102
canarito21	0.00170719935968905	0.000753564310913787	0.00386012066451262
canarito13	0.00170496124270058	0.000604149592437075	0.00388871415091642
canarito92	0.00170223043990734	0.000815447008787358	0.00387918298878182
canarito73	0.00170024068892933	0.000544865544241223	0.00380293369170503
canarito105	0.00169786619941298	0.000639029389374907	0.00383152717810883
mpasivos_margen_dolariza	0.00169242221924265	0.000911308850456111	0.00268778772195694
canarito34	0.00169149129630033	0.000503793934117589	0.00385058950237803
canarito58	0.00168988465697839	0.000647452283706353	0.00366949742182064
Visa_mpagominimo_lag1	0.00168724476904767	0.0028483573757351	0.00285934864037972
Visa_fechaalta_lag1	0.00168341509132191	0.00175628480955989	0.00347887417912866
cliente_antiguedad	0.0016811745230081	0.00329632278382086	0.00298325374812951
canarito94	0.00167898594516975	0.00119860082458671	0.00393636996158942
canarito10	0.00167691043884781	0.000641348661770749	0.00379340252957043
canarito64	0.00167611796865788	0.00091936181398985	0.00362184161114765
canarito15	0.00166976514994525	0.000739371504038112	0.00389824531305102
canarito56	0.00166962300413111	0.000475828331195309	0.00356465463834005
mttarjeta_visa_debitos_automaticos_lag1	0.001662505388925	0.00160132884585196	0.00293559793745651
canarito68	0.00166143328880722	0.000602041506588583	0.00381246485383963
canarito23	0.00165898492900462	0.000708453699015442	0.00367902858395524
canarito109	0.00165100856621983	0.0007077791934358	0.00389824531305102
canarito40	0.00165021458244419	0.000635460163491878	0.00375527788103203
canarito11	0.001645343087707	0.000565245912224566	0.00365043509755144
canarito85	0.00164166280053227	0.000921883296323647	0.00371715323249364
canarito26	0.0016364383021507	0.000575551217294622	0.00371715323249364
canarito30	0.00163381926905595	0.00084959292853604	0.00368855974608984
canarito8	0.00162830657889823	0.000666447734092831	0.00355512347620545
canarito97	0.00162675304413447	0.000670614613180328	0.00371715323249364
canarito39	0.00162510988696276	0.000604358101750044	0.00363137277328225
canarito31	0.00162221895073358	0.000675969869364249	0.00342168720632107
canarito12	0.00161854746089543	0.000632187480687642	0.00365996625968604
canarito48	0.00161762175536843	0.00066624505170175	0.00370762207035904
canarito22	0.00161742687203948	0.000463924244746657	0.00342168720632107
canarito80	0.00161715037352837	0.00122824363610651	0.00367902858395524
Master_mfinanciacion_limite_dolariza	0.00161066655497876	0.000938394745657662	0.00291653561318732
canarito16	0.00160158593395876	0.0007424112674512	0.00381246485383963
Visa_status_delta1	0.00160019615593572	0.000347762982063494	0.000505151593133751
canarito4	0.00159990406994183	0.000510150948413138	0.00342168720632107
ccomisiones_mantenimiento_delta1	0.00159915660189021	0.00240987347195192	0.00143920548232446
canarito50	0.00159761954209886	0.000597064842843013	0.00369809090822444
canarito27	0.00159554925116352	0.000504057877930682	0.00352652998980166
canarito81	0.00159415161120268	0.000743964535845319	0.00361231044901305
Visa_mfinanciacion_limite_lag1	0.0015906591531642	0.0015648338891605	0.00333590674710968
canarito3	0.00158761997838829	0.000560418386182457	0.00353606115193626
mpasivos_margen_lag1	0.00158617096218784	0.000789882885104856	0.00321200163935989
Visa_mpagospesos_delta1	0.00158357171494646	0.00318929671729887	0.00323106396362909
mpasivos_margen	0.00158289672625529	0.00307879528558157	0.00282122399184133
canarito42	0.00157767695964322	0.000465624918516108	0.00365043509755144
canarito78	0.00157749047898559	0.00100406226552412	0.00371715323249364
Visa_fultimo_cierre	0.00157741075363981	0.00213496055714604	0.0030785653694755
Master_mfinanciacion_limite_lag1	0.00157727631089861	0.000973671875674513	0.00267825655982234
mrentabilidad_dolariza	0.00156772090742546	0.00082105612978435	0.00287841096464892
mpayroll_lag1	0.00156726967582919	0.00400094016345268	0.00162029756288184
canarito37	0.00156584468115006	0.00071778638058331	0.00356465463834005
ccaja_ahorro_delta1	0.00156150789166046	0.00985044720079782	0.0010484278348059
ccaja_seguridad_lag1	0.00155957668503553	0.00196708252798718	0.00051468275526835
canarito104	0.00155661785998488	0.000627913984678029	0.00361231044901305
canarito1	0.00154877254962789	0.000748711114918495	0.00353606115193626
canarito76	0.00154620188978998	0.00064795544628561	0.00360277928687845
canarito67	0.00154422380242639	0.000815764182319322	0.00356465463834005
canarito61	0.00154077311195657	0.000877135843394869	0.00361231044901305
canarito36	0.00153203086465689	0.000764749638673322	0.00365043509755144
canarito29	0.00153175163797736	0.000928903949776939	0.00370762207035904
mpasivos_margen_delta1	0.0015262801328318	0.00115629264714779	0.0030880965316101
canarito17	0.00151412249598854	0.000565224336865143	0.00343121836845567
canarito62	0.00151230555096197	0.000778454086501023	0.00354559231407085
canarito38	0.00149686405937158	0.000885565509554455	0.00344074953059027
mcomisiones_lag1	0.00149615057326213	0.000544490888912256	0.00258294493847635
canarito28	0.00148689246461512	0.000492542935373531	0.00352652998980166
canarito100	0.00148514644400848	0.000669739787475236	0.00364090393541685
canarito7	0.00147314333866421	0.000569216880749123	0.00339309371991727
cmobile_app_trx	0.00146505822695406	0.00203123300086585	0.00284981747824512
Master_fultimo_cierre_lag1	0.00146023681896697	0.000971930413451846	0.00320247047722529
mcaja_ahorro_dolares_lag1	0.00145908522758718	0.0023364323658336	0.00239232169578437
mpayroll_delta1	0.0014561249568351	0.00792868395150634	0.0020491998589388
mrentabilidad	0.00144977290997472	0.00100801890297052	0.00284028631611052
canarito75	0.00143325903362067	0.000823126734351508	0.00345981185485946
Visa_mlimitecompra_dolariza	0.0013895694696909	0.000802758492665067	0.00232560356084217
ccaja_seguridad	0.00135245028630738	0.00717989582672829	0.000743430646498728
Master_mfinanciacion_limite	0.0013233529049594	0.00140045846999388	0.00268778772195694
ccallcenter_transacciones	0.00130428943209402	0.00226776461113227	0.00157264175220885
mcuenta_debitos_automaticos	0.00128950029547817	0.00615371362081066	0.00166795337355484
Visa_fultimo_cierre_lag1	0.00127593306463971	0.0018158387859751	0.00287841096464892
mcomisiones_mantenimiento_lag1	0.00125833644921619	0.0021054196380171	0.00250669564139956
mdescubierto_preacordado	0.00125188248852073	0.00209475117397747	0.00129623805030547
mtransferencias_recibidas_dolariza	0.00122074183387505	0.00288088041899576	0.00156311059007425
Visa_msaldopesos_dolariza	0.00121178224400023	0.00233214548365208	0.00130576921244007
mcaja_ahorro_dolares	0.00120850618455504	0.00131714813304086	0.0021063868317464
Visa_mlimitecompra_lag1	0.00119413238029109	0.000810856024277032	0.00225888542589998
mcomisiones_delta1	0.00119150684778219	0.000827619133642863	0.00260200726274555
mcomisiones_mantenimiento_delta1	0.00119101204086626	0.00158180771262055	0.00187763894051602
mcomisiones_otras_dolariza	0.00117778516768617	0.00113574676308595	0.00212544915601559
mcomisiones_otras_lag1	0.00117613276873081	0.000827355189829769	0.00227794775016918
cmobile_app_trx_delta1	0.00117263856926508	0.00103006136105135	0.00228747891230378
mcomisiones_otras	0.00116898625775487	0.00104644792527571	0.00246857099286116
ctarjeta_visa_transacciones_delta1	0.00116610542614215	0.00539366709552292	0.00231607239870757
canarito84	0.0011628801277644	0.000601358181883921	0.00274497469476453
Master_status	0.00113283828687734	0.00108272004157605	0.000552807403806746
Master_fultimo_cierre	0.00110312810837261	0.000992149832403577	0.00236372820938057
Visa_mpagospesos_dolariza	0.00109239612804134	0.00104941839556364	0.00217310496668859
mtarjeta_master_consumo	0.00109227242038224	0.00581191709179184	0.0010198343484021
Visa_cconsumos_delta1	0.00109134510014533	0.0021755949906437	0.00218263612882319
tpaquete3	0.00107230590332838	0.00178719080325441	0.000752961808633327
ccomisiones_otras_lag1	0.00106633265068285	0.000634102018238823	0.00220169845309239
mcaja_ahorro_dolares_dolariza	0.00106456172200158	0.00200664402043554	0.00176326499490083
cmobile_app_trx_lag1	0.00105033241578163	0.00060654398487996	0.00214451148028479
mcomisiones_mantenimiento	0.00102540543061891	0.00161312537047225	0.00174420267063163
mttarjeta_visa_debitos_automaticos_dolariza	0.00102409264228256	0.00127393394799054	0.0020968556696118
Visa_msaldopesos_delta1	0.00102290828713258	0.00105826067078666	0.0020968556696118
Visa_msaldopesos	0.00102234186134819	0.00260262852046362	0.00139154967165146
Master_mpagominimo_lag1	0.00101455462062238	0.00080049024520684	0.000991240861998303
mtarjeta_master_consumo_dolariza	0.000993736828724346	0.00153665190270648	0.00072436832222953
Visa_cconsumos_lag1	0.000992380543096266	0.00157447807482282	0.002068262183208
ccomisiones_otras	0.00098996316490602	0.00120292266829956	0.00214451148028479
mtransferencias_recibidas	0.000986513313548521	0.00446875600459871	0.00171560918422783
Visa_mconsumospesos_delta1	0.000980731614468221	0.000975763425663593	0.00211591799388099
mcomisiones_otras_delta1	0.000959172386389379	0.000866195246354634	0.0020301375346696
ctarjeta_visa_debitos_automaticos_lag1	0.000919760032945829	0.000980426538017832	0.00170607802209323
Master_mlimitecompra	0.000917019236023673	0.00116918038100491	0.00197295056186201
Master_mlimitecompra_dolariza	0.000914659426993491	0.00123265162377268	0.00193482591332361
mtransferencias_recibidas_lag1	0.000907526249429593	0.00306990639498345	0.00170607802209323
ctarjeta_visa_debitos_automaticos_delta1	0.000900905207691657	0.00110198274294751	0.00136295618524767
ccomisiones_mantenimiento	0.000899430135625784	0.00194716028205174	0.000876866916383115
ccallcenter_transacciones_delta1	0.00088570770021944	0.00152880414131383	0.00162982872501644
mpagomiscuentas	0.000883805318514989	0.00535336306424476	0.00115327061828649
cprestamos_personales	0.000880938992917985	0.00411259642809446	0.00132483153670927
cproductos_lag1	0.000880411565803255	0.00084901055131598	0.00152498594153585
mprestamos_personales_lag1	0.000868925099588683	0.00155154850725562	0.00179185848130463
mpagomiscuentas_dolariza	0.000862078908425526	0.00759047664888621	0.0010103031862675
ctarjeta_visa_transacciones_lag1	0.000845164233981409	0.00159206372508112	0.00154404826580505
Visa_msaldototal	0.000839309316928319	0.0011746559552516	0.00145826780659366
Visa_mlimitecompra	0.000834591853999279	0.000727635453417964	0.00172514034636243
ctarjeta_master	0.000834217797171939	0.000756565175686162	0.000324059512576368
tcallcenter	0.000813241625281532	0.000737807054253343	0.000590932052345142
Visa_mconsumospesos_dolariza	0.000808148615035705	0.0012642725965313	0.00160123523861264
Visa_mconsumospesos	0.000784625950740936	0.000890002631830061	0.00162029756288184
mtarjeta_visa_consumo_delta1	0.000783853572429911	0.000937688743202949	0.00157264175220885
mtransferencias_emitidas_lag1	0.000782808452496366	0.00155184473536566	0.00162982872501644
Visa_msaldototal_delta1	0.000781484559693713	0.000692696599839374	0.00168701569782404
tpaquete3_delta1	0.000778546117878237	0.00537344279455556	0.000657650187287336
Master_mlimitecompra_lag1	0.000775671998383789	0.000633627990269007	0.00156311059007425
Master_mpagominimo_dolariza	0.000775042981405938	0.00523296515689582	0.000972178537729105
cprestamos_personales_delta1	0.000774937363585207	0.00211670937791749	0.000600463214479742
Visa_msaldopesos_lag1	0.000774442513129698	0.000941721918055771	0.00138201850951687
mtransferencias_emitidas	0.000760935418101907	0.00124377254042269	0.00128670688817087
thomebanking	0.000754352963670409	0.00116578108076289	0.000905460402786912
mcuenta_debitos_automaticos_dolariza	0.000750543926515928	0.00235478858714052	0.00137248734738227
tmobile_app	0.000732385405933945	0.000267023577538132	0.000934053889190709
mttarjeta_visa_debitos_automaticos	0.000727366017689511	0.00114937908306974	0.00149639245513205
Visa_cconsumos	0.000721404852350045	0.00134077787614089	0.00147733013086286
mtransferencias_emitidas_delta1	0.000720992544828742	0.0012080777618424	0.00161076640074724
cplazo_fijo	0.000703678935913549	0.0109650072758986	0.000648119025152737
Visa_mconsumosdolares_dolariza	0.000700935057044361	0.000838089639822665	0.0010674901590751
mtransferencias_emitidas_dolariza	0.00069864974829791	0.0020880843879156	0.00132483153670927
Visa_mconsumosdolares_lag1	0.00069352264811926	0.000743608621157018	0.00153451710367045
Master_mpagospesos_lag1	0.000682459296449837	0.000624329167841841	0.00139154967165146
Visa_mconsumosdolares_delta1	0.000672985851481727	0.00136280017622168	0.00152498594153585
mautoservicio_dolariza	0.00066001237945418	0.00151785629999233	0.0010103031862675
Master_msaldototal	0.000633678893011151	0.00138097481804381	0.000829211105710119
mtarjeta_visa_consumo_lag1	0.000628878356558008	0.00057692416607896	0.00123905107749788
mtransferencias_recibidas_delta1	0.000622458860017313	0.000580464729805674	0.00133436269884387
ctarjeta_debito_transacciones_delta1	0.000618493382332599	0.000896576502110473	0.00131530037457467
Master_status_delta1	0.000617408972529168	0.000882925284001641	0.000362184161114765
ccomisiones_otras_delta1	0.000605738378355001	0.000525448508181923	0.00133436269884387
mautoservicio_lag1	0.000592780804985601	0.00332477800566612	0.00122951991536328
Visa_mfinanciacion_limite_delta1	0.000589148714412491	0.00194688846401988	0.00121998875322868
Visa_madelantodolares_lag1	0.000580799952893793	2.99966789112233e-05	1.90623242691981e-05
tmobile_app_delta1	0.000569029145581237	0.000802664631977356	0.00092452272705611
ctarjeta_visa_debitos_automaticos	0.000567560753642188	0.000578586098692073	0.00125811340176708
Master_msaldopesos	0.000561330473730328	0.00122636705228979	0.000943585051325308
Visa_mpagado_delta1	0.000559589097189797	0.00156060763846349	0.00128670688817087
ctransferencias_emitidas_delta1	0.000558129623998778	0.00225650101363818	0.00123905107749788
ctransferencias_emitidas	0.000536974901584947	0.00257831277542455	0.000914991564921511
ctarjeta_master_transacciones	0.000531378970767308	0.00327844830721816	0.00072436832222953
mplazo_fijo_dolares	0.000529531747316054	0.00389241453070856	0.000686243673691133
ctarjeta_debito_transacciones	0.000520491706279676	0.000809440712195723	0.000857804592113916
mcuenta_debitos_automaticos_lag1	0.000519972614420143	0.000870895210052706	0.00111514596974809
Master_mpagospesos	0.000517504762149169	0.000715039853077132	0.000943585051325308
Master_mpagospesos_delta1	0.00051567620001282	0.000610613538623489	0.00119139526682488
Visa_mconsumosdolares	0.000509459552047849	0.000953218592425381	0.0010770213212097
mextraccion_autoservicio_delta1	0.000502216550957994	0.000605802705925168	0.00115327061828649
Master_mpagominimo	0.000497765236603815	0.00199821262194782	0.000829211105710119
internet_lag1	0.000491566195484352	0.000495929636865524	0.000943585051325308
Master_status_lag1	0.000490893773911951	0.000260331121523078	0.000266872539768774
Master_msaldopesos_dolariza	0.000489486914327397	0.000737135383392457	0.000743430646498728
mautoservicio_delta1	0.000486556642660026	0.000506681567624084	0.00110561480761349
ctarjeta_debito_transacciones_lag1	0.00048137419071892	0.00134076622229712	0.0010198343484021
mcuenta_debitos_automaticos_delta1	0.000471980952841014	0.00128001457720734	0.00111514596974809
tcallcenter_delta1	0.000450671963754975	0.000481207525004284	0.000581400890210543
ctransferencias_emitidas_lag1	0.000449322182690885	0.00133913137699656	0.000991240861998303
Master_msaldopesos_lag1	0.000443807840525913	0.000581748857402312	0.000867335754248516
ccajas_consultas_delta1	0.000440583475830332	0.00195404660133285	0.0010103031862675
mextraccion_autoservicio	0.000440503241274298	0.000351830016057017	0.000686243673691133
cpagomiscuentas_delta1	0.000438161152386174	0.00206450503981569	0.000867335754248516
mcheques_emitidos_rechazados_dolariza	0.000434511317326293	0.0013613092716402	0.000447964620326156
ctransferencias_recibidas	0.000428641021437101	0.000899463978132593	0.000857804592113916
mpagomiscuentas_lag1	0.000420186322183174	0.000753551082226257	0.000876866916383115
mextraccion_autoservicio_lag1	0.000418863307194692	0.000375097545093729	0.000838742267844718
mpagomiscuentas_delta1	0.000415954947017466	0.000858148739680285	0.00092452272705611
Master_mpagominimo_delta1	0.00041559815371276	0.00132776132006474	0.000848273429979317
tpaquete4	0.00041554785316614	0.00385295839530731	0.000571869728075944
ccaja_ahorro_lag1	0.00041402251769494	0.000811849908169892	0.000772024132902525
matm_lag1	0.000409340048106054	0.000385353872523049	0.000829211105710119
Master_mpagospesos_dolariza	0.000408962536202139	0.000530469110068216	0.000733899484364129
Master_mfinanciacion_limite_delta1	0.000405134338978249	0.000578799332536303	0.00092452272705611
Master_fultimo_cierre_delta1	0.000403826213122603	0.000292612741236316	0.000848273429979317
matm_other_delta1	0.000399115977608262	0.00052366688744354	0.000895929240652313
Master_msaldototal_lag1	0.00039596557636428	0.000367044739044366	0.00071483716009493
Master_mconsumospesos_delta1	0.000391401911003555	0.00131154798865327	0.000867335754248516
matm_delta1	0.000390772660566148	0.000584680586533907	0.000895929240652313
ccajas_consultas	0.000389765940047796	0.00178502744039017	0.000886398078517714
ccuenta_debitos_automaticos_lag1	0.000384861058409399	0.000707044843793523	0.000772024132902525
cpagomiscuentas_lag1	0.000376989047364207	0.000369115343611523	0.000800617619306322
Visa_mpagosdolares_lag1	0.00037682018400783	0.0011650525580425	0.00072436832222953
Master_msaldototal_dolariza	0.000371493359959793	0.00123030983111116	0.000638587863018138
ctarjeta_debito_lag1	0.000370200999802707	0.00135215612226024	0.00081967994357552
thomebanking_lag1	0.000368717595290642	0.00013672557241692	0.000609994376614341
ctarjeta_debito	0.000364891436468298	0.00162013751976927	0.000800617619306322
ctransferencias_recibidas_lag1	0.000361958866566386	0.000882350781000349	0.000876866916383115
cextraccion_autoservicio	0.000360219338507429	0.00144168646210225	0.000743430646498728
ccheques_emitidos_rechazados_lag1	0.000356297268850494	0.00110714508077162	0.000238279053364977
mprestamos_prendarios_dolariza	0.000350410845993443	0.00278802495405252	0.000343121836845567
Master_msaldopesos_delta1	0.000349349480489591	0.000348275436220897	0.000800617619306322
mtarjeta_master_consumo_lag1	0.000347251653343006	0.00150382837925765	0.000609994376614341
ctarjeta_master_transacciones_lag1	0.00034084679000355	0.000530676674474933	0.000657650187287336
Master_mconsumospesos_lag1	0.000339100364744078	0.000748044641041996	0.000762492970767926
ccuenta_debitos_automaticos_delta1	0.000338241790855563	0.00257115369320532	0.000810148781440921
mprestamos_prendarios	0.000336526649488629	0.0046417451891597	0.000390777647518562
Visa_mpagado	0.000334106311543083	0.000664425319744531	0.000676712511556534
Master_cconsumos_lag1	0.000331604951895784	0.000460727784380092	0.000743430646498728
ctransferencias_recibidas_delta1	0.0003314631915396	0.000778029508625068	0.00071483716009493
Visa_fultimo_cierre_delta1	0.000331278256303081	0.000164939370714758	0.00071483716009493
tmobile_app_lag1	0.000330442653836062	0.000454802434757389	0.000743430646498728
cpagomiscuentas	0.000326043628024008	0.000528023377718964	0.000733899484364129
ccuenta_debitos_automaticos	0.000310934612959319	0.00235459929092134	0.000667181349421935
matm_other_lag1	0.000307660513887751	0.000325750288529605	0.000629056700883539
cextraccion_autoservicio_delta1	0.000306152393249758	0.00101962613137163	0.000743430646498728
mplazo_fijo_dolares_delta1	0.000304701108153266	0.00314371491214947	0.000686243673691133
mextraccion_autoservicio_dolariza	0.000302328231005991	0.000695154301001152	0.000562338565941345
Visa_cadelantosefectivo_lag1	0.000301533625191718	1.45323431889385e-05	9.53116213459907e-06
Visa_mconsumototal_delta1	0.000299563663968485	0.000427069593741883	0.000676712511556534
mplazo_fijo_dolares_dolariza	0.000289258552418013	0.00216674137654566	0.000467026944595355
catm_trx_delta1	0.000282414546348904	0.000448369198024168	0.000638587863018138
cextraccion_autoservicio_lag1	0.000270544334267274	0.000294153410880407	0.000581400890210543
Master_msaldototal_delta1	0.000269599830720442	0.000379028670071322	0.000629056700883539
tcuentas_lag1	0.000264306039326827	0.000317882526621282	0.000162029756288184
ccomisiones_mantenimiento_lag1	0.000263056747151818	0.000371869745336469	0.000447964620326156
Master_mlimitecompra_delta1	0.000262743741870893	0.000777908875593547	0.000562338565941345
Visa_mconsumototal_dolariza	0.000261296330860941	0.000327897430503184	0.000581400890210543
Master_Finiciomora_lag1	0.000260638713370936	0.00177107731693691	0.000552807403806746
ccallcenter_transacciones_lag1	0.000260488971382117	0.000357606070491885	0.00061952553874894
catm_trx_other_lag1	0.000258793903635554	0.000753026029318826	0.000600463214479742
Visa_mconsumototal_lag1	0.000252248486095599	0.000118949838517561	0.000571869728075944
catm_trx_other_delta1	0.000249325797182104	0.000796880703323721	0.00061952553874894
ctarjeta_master_transacciones_delta1	0.000247186577156963	0.000780570204052658	0.000590932052345142
Visa_mconsumototal	0.000246407939289636	0.000209515638127526	0.000495620430999152
mdescubierto_preacordado_lag1	0.000242076461317026	0.000247836153698098	0.000381246485383963
Visa_msaldodolares_delta1	0.000240855334882566	0.00031718156366658	0.000571869728075944
Visa_msaldodolares	0.000238430399531604	0.000316367526930374	0.000400308809653161
mttarjeta_master_debitos_automaticos_delta1	0.000230015585032474	0.000876847804472346	0.000609994376614341
cliente_vip_lag1	0.000229341344004887	0.000676038690036279	0.000257341377634175
Master_Finiciomora_delta1	0.000228895290497859	0.000510743562117596	0.000238279053364977
Master_mconsumospesos	0.000228041555277108	0.000371276501694509	0.000486089268864553
Visa_mpagado_dolariza	0.000226108120798835	0.000894269356011533	0.000543276241672147
Visa_mpagado_lag1	0.000224692979018075	0.000336257331084489	0.000533745079537548
matm	0.000219663440120712	0.000252482257739798	0.000447964620326156
catm_trx_lag1	0.000217125061372236	0.000363335037098521	0.000447964620326156
Visa_msaldodolares_dolariza	0.000216945910345892	0.000480348762705477	0.000505151593133751
mcheques_depositados	0.000211801391993258	0.00249544859170691	0.000428902296056958
cinversion1	0.000209585154503485	0.00490324248248228	0.000285934864037972
Visa_mlimitecompra_delta1	0.000209283593266395	0.000780040741582717	0.000495620430999152
matm_other	0.000209120736343727	0.00161822061995246	0.000428902296056958
Master_cconsumos_delta1	0.000205975628982431	0.000613027301644544	0.000476558106729954
Visa_mpagosdolares_dolariza	0.000205525727294134	0.000648499239833708	0.000476558106729954
Visa_msaldodolares_lag1	0.000204818464379979	0.000378465978398181	0.000467026944595355
Master_Fvencimiento_delta1	0.000202895246722318	0.000208791210000897	0.000428902296056958
mcheques_emitidos_rechazados_lag1	0.000200801851561946	0.00157063923568918	0.000343121836845567
mforex_sell	0.000199230847125774	0.000740528226775089	0.000428902296056958
mforex_sell_delta1	0.000197971744343538	0.000464337956200713	0.000457495782460755
Master_cconsumos	0.000197152408514367	0.000307209967987901	0.000381246485383963
cpayroll_trx_lag1	0.000195503745380063	0.000549686140970817	0.000343121836845567
mprestamos_prendarios_delta1	0.000193123049210352	0.00144332681935594	0.000295466026172571
ccajas_consultas_lag1	0.000191914974195009	0.000912741013365583	0.000486089268864553
cpayroll_trx_delta1	0.000191155094397215	0.000561166121996639	0.000438433458191557
mtarjeta_master_consumo_delta1	0.000190208791214291	0.000971610090232375	0.000467026944595355
mcaja_ahorro_adicional	0.000187900340165186	0.000301747149975613	0.00030499718830717
tpaquete4_lag1	0.000186697490055842	0.000855527097283763	0.000343121836845567
internet_delta1	0.000185049199582915	0.00011739562521719	0.000476558106729954
catm_trx	0.00018310397664554	0.000436875673342065	0.00040983997178776
ccheques_emitidos	0.000180724290469306	0.00349517531237753	0.000333590674710968
mforex_buy_lag1	0.000178263579782313	0.00151959083290248	0.00040983997178776
thomebanking_delta1	0.000176913126117499	0.000328725955801923	0.000371715323249364
matm_dolariza	0.000176582523978639	0.0001629575873353	0.000390777647518562
Master_mconsumospesos_dolariza	0.000173586276734538	0.000221590280154686	0.000390777647518562
mttarjeta_master_debitos_automaticos_dolariza	0.000173225596858824	0.000622730386463245	0.000352652998980166
Visa_mpagosdolares_delta1	0.000172294749447538	0.00074128682901117	0.000467026944595355
ccajas_transacciones_delta1	0.000171903257592183	0.000262028960573772	0.000343121836845567
Visa_Fvencimiento_delta1	0.000171050671722786	4.2157779860453e-05	0.000362184161114765
mforex_buy_delta1	0.000168804539861785	0.00135190115505654	0.000390777647518562
matm_other_dolariza	0.000167810912741574	0.000440318911724811	0.000371715323249364
Visa_fechaalta_delta1	0.000164845470922768	0.000127935424522148	0.000362184161114765
ccajas_transacciones_lag1	0.000164752892348797	0.000131912534937344	0.000343121836845567
mcaja_ahorro_adicional_lag1	0.000161622310978368	0.000302406537055221	0.000343121836845567
mcheques_emitidos_rechazados	0.000160660249587565	0.000723924491597116	0.000276403701903373
cliente_vip_delta1	0.000159350063014386	0.000413512551289513	0.000228747891230378
catm_trx_other	0.000158004381849654	0.000425413488050658	0.000352652998980166
Master_delinquency	0.000154752463464578	0.000211575376272784	0.000162029756288184
mcaja_ahorro_adicional_dolariza	0.000154301613893033	0.000388771125983861	0.000381246485383963
Master_mpagado_delta1	0.000153975291273818	0.000451274784749454	0.00040983997178776
minversion2	0.000153349183645226	0.00498580177644923	0.000343121836845567
cseguro_vida_lag1	0.000153325608443636	0.000155058171067532	0.000333590674710968
ccheques_emitidos_rechazados_delta1	0.000151840166622416	0.00157018331842253	0.000266872539768774
mprestamos_prendarios_lag1	0.000145390923807499	0.000919036451270368	0.000238279053364977
mprestamos_hipotecarios_dolariza	0.000144478049816919	0.00232740299917267	0.000162029756288184
mcajeros_propios_descuentos_delta1	0.00014096074113237	0.000574101731103861	0.000324059512576368
mforex_sell_lag1	0.000140022668179054	0.000266459468505613	0.00030499718830717
ccaja_seguridad_delta1	0.000139783871513471	0.00160727136127158	0.000219216729095779
mforex_sell_dolariza	0.00013971617229985	0.000879008490102206	0.000333590674710968
Visa_madelantopesos_lag1	0.000139046617005293	6.33967526582271e-05	5.71869728075944e-05
ccajas_depositos_lag1	0.00013883950904113	0.00138498940974034	0.000285934864037972
mcheques_depositados_rechazados_lag1	0.000138463177543684	0.000992008883887634	0.000324059512576368
ccajas_otras_lag1	0.000135128340285854	0.000515958657207451	0.000314528350441769
mcheques_depositados_lag1	0.00013319468498855	0.00180145558048962	0.00030499718830717
ccajas_extracciones_lag1	0.000131300969533759	0.00175093459287598	0.000362184161114765
ccajas_otras_delta1	0.00013009315622408	0.00053884019204017	0.000343121836845567
ccajas_extracciones_delta1	0.000129429017940276	0.000718899007695187	0.000343121836845567
cseguro_vivienda_lag1	0.000128959313076402	0.000751387719362016	0.000266872539768774
Master_mconsumototal_lag1	0.000126056297187903	9.50235523387421e-05	0.00030499718830717
mttarjeta_master_debitos_automaticos	0.000125482193611618	0.000262469916824764	0.000257341377634175
tcallcenter_lag1	0.000125064074414309	7.9622210366599e-05	0.000285934864037972
ccajas_otras	0.000124285744601235	0.000429103189480832	0.000324059512576368
mcheques_depositados_dolariza	0.000123024771177494	0.00108128079186969	0.000266872539768774
cseguro_accidentes_personales_lag1	0.000122386718565781	0.000234601166793327	0.000266872539768774
ctarjeta_master_debitos_automaticos_lag1	0.000122047538036706	0.000274659049992807	0.000266872539768774
ctarjeta_debito_delta1	0.000120785216134344	0.00365135177999445	0.000266872539768774
mttarjeta_master_debitos_automaticos_lag1	0.000120746356510442	0.000266062765364096	0.000276403701903373
Visa_mpagosdolares	0.000120608794212749	0.000235744660842774	0.000295466026172571
mcheques_depositados_delta1	0.000119720524768162	0.000980352047908289	0.000285934864037972
ctarjeta_visa_lag1	0.000118571590863486	0.000213352429964281	0.000171560918422783
ctarjeta_visa_descuentos_delta1	0.000115178830666974	0.00018976284537997	0.000285934864037972
Master_mconsumototal	0.000113822691419284	4.68936499961057e-05	0.000228747891230378
minversion2_delta1	0.000112472823432084	0.0012652707325023	0.000219216729095779
active_quarter_lag1	0.000111839868384794	2.04720238897989e-05	0.000181092080557382
mcaja_ahorro_adicional_delta1	0.000111791154301972	0.000338299430979707	0.000228747891230378
ccajas_transacciones	0.000110634949911181	0.00024284893849938	0.000238279053364977
ccheques_depositados	0.000109943681785577	0.00117309166295121	0.000114373945615189
cforex_lag1	0.000106571372708543	0.000495180483691964	0.000228747891230378
ccajas_depositos	0.00010627469180613	0.000630484287168186	0.000257341377634175
mcheques_emitidos	0.000104078014356916	0.00351859481383646	0.000200154404826581
mtarjeta_visa_descuentos_delta1	0.00010306393299611	0.00134457009989942	0.000257341377634175
cforex_buy_delta1	0.000102304764813003	0.00121130871128717	0.000247810215499576
Master_mconsumosdolares_delta1	0.000100675656413361	0.000502587288833624	0.000200154404826581
mplazo_fijo_dolares_lag1	9.90446714420909e-05	0.000513857973124601	0.000238279053364977
cseguro_vivienda	9.87303178385993e-05	0.000939339494425412	0.000219216729095779
Master_mpagosdolares_delta1	9.83274852483834e-05	0.000283090920933648	0.000228747891230378
Master_mpagosdolares_lag1	9.79140544370528e-05	0.00038166873813976	0.000247810215499576
cprestamos_hipotecarios	9.69808384100362e-05	0.00103442761535805	0.000114373945615189
mcheques_emitidos_lag1	9.43411836267594e-05	0.000387778501966003	0.000200154404826581
cseguro_vida	9.43336395747351e-05	0.000125575993610591	0.000247810215499576
minversion2_dolariza	9.14228099696989e-05	0.00107531780348128	0.000162029756288184
mforex_buy	9.13589455165426e-05	0.000478956285858595	0.000228747891230378
ccajas_depositos_delta1	9.06983958931243e-05	0.000238848677881007	0.000247810215499576
cpagodeservicios_lag1	8.93655439239756e-05	0.000307795179926717	0.000200154404826581
cforex	8.91607226462207e-05	0.000246411077585517	0.000190623242691981
ctarjeta_master_debitos_automaticos_delta1	8.8937599138078e-05	0.000387107303558244	0.000238279053364977
minversion2_lag1	8.89122508298913e-05	0.00100926302953582	0.000190623242691981
Master_fechaalta_delta1	8.84974735686648e-05	5.47048750136759e-05	0.000171560918422783
mprestamos_hipotecarios_lag1	8.52267649665497e-05	0.00103811999402261	0.000114373945615189
ccajas_extracciones	8.49373909112651e-05	0.000779358204299932	0.00020968556696118
Visa_delinquency_delta1	8.49352346875504e-05	0.000195637485033809	0.000162029756288184
Master_mpagado_lag1	8.44884452211213e-05	0.000171174492103783	0.000200154404826581
cseguro_accidentes_personales	8.23226588718651e-05	4.84642416715135e-05	0.000181092080557382
ccheques_emitidos_rechazados	8.10856731053331e-05	0.000544206472130366	0.000171560918422783
Master_mconsumototal_delta1	8.03987781328861e-05	0.000426317920818317	0.00020968556696118
tpaquete3_lag1	7.94383693735615e-05	0.000207661732060856	0.000181092080557382
mpagodeservicios_lag1	7.93275013657827e-05	0.000253176133897609	0.000171560918422783
mtarjeta_visa_descuentos_lag1	7.87064597783327e-05	0.000825427581075433	0.000200154404826581
cplazo_fijo_lag1	7.7909634381669e-05	0.000415319841981079	0.000162029756288184
ctarjeta_master_debitos_automaticos	7.74051215719936e-05	0.000145388472936406	0.000171560918422783
Master_mconsumototal_dolariza	7.57297575934295e-05	9.19727650193798e-05	0.000162029756288184
ccheques_emitidos_lag1	7.57293260989972e-05	0.000920735865164816	0.000162029756288184
cforex_delta1	7.44517656547446e-05	0.000188851955752921	0.000162029756288184
Master_mconsumosdolares	7.33108459983764e-05	0.000239926815914682	0.000142967432018986
Master_mconsumosdolares_lag1	7.29395298239195e-05	0.000244550872143833	0.000181092080557382
mtarjeta_visa_descuentos	7.18826712130897e-05	0.00261538239260169	0.000190623242691981
Visa_delinquency_lag1	7.11582281101265e-05	7.38436361817259e-05	0.000123905107749788
mcheques_emitidos_rechazados_delta1	7.02316043504895e-05	0.000423354379842901	0.000181092080557382
Master_msaldodolares_delta1	6.94765396560259e-05	0.000131565596858438	0.000142967432018986
Master_mpagado_dolariza	6.89424069773676e-05	6.15996984510599e-05	0.000142967432018986
mcajeros_propios_descuentos_dolariza	6.79933553387687e-05	0.000448216753148826	0.000190623242691981
cforex_buy	6.78289884196721e-05	0.000429628714841389	0.000133436269884387
Master_mpagosdolares_dolariza	6.7710086344492e-05	0.000204020063365164	0.000133436269884387
active_quarter	6.30281907290319e-05	7.46294832147435e-05	0.000152498594153585
mcajeros_propios_descuentos	6.01071096589854e-05	0.000557152475206361	0.000162029756288184
mpagodeservicios_delta1	5.7634462727998e-05	0.000161160218159382	0.000171560918422783
mforex_buy_dolariza	5.63580494503175e-05	0.000568698284701082	0.000152498594153585
ccajeros_propios_descuentos_delta1	5.53674210993687e-05	4.93648948141644e-05	0.000114373945615189
mtarjeta_master_descuentos_delta1	5.51475861562068e-05	6.71711806823421e-05	0.000142967432018986
mcheques_emitidos_delta1	5.46744745930712e-05	0.00137071187627072	0.000152498594153585
mcajeros_propios_descuentos_lag1	5.46362320140111e-05	0.000220177330339008	0.000123905107749788
cpagodeservicios	5.32540198908104e-05	0.0005832326751869	0.000123905107749788
cinversion2_lag1	5.30002254775178e-05	0.000649226660163469	0.000114373945615189
ccajeros_propios_descuentos	5.28022882915868e-05	0.000740541297978244	0.000142967432018986
ctarjeta_master_descuentos_delta1	5.19455026470861e-05	0.000199862948308939	0.000123905107749788
cplazo_fijo_delta1	5.15274761469535e-05	0.000501285680471322	0.000142967432018986
mcheques_depositados_rechazados_dolariza	4.96017478627361e-05	0.000219296205258901	0.00010484278348059
Master_mpagado	4.95974379122002e-05	0.000203284453847885	0.000114373945615189
Master_mconsumosdolares_dolariza	4.95084592346361e-05	1.28373388570008e-05	4.76558106729954e-05
mpagodeservicios_dolariza	4.85020182123153e-05	0.000669229538099088	0.000133436269884387
cseguro_vida_delta1	4.79329415071524e-05	0.000258194845971398	0.000123905107749788
mpagodeservicios	4.75192588216758e-05	0.00157062726687666	0.000133436269884387
ctarjeta_master_lag1	4.60388732100783e-05	0.000218916667914297	9.53116213459907e-05
cliente_edad_delta1	4.55762883944769e-05	2.08169146718247e-05	0.000123905107749788
cforex_sell_delta1	4.43648989088813e-05	8.70860248521378e-05	0.00010484278348059
ccheques_depositados_rechazados_lag1	4.30071218550181e-05	0.00029124514692074	7.62492970767926e-05
minversion1_pesos	4.229608769513e-05	0.000668578812660124	9.53116213459907e-05
mprestamos_hipotecarios	4.22398020944532e-05	0.00159542916618244	9.53116213459907e-05
ctarjeta_master_delta1	4.06040121634832e-05	0.000156043393319748	7.62492970767926e-05
cprestamos_prendarios_lag1	4.047006692834e-05	0.000214006935028254	6.67181349421935e-05
mtarjeta_visa_descuentos_dolariza	3.99925658261836e-05	0.00246255152305479	0.000114373945615189
cpagodeservicios_delta1	3.8970469592846e-05	0.000196955156802398	0.00010484278348059
ccheques_depositados_delta1	3.81580161388838e-05	0.000356080204379077	9.53116213459907e-05
cinversion2_delta1	3.81367655452736e-05	0.00112172293694503	0.000114373945615189
ctarjeta_visa_descuentos	3.78677344627607e-05	0.000395256805014075	0.00010484278348059
cforex_buy_lag1	3.782333688482e-05	0.000155306208958714	8.57804592113916e-05
mcheques_depositados_rechazados	3.77062731475829e-05	0.000215833281329237	8.57804592113916e-05
Master_mpagosdolares	3.72982560698334e-05	7.39804901039087e-05	6.67181349421935e-05
Visa_cadelantosefectivo_delta1	3.65982004391727e-05	3.37646500759488e-06	1.90623242691981e-05
minversion1_pesos_dolariza	3.65311355925922e-05	0.000431424666657929	9.53116213459907e-05
mplazo_fijo_pesos_delta1	3.62558753846687e-05	0.000473720717799943	9.53116213459907e-05
cseguro_accidentes_personales_delta1	3.5995146317456e-05	0.000900998820854795	0.00010484278348059
ctarjeta_master_descuentos	3.50543750023938e-05	7.92206252094457e-05	8.57804592113916e-05
cseguro_auto_lag1	3.4981183246986e-05	6.08689709494162e-05	8.57804592113916e-05
tpaquete4_delta1	3.46640001948316e-05	0.000581259395963711	8.57804592113916e-05
Master_delinquency_delta1	3.43593039517196e-05	4.13360263898546e-05	8.57804592113916e-05
mtarjeta_master_descuentos	3.41696701855914e-05	0.000206690210949296	8.57804592113916e-05
ccheques_emitidos_delta1	3.36996878544112e-05	0.000263256078826533	0.00010484278348059
mprestamos_hipotecarios_delta1	3.2584550185444e-05	0.000195619846783769	9.53116213459907e-05
cseguro_vivienda_delta1	3.21396812983924e-05	0.000185197215854075	5.71869728075944e-05
ccheques_depositados_lag1	3.2079750076944e-05	0.00033976781529551	6.67181349421935e-05
cliente_vip	3.17088577501826e-05	8.13537510736188e-05	9.53116213459907e-05
Master_msaldodolares_lag1	3.08475140263404e-05	0.000253378973773065	8.57804592113916e-05
minversion1_pesos_lag1	2.97954004497634e-05	0.000176347223896668	7.62492970767926e-05
cforex_sell	2.90477671349986e-05	5.83807178188192e-05	7.62492970767926e-05
Visa_madelantopesos	2.88978731477798e-05	0.000182564707035654	7.62492970767926e-05
active_quarter_delta1	2.82649817712777e-05	5.78525152238811e-05	8.57804592113916e-05
ctarjeta_visa_descuentos_lag1	2.77195060169204e-05	3.81090140544709e-05	7.62492970767926e-05
mcheques_emitidos_dolariza	2.6176695099239e-05	0.000373125998198669	6.67181349421935e-05
Master_msaldodolares_dolariza	2.59068274013006e-05	3.12293091171209e-05	5.71869728075944e-05
minversion1_dolares_lag1	2.41145064277027e-05	0.000484938802309552	6.67181349421935e-05
ccajeros_propios_descuentos_lag1	2.33196442136641e-05	9.24373439266748e-05	6.67181349421935e-05
Visa_madelantopesos_dolariza	2.31747007862561e-05	0.000511255858790623	4.76558106729954e-05
ctarjeta_master_descuentos_lag1	2.29003129305484e-05	0.000105453270065327	6.67181349421935e-05
mcheques_depositados_rechazados_delta1	2.20154848296224e-05	6.39016475656128e-05	4.76558106729954e-05
ccheques_depositados_rechazados	2.1769561717477e-05	0.000239288059288245	5.71869728075944e-05
cforex_sell_lag1	1.8614130169143e-05	7.55576961230814e-05	5.71869728075944e-05
mtarjeta_master_descuentos_dolariza	1.80449407916546e-05	6.84915296853121e-05	5.71869728075944e-05
Visa_cadelantosefectivo	1.78750390396354e-05	7.71271854078618e-05	4.76558106729954e-05
Master_delinquency_lag1	1.63788981852197e-05	2.99141570985377e-05	2.85934864037972e-05
Master_madelantopesos_dolariza	1.59149288420943e-05	4.35819110667814e-05	2.85934864037972e-05
ccuenta_corriente	1.56130381710996e-05	0.000333602931937893	4.76558106729954e-05
mtarjeta_master_descuentos_lag1	1.52120949490906e-05	0.000399651721477085	4.76558106729954e-05
cinversion2	1.35219187732252e-05	3.3690474935157e-05	3.81246485383963e-05
cseguro_auto	1.35132611066371e-05	0.000100894727336324	3.81246485383963e-05
cprestamos_hipotecarios_lag1	1.3420066736272e-05	6.66585690405641e-05	2.85934864037972e-05
tcuentas	1.28953248745972e-05	2.33806028182164e-05	3.81246485383963e-05
minversion1_dolares	1.26305093288295e-05	0.000517588777976743	3.81246485383963e-05
cprestamos_prendarios	1.20917514668131e-05	0.000102053339885805	2.85934864037972e-05
cinversion1_delta1	1.12319302238684e-05	0.000257132771344009	2.85934864037972e-05
Master_msaldodolares	8.44590410213267e-06	0.000148558475927911	2.85934864037972e-05
minversion1_pesos_delta1	8.16545332049726e-06	5.50518130925813e-05	2.85934864037972e-05
Master_cadelantosefectivo	7.40833493101399e-06	0.000135644599664488	1.90623242691981e-05
cinversion1_lag1	7.00622456728372e-06	5.85652895067344e-05	1.90623242691981e-05
Master_madelantopesos	6.93063329708708e-06	0.000113887345787424	1.90623242691981e-05
ccheques_depositados_rechazados_delta1	6.00278855645971e-06	0.00033275456360786	1.90623242691981e-05
cprestamos_prendarios_delta1	5.55768137212125e-06	8.21221173409722e-05	1.90623242691981e-05
mplazo_fijo_pesos_lag1	4.32169592360418e-06	1.13287960254825e-05	9.53116213459907e-06
Master_cadelantosefectivo_lag1	3.84791847014566e-06	2.33549328650336e-07	9.53116213459907e-06
mplazo_fijo_pesos_dolariza	3.50229283436009e-06	3.48796394534568e-05	9.53116213459907e-06
Master_madelantopesos_lag1	3.46993590177923e-06	7.75486135963097e-05	9.53116213459907e-06
cliente_antiguedad_delta1	2.9867217509166e-06	0.000325022553231093	9.53116213459907e-06
Master_madelantopesos_delta1	2.73500709397102e-06	0.00011421900788192	9.53116213459907e-06
minversion1_dolares_delta1	2.648272187455e-06	6.44662290512577e-05	9.53116213459907e-06
tpaquete1_delta1	2.58703930414041e-06	3.83127988361793e-05	9.53116213459907e-06
mpayroll2_delta1	2.30873304203084e-06	3.62795180659807e-05	9.53116213459907e-06
Master_cadelantosefectivo_delta1	2.26179721564826e-06	7.74396344085646e-05	9.53116213459907e-06
