Feature	Gain	Cover	Frequency
ctrx_quarter	0.217353960223183	0.0263549898687192	0.028152260111023
cpayroll_trx	0.0623391293116276	0.0160719939190091	0.00607983082209886
mcuentas_saldo	0.0576519036506196	0.0260891291768485	0.0359503039915411
mtarjeta_visa_consumo	0.0377553999532054	0.0189745542192181	0.0166534496431404
mcaja_ahorro	0.0316612934353366	0.0175274784431861	0.0235263018768173
mrentabilidad_annual	0.025778367765884	0.0249766676296462	0.0321173671689136
Visa_mpagominimo	0.0210775269119543	0.0226383935547567	0.0249801744647105
mactivos_margen	0.0210609737118811	0.0212861360893965	0.0215437483478721
mprestamos_personales	0.0197421758841594	0.0210731437889307	0.0091197462331483
ctarjeta_visa_transacciones	0.0191917505944356	0.0132908034019965	0.0170499603489294
Master_fechaalta	0.0188144390318191	0.0202418534227249	0.0326460481099656
cliente_edad	0.018760807031407	0.0307083582798237	0.0371398361089083
Visa_fechaalta	0.0179255167686583	0.0180793890318529	0.0274914089347079
mpasivos_margen	0.0172446365241943	0.0139366615209311	0.0192968543484007
Visa_status	0.0168646792390504	0.0141596194193553	0.00409727729315358
Master_Fvencimiento	0.0162543098833972	0.0157335535338582	0.0309278350515464
chomebanking_transacciones	0.0161320180183149	0.0185291632361486	0.0277557494052339
numero_de_cliente	0.0160159011113235	0.0217354939609737	0.0302669838752313
Visa_Fvencimiento	0.0152421158740496	0.0228839419010389	0.0294739624636532
mcuenta_corriente	0.0149270039574768	0.0213050088619937	0.0232619614062913
mpayroll	0.0146260051291605	0.022052836245828	0.0108379592915675
mrentabilidad	0.0137902860982073	0.0180888503394762	0.0232619614062913
Visa_mpagospesos	0.0121865038226916	0.021616642697532	0.0232619614062913
mtransferencias_recibidas	0.0116425647066666	0.0179541872284943	0.0207507269362939
cproductos	0.010271242282145	0.00996337556258644	0.00885540576262226
mcaja_ahorro_dolares	0.0101503340582452	0.0118226412533501	0.0167856198784034
cliente_antiguedad	0.0101173574477552	0.0143517745604537	0.0223367697594502
Master_mfinanciacion_limite	0.0101128408561892	0.0123399727710193	0.0191646841131377
Visa_mconsumosdolares	0.00995378380169828	0.0134716911724112	0.0192968543484007
Visa_mconsumospesos	0.00927787247828585	0.0150183584257747	0.0190325138778747
Visa_msaldototal	0.00914120626939484	0.010167522258745	0.014274385408406
mcomisiones_mantenimiento	0.00870286507548482	0.0117889740096443	0.0125561723499868
Visa_cconsumos	0.00679916542192715	0.0162130398210342	0.0150674068199841
mtransferencias_emitidas	0.00663157268249124	0.0191029166329325	0.0181073222310336
mcomisiones	0.00647602168810749	0.00492231345818206	0.00978059740946339
Visa_mfinanciacion_limite	0.00641351969697063	0.00606704372298649	0.0116309807031457
mcuenta_debitos_automaticos	0.00633815641917327	0.011235952223088	0.0084588950568332
Master_mlimitecompra	0.00614674508752167	0.00827797276059336	0.0091197462331483
ccomisiones_mantenimiento	0.00592683733274848	0.00971659287775162	0.00462595823420566
mttarjeta_visa_debitos_automaticos	0.0056180793734705	0.00798430573420155	0.0107057890563045
ctarjeta_debito_transacciones	0.00543667044533281	0.0112174664640037	0.0120274914089347
mautoservicio	0.00538404893791064	0.00844259716770259	0.00964842717420037
mcomisiones_otras	0.00535077243407345	0.00561899641989632	0.0108379592915675
thomebanking	0.00523567548533432	0.00189765625847966	0.00317208564631245
cprestamos_personales	0.00507593555479636	0.0105969225471205	0.00330425588157547
Visa_msaldopesos	0.00490392890582962	0.00885964527478988	0.0125561723499868
Visa_mlimitecompra	0.00489077787038264	0.00791467848491786	0.00885540576262226
tcallcenter	0.00460715511634472	0.00248483491947401	0.00145387258789321
ctransferencias_recibidas	0.00458324617877319	0.00747232203962032	0.00885540576262226
ccomisiones_otras	0.00431355624966754	0.00518346548564528	0.00700502246894
ctransferencias_emitidas	0.00416379172598134	0.0144037516480106	0.0112344699973566
Master_msaldopesos	0.00407077943781134	0.00932701393432185	0.00515463917525773
Master_mpagospesos	0.00406368739720282	0.0118616827074288	0.00859106529209622
mpagomiscuentas	0.00395629250064471	0.0130978390508257	0.00819455458630717
Master_status	0.00366615150733943	0.00312040786110995	0.000660851176315094
ccallcenter_transacciones	0.00344450745427771	0.00717158908469668	0.00251123446999736
mtarjeta_master_consumo	0.00333951575909606	0.00500860574388685	0.00317208564631245
Master_msaldototal	0.00333818039442769	0.00611982415677481	0.00541897964578377
ccuenta_debitos_automaticos	0.00317783733283296	0.00571798685351452	0.00409727729315358
Visa_fultimo_cierre	0.00313925889459455	0.0122706475095525	0.00607983082209886
Master_mconsumospesos	0.00290770195145611	0.00970302981327519	0.00700502246894
ctarjeta_debito	0.00287863940517288	0.00322234487488355	0.0048902987047317
ctarjeta_visa_debitos_automaticos	0.00280057551008108	0.00881985324904969	0.00581549035157283
Visa_mpagosdolares	0.00275205408138369	0.0104803757732332	0.00449378799894264
ccaja_ahorro	0.00267067546373287	0.00790411477516676	0.00264340470526038
Master_fultimo_cierre	0.0026077583330089	0.00348942231378363	0.00449378799894264
mplazo_fijo_dolares	0.00246675851586623	0.0119039697975593	0.00303991541104943
ctarjeta_master	0.00243226707270054	0.00031374481833618	0.000528680941052075
mextraccion_autoservicio	0.00231033119210759	0.00625117126561177	0.00568332011630981
Master_cconsumos	0.00223012340458882	0.01199262814315	0.00528680941052075
matm	0.00210603218485321	0.00603897644753624	0.0048902987047317
ccaja_seguridad	0.00209806060415396	0.00839274279062579	0.00277557494052339
mdescubierto_preacordado	0.00206556921675528	0.00752568592559861	0.00251123446999736
cpagomiscuentas	0.00176297563830128	0.00405812107953479	0.00370076658736453
catm_trx	0.0016196039478854	0.00221884815501951	0.00330425588157547
cextraccion_autoservicio	0.0014443217690414	0.00219274233441895	0.00303991541104943
Visa_mpagado	0.00136468506402566	0.0080093971102909	0.00237906423473434
ccajas_extracciones	0.00131553804812325	0.0016163502091377	0.00145387258789321
Visa_mconsumototal	0.00108627573122443	0.00196200898268918	0.00198255352894528
ccajas_consultas	0.00102065181904587	0.00600874834663869	0.00145387258789321
ccajas_otras	0.000981944250749281	0.00964089948484455	0.00185038329368226
mforex_sell	0.000885349628671252	0.00370359617823218	0.00251123446999736
ctarjeta_master_transacciones	0.000878247213320635	0.00085063810993249	0.000660851176315094
mttarjeta_master_debitos_automaticos	0.00069255204332436	0.00349901262591126	0.00171821305841924
Visa_msaldodolares	0.000672467526389255	0.00540003472918533	0.0021147237642083
tpaquete4	0.00064948514557259	0.00477556497068217	0.00105736188210415
cseguro_vida	0.000636418971899114	0.00377573901535002	0.00118953211736717
Master_mpagosdolares	0.000564712497269889	0.000267552410029605	0.000528680941052075
cinversion2	0.000530165840635934	0.00207011768922605	0.000396510705789056
cplazo_fijo	0.000456909666971539	0.00181819827958303	0.000528680941052075
ctarjeta_visa	0.000423709240256944	8.94089172522362e-05	0.000132170235263019
matm_other	0.000393749478790987	0.00339844481903574	0.00158604282315623
active_quarter	0.00036359051500932	0.00220938391547564	0.00105736188210415
cseguro_vivienda	0.000341629963043001	0.000429649501622469	0.000660851176315094
catm_trx_other	0.000227064933584842	0.00183841093987281	0.000925191646841131
Master_mconsumototal	0.000217280240066309	0.0010693447235554	0.000925191646841131
Master_msaldodolares	0.000161476055222707	0.000160191343233659	0.000264340470526038
cforex_sell	0.000149591043207162	8.20644562679158e-05	0.000264340470526038
tcuentas	0.000132276353459379	0.00483027460819412	0.000925191646841131
Master_mconsumosdolares	0.000113668935361546	2.77301045867077e-05	0.000132170235263019
ccajas_depositos	0.000106981350222772	0.00207011768922605	0.000396510705789056
cseguro_accidentes_personales	9.14564148698831e-05	0.000139708946253035	0.000132170235263019
ctarjeta_master_debitos_automaticos	7.03150115991725e-05	6.36549271179964e-05	0.000132170235263019
Master_mpagado	5.97203649952647e-05	4.83532337538573e-05	0.000132170235263019
Visa_cadelantosefectivo	1.69032571301725e-10	9.64015477702419e-05	0.000132170235263019
