Feature	Gain	Cover	Frequency
ctrx_quarter	0.216223132119249	0.0228401308267953	0.0247821350762527
cpayroll_trx	0.0723999936398787	0.0108849112910731	0.00408496732026144
mtarjeta_visa_consumo	0.0529974189903538	0.0163322123992316	0.0144335511982571
mcuentas_saldo	0.0444920358316925	0.0301107717412334	0.0354030501089325
mcaja_ahorro	0.0363251879951278	0.0205939097902828	0.0246459694989107
mcuenta_corriente	0.0295488580563771	0.0306984407952835	0.0279139433551198
ctarjeta_visa_transacciones	0.0292091882545044	0.0106599573716056	0.0132080610021786
mrentabilidad_annual	0.023742793732538	0.0310505078084177	0.0345860566448802
mactivos_margen	0.0228948937012459	0.0269805973968396	0.0292755991285403
mprestamos_personales	0.0219465601855886	0.0105214073389683	0.00585511982570806
cliente_edad	0.0186376722720813	0.0308488011283173	0.0386710239651416
Master_Fvencimiento	0.0173442298491962	0.0221275376019476	0.0337690631808279
Visa_mpagominimo	0.0169575439394006	0.0168462981389414	0.020016339869281
Visa_Fvencimiento	0.0166543662578357	0.0292391521718259	0.0330882352941177
Visa_fechaalta	0.0157573692886072	0.0235880451406482	0.0251906318082789
Master_fechaalta	0.0154591872334939	0.0185800696372867	0.0251906318082789
numero_de_cliente	0.0149866603905314	0.0221191644229124	0.028322440087146
Visa_mconsumospesos	0.0140123505611985	0.0211521070843323	0.0261437908496732
chomebanking_transacciones	0.0138504500889222	0.018876544232237	0.0258714596949891
mrentabilidad	0.0129583048224906	0.0207829313329204	0.0261437908496732
Visa_mpagospesos	0.0119219873482811	0.0217496628953545	0.0241013071895425
mpasivos_margen	0.0111307637200678	0.0169652046020522	0.019744008714597
mpayroll	0.0110024017709092	0.00939959717999163	0.00612745098039216
Master_mfinanciacion_limite	0.0108015848174172	0.0160226811355957	0.022739651416122
cliente_antiguedad	0.0105973009824309	0.0240379731118169	0.0257352941176471
mtransferencias_recibidas	0.0102313167451879	0.0134150956543646	0.0175653594771242
cproductos	0.00947202871627552	0.00901006224965373	0.00898692810457516
mcomisiones_mantenimiento	0.00909034784852745	0.0124875212865657	0.0118464052287582
mcaja_ahorro_dolares	0.00881043787708162	0.0160674771858828	0.0181100217864924
mcomisiones_otras	0.00854815716492428	0.00780308725132393	0.0144335511982571
Visa_mconsumosdolares	0.00782354912521927	0.00853173135707616	0.0147058823529412
Visa_status	0.00762456091178212	0.0305020215718459	0.0106209150326797
mtransferencias_emitidas	0.00738737974059291	0.0145768481650925	0.014297385620915
mcomisiones	0.00702312966095367	0.00891757476782634	0.0127995642701525
mttarjeta_visa_debitos_automaticos	0.00674046447529751	0.00820699842675927	0.0122549019607843
Visa_cconsumos	0.00672836902401496	0.0113764361175663	0.014161220043573
mautoservicio	0.00625756997888062	0.0110634622419599	0.01130174291939
Visa_mfinanciacion_limite	0.00607400255157089	0.00966032973923118	0.0125272331154684
Visa_msaldopesos	0.00601952894131263	0.0071225555238176	0.0102124183006536
thomebanking	0.00564655001168918	0.00231388364392852	0.00449346405228758
Master_mlimitecompra	0.00563275494549927	0.0104147815384422	0.0108932461873638
Visa_mlimitecompra	0.00543263640885936	0.011338627782592	0.0121187363834423
Visa_msaldototal	0.00530680353234904	0.00850019146760904	0.0099400871459695
ctarjeta_debito_transacciones	0.00528832179101407	0.0120909583764475	0.00912309368191721
ctransferencias_emitidas	0.00494875797586736	0.0108380214884764	0.00939542483660131
tcallcenter	0.00493855867707257	0.00231535329699196	0.00122549019607843
ccallcenter_transacciones	0.00471739685954543	0.00627510378592018	0.00299564270152505
mcuenta_debitos_automaticos	0.00455028294725521	0.00853861841122023	0.0062636165577342
mtarjeta_master_consumo	0.0044942428554329	0.00570725034048503	0.00272331154684096
ccomisiones_otras	0.00445820431367836	0.00743156700978222	0.00871459694989107
ctransferencias_recibidas	0.00444860622247165	0.0113134606602069	0.0096677559912854
Master_status	0.0039530336510063	0.00637051410204682	0.00245098039215686
mpagomiscuentas	0.00384798554599096	0.0069644076767304	0.00694444444444444
Visa_fultimo_cierre	0.00363539847688393	0.0200706510727972	0.0099400871459695
ctarjeta_debito	0.00354812414142886	0.00439965260769154	0.00585511982570806
Master_fultimo_cierre	0.00327017276982512	0.00717574305517046	0.0068082788671024
ctarjeta_visa_debitos_automaticos	0.00315705465379255	0.00951543439255781	0.00708061002178649
ccomisiones_mantenimiento	0.00287372333835004	0.00167560032403892	0.00245098039215686
Master_mpagospesos	0.00269451178491804	0.00755275573611859	0.00558278867102397
Master_msaldopesos	0.00264093807816002	0.00434581535424961	0.00408496732026144
Visa_mconsumototal	0.00247099780933776	0.0030990114767587	0.00422113289760349
ccuenta_debitos_automaticos	0.00244443914932244	0.00648151957851404	0.00408496732026144
Master_mconsumospesos	0.00240678736777093	0.00692638337779412	0.00490196078431373
ccaja_ahorro	0.00239971442978227	0.0144610658586183	0.00544662309368192
mextraccion_autoservicio	0.00221311021096504	0.00701135787602826	0.00531045751633987
ctarjeta_visa	0.0021371084646517	0.0010400275348927	0.000408496732026144
Master_msaldototal	0.00202809868677996	0.00176744906499565	0.00299564270152505
mdescubierto_preacordado	0.00190313403232267	0.0109584653221642	0.00367647058823529
ctarjeta_master	0.00177734043837113	0.00585306993970764	0.00231481481481482
Master_cconsumos	0.00175898937817108	0.00958331479413884	0.00476579520697168
ccaja_seguridad	0.00163455699878266	0.00591845028389808	0.00204248366013072
matm	0.00158818911985558	0.00336894080641386	0.00408496732026144
cpagomiscuentas	0.00158175518788672	0.00281530620861233	0.00299564270152505
ccajas_consultas	0.00142402913492017	0.00788673119192778	0.00272331154684096
Visa_mpagosdolares	0.00136272781017049	0.00330824212167081	0.00285947712418301
cplazo_fijo	0.00126204045575114	0.0032778040144505	0.00108932461873638
cextraccion_autoservicio	0.00122863540143532	0.00321706872564609	0.00272331154684096
cprestamos_personales	0.00104733875117097	0.00618462220665508	0.00231481481481482
Visa_mpagado	0.0010284057037317	0.0101553575743961	0.00394880174291939
mforex_sell	0.00073899116500495	0.00669247976532521	0.00285947712418301
active_quarter	0.000704810956633457	0.00435542209015241	0.00245098039215686
catm_trx	0.00065536901997933	0.00245126234660251	0.00163398692810458
ccajas_extracciones	0.000650727460945076	0.00351841898156897	0.00258714596949891
cseguro_vida	0.000615086121288436	0.00395962237471348	0.00149782135076253
Master_mconsumosdolares	0.000554034312745979	0.00105986693614747	0.00149782135076253
Visa_msaldodolares	0.000537729852173892	0.00196072949017203	0.00122549019607843
ctarjeta_master_transacciones	0.000509893244588483	0.000660558721427604	0.000816993464052288
Master_mpagosdolares	0.000446715363199604	0.000270513164433788	0.000544662309368192
mttarjeta_master_debitos_automaticos	0.000329080349594924	0.000906812544197917	0.00068082788671024
matm_other	0.000245973753249507	0.000854891513367958	0.000816993464052288
mplazo_fijo_dolares	0.000196556527655506	0.000109072782027645	0.000272331154684096
Master_mconsumototal	0.000184730287206633	0.000464203555097349	0.000544662309368192
cforex_sell	0.000183502988311717	0.0002869703504193	0.000544662309368192
cseguro_vivienda	0.000174141747240539	0.00111219793246462	0.000544662309368192
cforex	0.000148857455667836	0.000177897568391655	0.000272331154684096
cseguro_accidentes_personales	0.000107173473346718	0.000430381402404704	0.000272331154684096
Master_msaldodolares	6.47264089848394e-05	4.62400805075582e-05	0.000136165577342048
Master_mpagado	6.2949408390151e-05	0.000127409586563771	0.000136165577342048
ctarjeta_master_debitos_automaticos	2.4413980481584e-05	0.000342650618350487	0.000136165577342048
