fecha	objective	metric	first_metric_only	boost_from_average	feature_pre_filter	verbosity	seed	max_depth	min_gain_to_split	lambda_l1	lambda_l2	max_bin	num_iterations	force_row_wise	learning_rate	feature_fraction	min_data_in_leaf	num_leaves	ratio_corte	iteracion_bayesiana	ganancia
20211115 041502	binary	custom	TRUE	TRUE	FALSE	-100	999983	-1	0	0	0	31	576	TRUE	0.0485679609421641	0.812200082595518	6848	557	0.0331023574602696	1	6156250
20211115 041648	binary	custom	TRUE	TRUE	FALSE	-100	999983	-1	0	0	0	31	122	TRUE	0.0694525726698339	0.401175229586079	3844	906	0.0359226063451416	2	5635000
20211115 041853	binary	custom	TRUE	TRUE	FALSE	-100	999983	-1	0	0	0	31	290	TRUE	0.0280438727512956	0.160725437295332	6456	657	0.0312277706643904	3	4736250
20211115 042257	binary	custom	TRUE	TRUE	FALSE	-100	999983	-1	0	0	0	31	307	TRUE	0.0426151562482119	0.566880352397857	4333	491	0.0315457809244056	4	5838750
20211115 042733	binary	custom	TRUE	TRUE	FALSE	-100	999983	-1	0	0	0	31	476	TRUE	0.0769388209364843	0.349702172529942	3299	713	0.0338555396550426	5	6043750
20211115 042957	binary	custom	TRUE	TRUE	FALSE	-100	999983	-1	0	0	0	31	218	TRUE	0.0868696545087732	0.312519602611428	2060	213	0.0446093076581892	6	5637500
20211115 043121	binary	custom	TRUE	TRUE	FALSE	-100	999983	-1	0	0	0	31	114	TRUE	0.0846899416751694	0.95427214524243	2866	601	0.0278551881700183	7	5340000
20211115 043333	binary	custom	TRUE	TRUE	FALSE	-100	999983	-1	0	0	0	31	257	TRUE	0.0730772462580353	0.630408691486809	5420	413	0.0330019331676333	8	5571250
20211115 043557	binary	custom	TRUE	TRUE	FALSE	-100	999983	-1	0	0	0	31	263	TRUE	0.0985639136622194	0.243620223802282	2260	1020	0.0402492196195593	9	6188750
20211115 044303	binary	custom	TRUE	TRUE	FALSE	-100	999983	-1	0	0	0	31	633	TRUE	0.0344197078992147	0.534330553532345	5829	795	0.0362740913693689	10	6232500
20211115 044442	binary	custom	TRUE	TRUE	FALSE	-100	999983	-1	0	0	0	31	101	TRUE	0.0513272671634331	0.69484128067561	1470	749	0.0344246106466488	11	5558750
20211115 044713	binary	custom	TRUE	TRUE	FALSE	-100	999983	-1	0	0	0	31	161	TRUE	0.0368544003763236	0.489423041073314	1028	130	0.0325667612328756	12	5586250
20211115 044935	binary	custom	TRUE	TRUE	FALSE	-100	999983	-1	0	0	0	31	218	TRUE	0.0904848694708198	0.873797504692629	348	249	0.0429690442117948	13	5932500
20211115 045309	binary	custom	TRUE	TRUE	FALSE	-100	999983	-1	0	0	0	31	483	TRUE	0.0225729210360441	0.723101025544747	7367	292	0.0332697312813303	14	5531250
20211115 045448	binary	custom	TRUE	TRUE	FALSE	-100	999983	-1	0	0	0	31	197	TRUE	0.0644040121824946	0.909390308032744	7800	946	0.0348430451993004	15	5896250
20211115 045733	binary	custom	TRUE	TRUE	FALSE	-100	999983	-1	0	0	0	31	475	TRUE	0.0586509651492815	0.136960567996721	4809	353	0.0459734042998335	16	5883750
20211115 050417	binary	custom	TRUE	TRUE	FALSE	-100	999983	-1	0	0	0	31	581	TRUE	0.029903282031763	0.534636662404607	5727	490	0.031135715062807	17	5700000
20211115 050737	binary	custom	TRUE	TRUE	FALSE	-100	999983	-1	0	0	0	31	416	TRUE	0.0317840394599736	0.969354339546012	5367	102	0.0292862343400869	18	5676250
20211115 051032	binary	custom	TRUE	TRUE	FALSE	-100	999983	-1	0	0	0	31	352	TRUE	0.0554934794114903	0.734236518382677	4314	846	0.0308344421848979	19	6045000
20211115 051435	binary	custom	TRUE	TRUE	FALSE	-100	999983	-1	0	0	0	31	572	TRUE	0.0473255690898746	0.718817888564453	6321	730	0.033713271907141	20	5815000
20211115 051854	binary	custom	TRUE	TRUE	FALSE	-100	999983	-1	0	0	0	31	404	TRUE	0.062278566761408	0.423446070845309	5296	627	0.0274032788531546	21	5507500
20211115 052257	binary	custom	TRUE	TRUE	FALSE	-100	999983	-1	0	0	0	31	541	TRUE	0.0291698684212565	0.990747633903171	6196	506	0.0374122333525813	22	6062500
20211115 052446	binary	custom	TRUE	TRUE	FALSE	-100	999983	-1	0	0	0	31	166	TRUE	0.0845429159516469	0.265302602361399	2184	862	0.0286418451290034	23	5722500
20211115 052643	binary	custom	TRUE	TRUE	FALSE	-100	999983	-1	0	0	0	31	183	TRUE	0.0722323446390033	0.951347630601563	2650	667	0.0344162419555957	24	5860000
20211115 053316	binary	custom	TRUE	TRUE	FALSE	-100	999983	-1	0	0	0	31	559	TRUE	0.0476338022232428	0.572736529607885	6004	663	0.0369519553446645	25	6481250
20211115 053634	binary	custom	TRUE	TRUE	FALSE	-100	999983	-1	0	0	0	31	338	TRUE	0.0551776551933028	0.327766494586272	6499	587	0.0321985388265421	26	5841250
20211115 053918	binary	custom	TRUE	TRUE	FALSE	-100	999983	-1	0	0	0	31	239	TRUE	0.0798047164328769	0.393344031555881	5062	686	0.0366841572309675	27	5921250
20211115 054139	binary	custom	TRUE	TRUE	FALSE	-100	999983	-1	0	0	0	31	132	TRUE	0.0386352451506071	0.404612072499818	875	661	0.0357217577598688	28	5565000
20211115 054400	binary	custom	TRUE	TRUE	FALSE	-100	999983	-1	0	0	0	31	409	TRUE	0.0433675417006388	0.112609258927475	2956	217	0.0304745884696175	29	5398750
20211115 054552	binary	custom	TRUE	TRUE	FALSE	-100	999983	-1	0	0	0	31	79	TRUE	0.0697419938869402	0.427681592786498	466	679	0.0295331107261513	30	5788750
20211115 054852	binary	custom	TRUE	TRUE	FALSE	-100	999983	-1	0	0	0	31	217	TRUE	0.0556473292419501	0.554259937580652	5574	930	0.037328546442051	31	5775000
20211115 055233	binary	custom	TRUE	TRUE	FALSE	-100	999983	-1	0	0	0	31	342	TRUE	0.0495886520421691	0.37796487140283	4246	549	0.0392700827663545	32	6285000
20211115 055402	binary	custom	TRUE	TRUE	FALSE	-100	999983	-1	0	0	0	31	91	TRUE	0.0849849735815264	0.319760480330302	1022	336	0.0297967244943218	33	5800000
20211115 055650	binary	custom	TRUE	TRUE	FALSE	-100	999983	-1	0	0	0	31	185	TRUE	0.0465037125027552	0.727070892823022	1014	527	0.0346003531587624	34	5632500
20211115 055901	binary	custom	TRUE	TRUE	FALSE	-100	999983	-1	0	0	0	31	266	TRUE	0.0574375245955959	0.803841766718193	7531	301	0.0323826500297089	35	5613750
20211115 060146	binary	custom	TRUE	TRUE	FALSE	-100	999983	-1	0	0	0	31	160	TRUE	0.0289933062436432	0.914142998647527	367	455	0.0368598997430812	36	5945000
20211115 060442	binary	custom	TRUE	TRUE	FALSE	-100	999983	-1	0	0	0	31	263	TRUE	0.0775838731076382	0.402970562975947	6385	731	0.0344999288661261	37	5947500
20211115 060647	binary	custom	TRUE	TRUE	FALSE	-100	999983	-1	0	0	0	31	153	TRUE	0.0345491855871305	0.707065885409084	1984	378	0.0354372222640657	38	5857500
20211115 060829	binary	custom	TRUE	TRUE	FALSE	-100	999983	-1	0	0	0	31	117	TRUE	0.0926832483600639	0.398507780198264	3202	509	0.0395127748068925	39	5698750
20211115 061152	binary	custom	TRUE	TRUE	FALSE	-100	999983	-1	0	0	0	31	241	TRUE	0.0389983416760899	0.639422746171732	1062	636	0.0321232206070649	40	6102500
20211115 061417	binary	custom	TRUE	TRUE	FALSE	-100	999983	-1	0	0	0	31	357	TRUE	0.0361606589905545	0.154521770766121	3700	912	0.0350941059308914	41	5458750
20211115 061631	binary	custom	TRUE	TRUE	FALSE	-100	999983	-1	0	0	0	31	274	TRUE	0.0772020599885657	0.216171464156941	5029	768	0.0360648740930431	42	6113750
20211115 061915	binary	custom	TRUE	TRUE	FALSE	-100	999983	-1	0	0	0	31	205	TRUE	0.0574770347673632	0.355708580444171	1078	683	0.0256709598051769	43	5416250
20211115 062230	binary	custom	TRUE	TRUE	FALSE	-100	999983	-1	0	0	0	31	278	TRUE	0.0827201820322871	0.445122697189893	6778	906	0.0399479467416501	44	5833750
20211115 062421	binary	custom	TRUE	TRUE	FALSE	-100	999983	-1	0	0	0	31	134	TRUE	0.0614497867436148	0.376586052501737	3570	455	0.0363159348246341	45	5876250
20211115 062706	binary	custom	TRUE	TRUE	FALSE	-100	999983	-1	0	0	0	31	177	TRUE	0.051510483745411	0.563124464816041	2977	546	0.0335877415413455	46	5733750
20211115 062956	binary	custom	TRUE	TRUE	FALSE	-100	999983	-1	0	0	0	31	439	TRUE	0.0571897158379108	0.164488068650709	5694	655	0.0334705798666031	47	5601250
20211115 063354	binary	custom	TRUE	TRUE	FALSE	-100	999983	-1	0	0	0	31	306	TRUE	0.0261860305045731	0.513292195390165	7761	656	0.0442578226339618	48	5940000
20211115 063804	binary	custom	TRUE	TRUE	FALSE	-100	999983	-1	0	0	0	31	590	TRUE	0.048912320607733	0.995964059002022	6650	244	0.0302402651201326	49	6083750
20211115 064317	binary	custom	TRUE	TRUE	FALSE	-100	999983	-1	0	0	0	31	417	TRUE	0.0267261028291844	0.544028218840365	4986	184	0.029068648372708	50	5308750
20211115 064800	binary	custom	TRUE	TRUE	FALSE	-100	999983	-1	0	0	0	31	410	TRUE	0.0609886662657373	0.497974649444339	6412	910	0.0270350564468212	51	5512500
20211115 065058	binary	custom	TRUE	TRUE	FALSE	-100	999983	-1	0	0	0	31	253	TRUE	0.0925959693831392	0.396578101772489	3028	198	0.0359226063451416	52	6385000
20211115 065813	binary	custom	TRUE	TRUE	FALSE	-100	999983	-1	0	0	0	31	742	TRUE	0.0481949858487211	0.421873312736605	6723	536	0.0300059417706477	53	6068750
20211115 070049	binary	custom	TRUE	TRUE	FALSE	-100	999983	-1	0	0	0	31	184	TRUE	0.0940431672497466	0.532507430415251	5945	1015	0.0287673754947989	54	5603750
20211115 070239	binary	custom	TRUE	TRUE	FALSE	-100	999983	-1	0	0	0	31	109	TRUE	0.068958120415397	0.482023982235603	1379	119	0.0304745884696175	55	5498750
20211115 070409	binary	custom	TRUE	TRUE	FALSE	-100	999983	-1	0	0	0	31	146	TRUE	0.0976996565995924	0.856334283117973	4080	535	0.0378139305231269	56	6002500
20211115 070602	binary	custom	TRUE	TRUE	FALSE	-100	999983	-1	0	0	0	31	315	TRUE	0.0723469795234688	0.130008793261764	6518	144	0.0289682240800716	57	5123750
20211115 070806	binary	custom	TRUE	TRUE	FALSE	-100	999983	-1	0	0	0	31	260	TRUE	0.0769593343723938	0.202459480938455	4644	217	0.035520909174596	58	5845000
20211115 071030	binary	custom	TRUE	TRUE	FALSE	-100	999983	-1	0	0	0	31	190	TRUE	0.0299708756191842	0.948382064583665	2101	385	0.0328680341107847	59	5641250
20211115 071425	binary	custom	TRUE	TRUE	FALSE	-100	999983	-1	0	0	0	31	481	TRUE	0.0630811281507835	0.271732241935167	7958	138	0.0333701555739667	60	5816250
20211115 071817	binary	custom	TRUE	TRUE	FALSE	-100	999983	-1	0	0	0	31	340	TRUE	0.0978895116117969	0.469711741302046	6729	896	0.0299222548601173	61	6031250
20211115 072715	binary	custom	TRUE	TRUE	FALSE	-100	999983	-1	0	0	0	31	871	TRUE	0.0255129659014009	0.451976334698149	5826	179	0.0309348664775343	62	5880000
20211115 072952	binary	custom	TRUE	TRUE	FALSE	-100	999983	-1	0	0	0	31	318	TRUE	0.0602211944327503	0.22254505741389	5277	374	0.040424962131673	63	6062500
20211115 073140	binary	custom	TRUE	TRUE	FALSE	-100	999983	-1	0	0	0	31	150	TRUE	0.0948297502629645	0.784900363077223	2203	145	0.0234030445298051	64	5255000
20211115 073414	binary	custom	TRUE	TRUE	FALSE	-100	999983	-1	0	0	0	31	309	TRUE	0.0418801164876111	0.885492029009969	5218	163	0.0412953060011884	65	6182500
20211115 073658	binary	custom	TRUE	TRUE	FALSE	-100	999983	-1	0	0	0	31	354	TRUE	0.0387016240178421	0.920547404272342	6484	564	0.0309599725506933	66	5726250
20211115 073945	binary	custom	TRUE	TRUE	FALSE	-100	999983	-1	0	0	0	31	331	TRUE	0.0425319602072053	0.863257575254748	5544	388	0.0281397236658214	67	5547500
20211115 074358	binary	custom	TRUE	TRUE	FALSE	-100	999983	-1	0	0	0	31	686	TRUE	0.0303992116355896	0.165217367060971	7060	648	0.032667185525512	68	5971250
20211115 074625	binary	custom	TRUE	TRUE	FALSE	-100	999983	-1	0	0	0	31	294	TRUE	0.0700494016601518	0.218210928347707	3345	632	0.0227084431724034	69	5208750
20211115 074913	binary	custom	TRUE	TRUE	FALSE	-100	999983	-1	0	0	0	31	355	TRUE	0.0647234458425082	0.799812874208856	5626	144	0.0379394608889224	70	6233750
20211115 075232	binary	custom	TRUE	TRUE	FALSE	-100	999983	-1	0	0	0	31	455	TRUE	0.0382203248930722	0.982837307361607	6530	540	0.0328931401839438	71	5987500
20211115 075507	binary	custom	TRUE	TRUE	FALSE	-100	999983	-1	0	0	0	31	344	TRUE	0.0404640250547417	0.175879165340634	3566	152	0.0315876243796708	72	5632500
20211115 075719	binary	custom	TRUE	TRUE	FALSE	-100	999983	-1	0	0	0	31	155	TRUE	0.0958131605852209	0.33169325672877	780	571	0.0380817286368239	73	6412500
20211115 080325	binary	custom	TRUE	TRUE	FALSE	-100	999983	-1	0	0	0	31	889	TRUE	0.0217320504062995	0.901632195077906	7441	811	0.0310603968433297	74	5761250
20211115 080632	binary	custom	TRUE	TRUE	FALSE	-100	999983	-1	0	0	0	31	378	TRUE	0.0631348979303241	0.792488310616324	4740	122	0.0377135062304905	75	6417500
20211115 080831	binary	custom	TRUE	TRUE	FALSE	-100	999983	-1	0	0	0	31	214	TRUE	0.0864638146546111	0.642167845299724	4207	1005	0.0337634840534592	76	5757500
20211115 080957	binary	custom	TRUE	TRUE	FALSE	-100	999983	-1	0	0	0	31	106	TRUE	0.058037643837817	0.730735204925574	2643	624	0.0319642154770572	77	5526250
20211115 081233	binary	custom	TRUE	TRUE	FALSE	-100	999983	-1	0	0	0	31	353	TRUE	0.0707739179464616	0.77025847955551	7023	154	0.0305582753801478	78	5936250
20211115 081427	binary	custom	TRUE	TRUE	FALSE	-100	999983	-1	0	0	0	31	189	TRUE	0.0589699120449461	0.926589186676079	3597	508	0.0318554224933678	79	5992500
20211115 081922	binary	custom	TRUE	TRUE	FALSE	-100	999983	-1	0	0	0	31	697	TRUE	0.0334567148417048	0.853748968570563	6684	599	0.0298050931853749	80	5648750
20211115 082312	binary	custom	TRUE	TRUE	FALSE	-100	999983	-1	0	0	0	31	379	TRUE	0.0779374062406458	0.341383242442389	2817	557	0.0251018888135707	81	5251250
20211115 082604	binary	custom	TRUE	TRUE	FALSE	-100	999983	-1	0	0	0	31	127	TRUE	0.076169906396009	0.517671355470899	412	906	0.0338806457282017	82	6340000
20211115 082832	binary	custom	TRUE	TRUE	FALSE	-100	999983	-1	0	0	0	31	413	TRUE	0.082014807680212	0.138259828108992	7400	354	0.0321064832249588	83	5705000
20211115 083014	binary	custom	TRUE	TRUE	FALSE	-100	999983	-1	0	0	0	31	202	TRUE	0.0494141431783699	0.187329562072479	4239	284	0.0315374122333526	84	5090000
20211115 083159	binary	custom	TRUE	TRUE	FALSE	-100	999983	-1	0	0	0	31	114	TRUE	0.045332897095643	0.858515521227312	2030	782	0.033713271907141	85	5515000
20211115 083604	binary	custom	TRUE	TRUE	FALSE	-100	999983	-1	0	0	0	31	364	TRUE	0.0854215697244927	0.486229236009857	7475	132	0.0309348664775343	86	5630000
20211115 083816	binary	custom	TRUE	TRUE	FALSE	-100	999983	-1	0	0	0	31	196	TRUE	0.0717484384932928	0.333622198364511	4631	1024	0.0390357594168696	87	6020000
20211115 084037	binary	custom	TRUE	TRUE	FALSE	-100	999983	-1	0	0	0	31	157	TRUE	0.079758728711661	0.518765215917537	5051	593	0.0311524524449131	88	5397500
20211115 084307	binary	custom	TRUE	TRUE	FALSE	-100	999983	-1	0	0	0	31	199	TRUE	0.0388794734793156	0.321540998298954	1553	367	0.0393621383679379	89	6021250
20211115 084553	binary	custom	TRUE	TRUE	FALSE	-100	999983	-1	0	0	0	31	169	TRUE	0.0567442471245304	0.562467300868337	2272	890	0.0389939159616044	90	5776250
20211115 084805	binary	custom	TRUE	TRUE	FALSE	-100	999983	-1	0	0	0	31	179	TRUE	0.0456288787491247	0.291893347817403	1581	603	0.032934983639209	91	5631250
20211115 085103	binary	custom	TRUE	TRUE	FALSE	-100	999983	-1	0	0	0	31	378	TRUE	0.0479052742254548	0.876139235755522	5462	830	0.0314620940138753	92	5951250
20211115 110819	binary	custom	TRUE	TRUE	FALSE	-100	999983	-1	0	0	0	31	272	TRUE	0.0562308587797172	0.865958362022298	1627	315	0.0337467466713531	93	6510000
20211115 111455	binary	custom	TRUE	TRUE	FALSE	-100	999983	-1	0	0	0	31	539	TRUE	0.021576027243454	0.67403223798289	6695	733	0.0345668783945503	94	5837500
20211115 111727	binary	custom	TRUE	TRUE	FALSE	-100	999983	-1	0	0	0	31	270	TRUE	0.0875337808310427	0.936169395356765	5433	319	0.0307256492012084	95	6111250
20211115 111915	binary	custom	TRUE	TRUE	FALSE	-100	999983	-1	0	0	0	31	143	TRUE	0.0826313996718079	0.211236353384797	712	536	0.0333617868829136	96	5167500
20211115 112224	binary	custom	TRUE	TRUE	FALSE	-100	999983	-1	0	0	0	31	258	TRUE	0.0801827503519505	0.429004823934217	6505	688	0.0327173976718301	97	5913750
20211115 112404	binary	custom	TRUE	TRUE	FALSE	-100	999983	-1	0	0	0	31	175	TRUE	0.0545240405045822	0.191001194075355	3287	866	0.0309599725506933	98	5026250
20211115 112521	binary	custom	TRUE	TRUE	FALSE	-100	999983	-1	0	0	0	31	39	TRUE	0.0973339821725711	0.651666032952629	249	530	0.032675554216565	99	4970000
20211115 112750	binary	custom	TRUE	TRUE	FALSE	-100	999983	-1	0	0	0	31	169	TRUE	0.0665022739505209	0.96967455263976	1200	287	0.0310603968433297	100	6161250
20211115 112906	binary	custom	TRUE	TRUE	FALSE	-100	999983	-1	0	0	0	31	107	TRUE	0.0629817241140455	0.957099772378663	7211	317	0.040935452285908	101	5636250
20211115 113103	binary	custom	TRUE	TRUE	FALSE	-100	999983	-1	0	0	0	31	268	TRUE	0.0776025511045195	0.141475633657142	2124	825	0.0314118818675571	102	5758750
20211115 142628	binary	custom	TRUE	TRUE	FALSE	-100	999983	-1	0	0	0	31	389	TRUE	0.0549734539842792	0.400730396701023	3254	690	0.039144552400559	103	6603750
20211115 143424	binary	custom	TRUE	TRUE	FALSE	-100	999983	-1	0	0	0	31	280	TRUE	0.0378078753618523	0.74887366734657	1176	859	0.0334119990292318	104	5960000
20211115 143546	binary	custom	TRUE	TRUE	FALSE	-100	999983	-1	0	0	0	31	119	TRUE	0.0942775870687328	0.18984167803973	1628	380	0.027512071836844	105	4941250
20211115 143848	binary	custom	TRUE	TRUE	FALSE	-100	999983	-1	0	0	0	31	230	TRUE	0.0861703913859651	0.487265926728072	5324	372	0.0309599725506933	106	5626250
20211115 144119	binary	custom	TRUE	TRUE	FALSE	-100	999983	-1	0	0	0	31	195	TRUE	0.0987701020856947	0.860044062109757	1795	771	0.0370021674909827	107	6423750
20211115 144305	binary	custom	TRUE	TRUE	FALSE	-100	999983	-1	0	0	0	31	104	TRUE	0.0911506524129398	0.601309782629204	2050	231	0.0317466295096784	108	6008750
20211115 144624	binary	custom	TRUE	TRUE	FALSE	-100	999983	-1	0	0	0	31	399	TRUE	0.0628350355440751	0.698436879431084	5794	745	0.0290268049174429	109	6065000
20211115 144848	binary	custom	TRUE	TRUE	FALSE	-100	999983	-1	0	0	0	31	261	TRUE	0.0914087486459129	0.641604072137037	5203	903	0.0313281949570268	110	5671250
20211115 145045	binary	custom	TRUE	TRUE	FALSE	-100	999983	-1	0	0	0	31	216	TRUE	0.0934494162640348	0.74629264252896	6181	416	0.0365084147188538	111	5847500
20211115 145553	binary	custom	TRUE	TRUE	FALSE	-100	999983	-1	0	0	0	31	504	TRUE	0.0352214138266444	0.368428744079219	5585	410	0.0328847714928908	112	5838750
20211115 145750	binary	custom	TRUE	TRUE	FALSE	-100	999983	-1	0	0	0	31	198	TRUE	0.0923425149560906	0.253244047491904	4992	773	0.0342907115898002	113	5428750
20211115 150005	binary	custom	TRUE	TRUE	FALSE	-100	999983	-1	0	0	0	31	194	TRUE	0.0809248304814659	0.607217896570638	3629	119	0.0389939159616044	114	5926250
20211115 150243	binary	custom	TRUE	TRUE	FALSE	-100	999983	-1	0	0	0	31	486	TRUE	0.0605787737569213	0.113999766346021	6913	265	0.0328596654197317	115	5942500
20211115 150535	binary	custom	TRUE	TRUE	FALSE	-100	999983	-1	0	0	0	31	363	TRUE	0.0485029088419303	0.159083116993634	1374	511	0.0424334479844008	116	5862500
