Feature	Gain	Cover	Frequency	pos
ctrx_quarter	0.165385994701708	0.00726062022060449	0.00372961204896677	1
mcaja_ahorro	0.0668014330760737	0.00267556559792735	0.00249830472179592	2
mtarjeta_visa_consumo	0.0569513157682404	0.00334360606731693	0.00215924908098076	3
cpayroll_trx	0.0323182049744951	0.00999610769318264	0.00328348620578893	4
ctrx_quarter_avg3	0.0318752540919093	0.00262536907237747	0.00251614975552304	5
ctarjeta_visa_transacciones	0.0250754173154352	0.00348369830922441	0.00258752989043149	6
mcaja_ahorro_avg3	0.0223636805458842	0.00223079673581592	0.00249830472179592	7
mcuentas_saldo	0.0212320771608262	0.0079776195335498	0.00790534994111139	8
mdescubierto_preacordado_tend	0.0204226213866135	0.00528169461715261	0.0019451086762554	9
mcuentas_saldo_avg3	0.0171767736170336	0.00140977937921455	0.00203433384489097	10
mpayroll	0.0153161642518756	0.00633009400605409	0.00278382526142974	11
mprestamos_personales	0.0127066876918156	0.00698665602817317	0.00371176701523966	12
mv_status01	0.0123716919861085	0.0032639936247862	0.000892251686355687	13
cproductos_tend	0.0114839404451804	0.00316635527957836	0.00140975766444199	14
mpasivos_margen	0.00966202931105909	0.00191271398148216	0.00230200935079767	15
cpayroll_trx_avg3	0.00867920817531457	0.00123578125467434	0.000981476854991256	16
mpasivos_margen_avg3	0.00786109694110789	0.00106241696298609	0.00198079874370963	17
mcuentas_saldo_tend	0.0071462947336436	0.00587640935500535	0.00565687569149506	18
ccomisiones_mantenimiento_tend	0.00709209315528376	0.00391437976177533	0.00217709411470788	19
cproductos_delta1	0.00707492088415655	0.00294505424725073	0.00119561725971662	20
mprestamos_personales_tend	0.00630739592646823	0.00612173492966589	0.0028552053963382	21
foto_mes	0.00601820242354681	0.00680618483818979	0.00719154859202684	22
mv_status04	0.00585030117819418	0.000124765252649678	0.000107070202362682	23
mautoservicio	0.0057821228152099	0.00303914085124384	0.00171312323780292	24
mv_msaldopesos	0.00495931717693742	0.000773990374851903	0.000803026517720119	25
mv_status01_avg3	0.00482264632919561	0.00163962387112154	0.000463970876904957	26
ctarjeta_visa_tend	0.00410880801983086	0.000517858898917085	0.000196295370998251	27
mprestamos_personales_lag1	0.00410333802994396	0.000877809159677268	0.000910096720082801	28
mv_msaldototal	0.00392914100953555	0.000852907119407992	0.000785181483993005	29
cproductos	0.00389271466501663	0.00255839723052603	0.00205217887861808	30
mtarjeta_visa_consumo_avg3	0.00374583962382303	0.000632658553247116	0.000660266247903209	31
mactivos_margen	0.00371441266183828	0.00298164841616513	0.00383668225132946	32
ccaja_ahorro	0.00353079990087997	0.00639144674887965	0.00219493914843499	33
Visa_fechaalta_tend	0.00336268000634975	0.0033137487445835	0.00483600414004783	34
mdescubierto_preacordado	0.00326114376667207	0.000305671016654318	0.00028552053963382	35
mdescubierto_preacordado_delta1	0.003234115986447	0.00418909278786947	0.000945786787537028	36
mv_mpagominimo	0.00308651450571013	0.00380313450544445	0.0023376994182519	37
mcomisiones_mantenimiento_tend	0.00300443517974338	0.00323334306213625	0.00290874049751954	38
mcuenta_corriente	0.0028997090393848	0.00113672001164494	0.0024626146543417	39
ctrx_quarter_delta1	0.00289047769577876	0.00506607265127038	0.00501445447731896	40
mcaja_ahorro_dolares_delta1	0.00286249949156042	0.00507134257291673	0.00314072593597202	41
ctrx_quarter_tend	0.00283335093322794	0.00275624682687191	0.00408651272350905	42
ctarjeta_visa_transacciones_tend	0.00280349032798241	0.00252978821692439	0.00292658553124665	43
ctrx_quarter_lag1	0.0027639080812145	0.00300705524547219	0.00230200935079767	44
mcomisiones_mantenimiento	0.00259714785057364	0.00174909970903577	0.00190941860880117	45
mcuentas_saldo_delta1	0.00252909259111614	0.00460468712084069	0.00471108890395803	46
mv_mpagospesos	0.00250658417855108	0.000219543000129866	0.000374745708269389	47
mes	0.00245635343466489	0.00205494189851418	0.00244476962061458	48
mprestamos_personales_avg3	0.00239613364426933	0.0016752824723832	0.00126699739462508	49
ctarjeta_debito_transacciones	0.00238342277530887	0.000936495629577691	0.000927941753809915	50
mactivos_margen_avg3	0.00233210840181361	0.00473123849169474	0.00437203326314287	51
mcuenta_corriente_tend	0.00230984989752288	0.00449230741756699	0.0038902173525108	52
mtransferencias_recibidas	0.00228062282696402	0.00326319279405709	0.00258752989043149	53
cprestamos_personales_avg3	0.0022241813535194	0.00180028076297964	0.00132053249580642	54
mpagomiscuentas	0.002196715000275	0.00496375608825821	0.00258752989043149	55
mrentabilidad_avg3	0.00212564311615734	0.00414478407611144	0.00317641600342625	56
Visa_mpagospesos	0.00212234252163494	0.00206251335454033	0.00151682786680467	57
ccaja_seguridad	0.002071582726094	0.00370148099991274	0.00121346229344373	58
mtarjeta_master_consumo	0.00196028731337465	0.00158611775127881	0.000820871551447232	59
mv_status07	0.00188797732579444	0.000139754071206235	8.92251686355687e-05	60
Visa_fechaalta	0.00187643181680111	0.00116846782625598	0.00230200935079767	61
mv_status02	0.00186969434812293	9.07990230568014e-05	8.92251686355687e-05	62
mcuenta_debitos_automaticos	0.00179987020778062	0.00331046799537852	0.00203433384489097	63
ctarjeta_master_tend	0.00177274608957418	0.000260945948825275	0.000107070202362682	64
mpayroll_tend	0.00176409628319217	0.00236375399342166	0.00171312323780292	65
mv_status02_avg3	0.0017266979447604	0.000952317160276278	0.000374745708269389	66
chomebanking_transacciones_avg3	0.00170502196164021	0.0025798519032538	0.00342624647560584	67
mpayroll_avg3	0.00166628281981644	0.00389932566223043	0.00180234840643849	68
mprestamos_personales_delta1	0.00165804565137502	0.00928911269170123	0.00269460009279418	69
numero_de_cliente	0.00164294620976397	0.00554591486299215	0.00478246903886648	70
cliente_edad_lag1	0.00162240579202658	0.00308503148834735	0.00397944252114637	71
mv_status06	0.00158627816465289	0.000326916562495004	0.00014276026981691	72
mrentabilidad_annual_avg3	0.00158514197120939	0.00235082076691672	0.00314072593597202	73
mcuenta_corriente_avg3	0.00158273069499536	0.00292509116919852	0.00356900674542275	74
mrentabilidad_annual_tend	0.00157385756933473	0.00344201450046287	0.00349762661051429	75
ccallcenter_transacciones_tend	0.00153560183787496	0.00237262955105219	0.00157036296798601	76
cliente_edad_avg3	0.00149268736361837	0.00360770675785804	0.00378314715014811	77
cpayroll_trx_lag1	0.00145272981373009	0.000495746102737046	0.00028552053963382	78
mrentabilidad_annual	0.00141717031980609	0.00206233117503797	0.00280167029515686	79
cliente_edad	0.00141480480255882	0.00335753103348783	0.00362254184660409	80
mdescubierto_preacordado_avg3	0.001394034128454	0.000832124233595172	0.000410435775723616	81
Visa_cconsumos_tend	0.00137441765373897	0.00257595212328143	0.00280167029515686	82
mv_Finiciomora_avg3	0.00133374552568603	0.00532873564190538	0.00148113779935044	83
mactivos_margen_tend	0.00131920095078506	0.00210509515643225	0.0033727113744245	84
mv_Finiciomora	0.00130741357231278	0.0036802005363341	0.00085656161890146	85
ccomisiones_mantenimiento_delta1	0.00129909889265514	0.00264885656471906	0.000963631821264142	86
mrentabilidad_annual_delta1	0.00128952612026147	0.00284634559746652	0.00347978157678718	87
ccomisiones_mantenimiento_avg3	0.00127125339338006	0.00226146893228178	0.00128484242835219	88
mrentabilidad_annual_lag1	0.00125643232092442	0.0021343057419323	0.00306934580106356	89
Visa_status_tend	0.0012563004205659	0.0026635508597468	0.000910096720082801	90
Visa_fultimo_cierre_tend	0.00117872503324121	0.00285785213074362	0.00224847424961633	91
thomebanking_avg3	0.00116512925319915	0.000497474910306304	0.00112423712480817	92
mcuenta_corriente_delta1	0.00113302268131365	0.00273830176634896	0.00249830472179592	93
mvr_mpagominimo_avg3	0.00113286528627803	0.00149876305943847	0.00192726364252828	94
mtransferencias_emitidas_avg3	0.00113178397040108	0.00241790115738831	0.0027302901602484	95
chomebanking_transacciones_delta1	0.00113166841125788	0.0035586450587916	0.00256968485670438	96
mvr_msaldopesos2	0.00111974399426593	0.0015465381157695	0.00248045968806881	97
mrentabilidad_tend	0.0011079910344271	0.00224184288630893	0.00310503586851779	98
Visa_mpagospesos_tend	0.00110374568635379	0.00318729757245574	0.00328348620578893	99
cplazo_fijo	0.00110115272884646	0.00329238174574124	0.000874406652628574	100
mvr_mpagominimo	0.00109844657180179	0.00161732547957347	0.00203433384489097	101
mv_mpagominimo_avg3	0.00106778413452014	0.000751800531923992	0.00114208215853528	102
mv_status07_delta1	0.00106655494367965	0.000901700483249082	0.000267675505906706	103
Visa_status	0.00105664166958783	8.21515693448451e-06	3.56900674542275e-05	104
ccuenta_debitos_automaticos_tend	0.00102942509267779	0.00314106041475712	0.00117777222598951	105
mtarjeta_visa_consumo_tend	0.0010281038735554	0.000564033811952399	0.00071380134908455	106
chomebanking_transacciones_tend	0.00100165947504555	0.00413533161672344	0.00294443056497377	107
Master_fechaalta_avg3	0.000998249723141368	0.00119824810224153	0.00258752989043149	108
mactivos_margen_lag1	0.000986081719682683	0.0030620252535245	0.00219493914843499	109
cliente_antiguedad_avg3	0.000983088884798537	0.00183355622862608	0.00276598022770263	110
Visa_mpagominimo_avg3	0.000982435016769755	0.000985365660626024	0.00148113779935044	111
Visa_status_avg3	0.000972114052941502	0.000176401375808823	7.1380134908455e-05	112
mttarjeta_visa_debitos_automaticos_tend	0.000967414203349751	0.00260898809879039	0.00180234840643849	113
mcaja_ahorro_tend	0.000933526814745587	0.00244305521263585	0.00265891002533995	114
Master_fechaalta_tend	0.000928883879651354	0.00201758637109617	0.00267675505906706	115
mpayroll_delta1	0.000922814164699316	0.00656945244293112	0.00235554445197901	116
mcuenta_corriente_lag1	0.000909448519682079	0.00139030401087178	0.00217709411470788	117
mcaja_ahorro_delta1	0.000904811401706758	0.00278932037690323	0.00196295370998251	118
canarito15	0.000881234580940206	0.00425074878365834	0.00292658553124665	119
Visa_Fvencimiento_tend	0.000879790552558231	0.000908966788608782	0.00180234840643849	120
canarito117	0.00085899424824413	0.00369721458369188	0.00312288090224491	121
canarito7	0.000834385701679294	0.00315711194707743	0.00271244512652129	122
cmobile_app_trx_avg3	0.000834258162671229	0.00179536836860667	0.00242692458688747	123
thomebanking	0.000829372976598715	0.000544772504524903	0.000820871551447232	124
canarito203	0.0008217383362936	0.00272802570379404	0.00269460009279418	125
mttarjeta_visa_debitos_automaticos_delta1	0.000818011038377475	0.00359859778274011	0.00124915236089796	126
Visa_mpagominimo	0.000812581030084767	0.00126988867338154	0.0018201934401656	127
Master_Fvencimiento	0.000810063314826113	0.000615577327197845	0.00187372854134694	128
mplazo_fijo_dolares	0.000804553768280865	0.00225594395933212	0.000874406652628574	129
mpasivos_margen_delta1	0.000804141511643141	0.00128669245523035	0.00199864377743674	130
mtransferencias_recibidas_tend	0.000798917119345252	0.00250863110405047	0.00223062921588922	131
mactivos_margen_delta1	0.000798844433745911	0.00285919228870785	0.00274813519397552	132
cpagomiscuentas_tend	0.000798017540239481	0.00374694009932004	0.00149898283307755	133
ccaja_seguridad_avg3	0.000797409647224815	0.00133792626532178	0.000499660944359185	134
mv_Fvencimiento	0.000796833195709696	0.0022758838854059	0.00223062921588922	135
ctarjeta_visa_debitos_automaticos_tend	0.00078830368310297	0.00227025985235184	0.00148113779935044	136
canarito5	0.000783067546536028	0.00304911062451042	0.00265891002533995	137
Visa_fechaalta_avg3	0.000779729972558765	0.00145349676667117	0.00196295370998251	138
canarito205	0.000778026173376204	0.00358182170735729	0.00287305043006531	139
mcomisiones_tend	0.000770228938251555	0.00110026551368235	0.00210571397979942	140
canarito86	0.000769694970136307	0.00194910965064712	0.00244476962061458	141
mcuentas_saldo_lag1	0.00076464510471906	0.000959570181713931	0.00180234840643849	142
mrentabilidad	0.000760114276590209	0.00171254766913129	0.0023376994182519	143
ccaja_ahorro_avg3	0.000758314991382764	0.000877364338059009	0.000678111281630322	144
mcaja_ahorro_lag1	0.000758179906242758	0.00111749286287414	0.00217709411470788	145
Master_fechaalta	0.000749659867833242	0.000965496329109406	0.00249830472179592	146
mcomisiones_mantenimiento_avg3	0.000742006268864604	0.00193966478207171	0.00139191263071487	147
Visa_Fvencimiento	0.000741763972430101	0.000843396590303612	0.00183803847389272	148
tcallcenter	0.00073875767484778	0.000674181057240947	0.000410435775723616	149
canarito223	0.000729260251558821	0.0023037805012452	0.00267675505906706	150
canarito185	0.000721033859133903	0.00108465728481778	0.00242692458688747	151
chomebanking_transacciones	0.000711966331953214	0.000965588177941845	0.00167743317034869	152
tcallcenter_tend	0.000706547508076736	0.0013192297143516	0.00101716692244548	153
mvr_msaldototal_avg3	0.000706117532404417	0.000629362242876315	0.000945786787537028	154
Visa_mconsumospesos_avg3	0.000705916462585534	0.00185453875281023	0.0018201934401656	155
canarito50	0.000695584724261484	0.00121235980240236	0.00231985438452479	156
canarito137	0.000694560155146098	0.0010768368501384	0.00240907955316036	157
Visa_cconsumos_avg3	0.000689117623954817	0.00249934564253963	0.00223062921588922	158
mv_fechaalta	0.000678161620393976	0.000603539437038869	0.00135622256326064	159
canarito83	0.000674192657610438	0.00123947722132844	0.00219493914843499	160
ctransferencias_emitidas_avg3	0.000673014047157589	0.00148107305021882	0.00183803847389272	161
canarito84	0.000672445294643168	0.00165332073337386	0.00239123451943324	162
ccomisiones_otras_avg3	0.000669153007190509	0.00235909323448632	0.00205217887861808	163
canarito80	0.000667230699707915	0.00170851391131656	0.00248045968806881	164
Visa_mpagominimo_delta1	0.000666036525004215	0.00319774556691601	0.00173096827153003	165
ccomisiones_otras_tend	0.000664435176787462	0.00154877778502662	0.0019451086762554	166
canarito44	0.000663313417498117	0.00222419424701794	0.00240907955316036	167
Visa_Fvencimiento_avg3	0.000663141980011442	0.000921156115479094	0.00183803847389272	168
canarito172	0.000662494040887364	0.00200449639431107	0.0023376994182519	169
canarito54	0.000661391090007294	0.00217760905056169	0.00224847424961633	170
mcomisiones_avg3	0.000659466989210997	0.00141910089708523	0.00180234840643849	171
canarito136	0.000656669832673175	0.00472323018440356	0.00265891002533995	172
mvr_msaldopesos_avg3	0.000656414508572459	0.00040778756175452	0.000785181483993005	173
cprestamos_personales	0.000652864827922526	0.000922478055493084	0.000410435775723616	174
ctransferencias_recibidas_avg3	0.000649968795309638	0.00170590646718905	0.00205217887861808	175
cliente_antiguedad_lag1	0.000648304612005346	0.00119437261286948	0.00203433384489097	176
canarito167	0.000645252413406277	0.0018604470617961	0.00210571397979942	177
canarito101	0.000645245485035188	0.0016476522940661	0.00223062921588922	178
canarito234	0.000635227325702588	0.00139791759590785	0.00223062921588922	179
canarito135	0.000634766773523976	0.00117742878052824	0.00231985438452479	180
canarito132	0.000633587949464007	0.00353146691336474	0.00239123451943324	181
cliente_antiguedad	0.000632713284879844	0.00104973651054067	0.00189157357507406	182
Master_Fvencimiento_avg3	0.00063265661874962	0.000790952804684011	0.00185588350761983	183
canarito195	0.000628416742206338	0.00219536623847284	0.00230200935079767	184
canarito190	0.000625239591957728	0.00111857834907569	0.00212355901352654	185
mv_fechaalta_avg3	0.000624046090592195	0.00087999759094935	0.00153467290053178	186
canarito198	0.00062308971412464	0.00150115644265071	0.00219493914843499	187
ctransferencias_recibidas_tend	0.000622363668381353	0.0019907407032611	0.00157036296798601	188
canarito89	0.000621621422180387	0.00114948699935399	0.00205217887861808	189
canarito4	0.000621614858742393	0.0016520625561857	0.00215924908098076	190
mcomisiones	0.00061679185890966	0.000541908111390944	0.00128484242835219	191
Master_fechaalta_lag1	0.000614840758723792	0.0012830796079742	0.00215924908098076	192
mvr_mpagominimo_lag1	0.000613935174344397	0.0011155587238241	0.00158820800171312	193
canarito77	0.000611901262412588	0.00122729700343325	0.00208786894607231	194
canarito213	0.000609707815987253	0.00136434988397638	0.00219493914843499	195
canarito25	0.000609683092984854	0.00218559382633382	0.00212355901352654	196
mcomisiones_otras_delta1	0.000608353654397141	0.00157675562256072	0.00174881330525715	197
ctransferencias_emitidas_tend	0.000603803494058788	0.00274024273713034	0.00162389806916735	198
mcomisiones_otras_avg3	0.000602904642102891	0.00136696795524153	0.00171312323780292	199
Master_mfinanciacion_limite	0.000600696643507346	0.000938228991634507	0.00160605303544024	200
Visa_fechaalta_lag1	0.000600499437544893	0.000861828980995376	0.00151682786680467	201
canarito170	0.000600431633825308	0.00184826001216957	0.00198079874370963	202
Visa_msaldototal_tend	0.00059924189196961	0.00293892200929321	0.00189157357507406	203
mv_msaldopesos_avg3	0.000599072930478139	0.000205017221141805	0.000463970876904957	204
canarito212	0.000598546052665764	0.00117571439550292	0.00201648881116385	205
mv_cconsumos	0.000598419218222623	0.000367877346356563	0.000606731146721867	206
mv_mpagominimo_delta1	0.000598343571608663	0.00169049408128951	0.000749491416538777	207
thomebanking_tend	0.000594056809393334	0.00302726274769006	0.00160605303544024	208
canarito93	0.000594013458517588	0.00172106721765096	0.00203433384489097	209
canarito153	0.00059003405292858	0.00130540266966321	0.00208786894607231	210
mttarjeta_visa_debitos_automaticos	0.000589984795204856	0.00133894647053499	0.00157036296798601	211
cproductos_avg3	0.000588228261074733	0.00232328737146025	0.00187372854134694	212
mrentabilidad_delta1	0.000585001278716089	0.00076074782273358	0.00196295370998251	213
canarito140	0.000584254264496961	0.00190809421293485	0.00214140404725365	214
canarito61	0.000584058054971099	0.000824835535338307	0.00205217887861808	215
canarito229	0.000582612959755191	0.00258767537425821	0.00223062921588922	216
canarito200	0.000576325190350192	0.00296705659710746	0.00214140404725365	217
canarito1	0.000574440528553052	0.00114609618336634	0.00196295370998251	218
canarito157	0.000574013041348682	0.00113614007356244	0.00201648881116385	219
mvr_msaldopesos	0.000571431800756128	0.00102867504190549	0.00124915236089796	220
canarito78	0.000570997025235776	0.0010195425352685	0.00196295370998251	221
canarito224	0.000567196619126151	0.000756902317071293	0.00190941860880117	222
canarito225	0.00056603267979115	0.00170377762379587	0.00198079874370963	223
canarito127	0.000565314961574707	0.0025367197674485	0.0022127841821621	224
canarito51	0.000564971210774863	0.00102837292756408	0.00199864377743674	225
mvr_msaldopesos2_delta1	0.000563743548152898	0.000839333987401014	0.00171312323780292	226
canarito193	0.000561845562298029	0.00112138125662761	0.00196295370998251	227
mrentabilidad_lag1	0.000559447327513958	0.000863190393234877	0.00164174310289446	228
Master_fultimo_cierre_tend	0.000558897832542533	0.0027542394364803	0.00185588350761983	229
Master_Fvencimiento_lag1	0.000557955915091556	0.000757589285611437	0.00174881330525715	230
mvr_msaldototal	0.000557259241231846	0.000978168052120338	0.00133837752953353	231
canarito180	0.000555422526708902	0.00151069278051792	0.00207002391234519	232
mtransferencias_recibidas_avg3	0.000554542929948574	0.000801253916920502	0.00174881330525715	233
canarito99	0.000551900396521522	0.00082134414108373	0.00187372854134694	234
canarito53	0.000550814229968065	0.000739104897853374	0.00192726364252828	235
canarito32	0.000550610973462778	0.00080478326523807	0.00178450337271137	236
canarito20	0.000550111108703575	0.00150978112392487	0.00192726364252828	237
canarito35	0.000549803392677369	0.000977873149050895	0.00205217887861808	238
canarito222	0.000549587317146616	0.00089871767343859	0.00201648881116385	239
canarito92	0.000546552686101975	0.00118682317019987	0.0022127841821621	240
canarito109	0.000545516640993954	0.00135937714264325	0.00205217887861808	241
canarito124	0.000545476561462328	0.00359946351491695	0.00217709411470788	242
mv_fechaalta_lag1	0.000544582416883661	0.000517165857726862	0.00124915236089796	243
canarito41	0.000544500161861853	0.000996998580932882	0.00189157357507406	244
canarito110	0.00054271487176374	0.000985829459275778	0.00192726364252828	245
canarito120	0.000539483982248823	0.000788063361868477	0.00189157357507406	246
canarito31	0.000537860412372326	0.0015299563651892	0.00198079874370963	247
ccajas_consultas_tend	0.000537203287457535	0.00281518682991312	0.00099932188871837	248
canarito76	0.000536963942061249	0.00124127434621108	0.00196295370998251	249
canarito154	0.000533500362989847	0.00199073463061103	0.0019451086762554	250
canarito217	0.000533476760448253	0.00124195827842619	0.00176665833898426	251
canarito188	0.000528344861812946	0.00160973998054401	0.00187372854134694	252
Visa_mconsumospesos_tend	0.000527935588756832	0.00101084460265277	0.00173096827153003	253
canarito42	0.000527583275839207	0.00083019161270765	0.00192726364252828	254
canarito196	0.000526463169117777	0.00278322419530556	0.00214140404725365	255
canarito94	0.000526203164093813	0.00180035553248374	0.00189157357507406	256
canarito152	0.000524700315555406	0.00226548447214626	0.00192726364252828	257
Visa_mconsumosdolares_tend	0.000524330233533473	0.00345913633735954	0.00187372854134694	258
canarito183	0.000522894575652749	0.00126921005473526	0.00201648881116385	259
canarito179	0.000522575612415559	0.00092698737771709	0.00196295370998251	260
canarito216	0.000521997307843503	0.00072921748490349	0.00187372854134694	261
mv_mpagominimo_lag1	0.00052125014641269	0.00105299183052344	0.000963631821264142	262
mtarjeta_master_consumo_tend	0.000521119842629529	0.00231899514647655	0.000963631821264142	263
canarito52	0.000520766758693058	0.00106219265447381	0.00198079874370963	264
canarito165	0.000518092939065784	0.00208366932879235	0.00190941860880117	265
canarito146	0.000515920361924989	0.000781951619104975	0.00169527820407581	266
Visa_Finiciomora_avg3	0.000512199250845761	0.00349603717510291	0.00110639209108105	267
mttarjeta_visa_debitos_automaticos_avg3	0.000510797846317558	0.000665483124625212	0.00124915236089796	268
canarito178	0.000508422691034489	0.00119917835632545	0.00187372854134694	269
canarito208	0.000505538266658255	0.00272171280449669	0.00198079874370963	270
canarito73	0.000504729254531647	0.00104111790191658	0.00192726364252828	271
canarito141	0.000504253337880903	0.00134056407269969	0.00185588350761983	272
canarito177	0.000503966586062855	0.00113821008815799	0.00180234840643849	273
canarito204	0.000503677697595073	0.000805776523066555	0.00173096827153003	274
canarito230	0.000503656770050193	0.000905993467314037	0.00169527820407581	275
canarito156	0.000503070551424953	0.000761972220805682	0.00169527820407581	276
Visa_Fvencimiento_lag1	0.00050266940269808	0.00063000138929709	0.00148113779935044	277
Master_Fvencimiento_tend	0.000501961694691988	0.00100369102086015	0.00144544773189621	278
canarito79	0.000501677626173445	0.00090413068190242	0.00169527820407581	279
Master_mpagominimo_tend	0.000499887359559603	0.00236644759327216	0.00101716692244548	280
cpayroll_trx_tend	0.000498497913153408	0.00036872524012379	0.000410435775723616	281
mcuenta_debitos_automaticos_tend	0.000498177741663074	0.00152566338112424	0.000874406652628574	282
canarito215	0.00049683638868325	0.00154864836167182	0.00165958813662158	283
canarito14	0.000496600078459506	0.00118433376320826	0.00178450337271137	284
canarito114	0.000495972942951224	0.00111091238743269	0.00176665833898426	285
canarito149	0.000494941818693037	0.000805689608262304	0.00167743317034869	286
canarito74	0.000494567121528025	0.00132872316412763	0.00180234840643849	287
canarito67	0.000492722531889792	0.00081513219959393	0.00169527820407581	288
canarito24	0.000490610262968031	0.00132593733590407	0.00174881330525715	289
canarito105	0.000490142674839462	0.000779988634967061	0.00164174310289446	290
canarito206	0.000489464898994014	0.000746797427340468	0.00162389806916735	291
canarito45	0.000488424480119195	0.00221302436627958	0.0018201934401656	292
cmobile_app_trx_tend	0.000487705315691633	0.00115254723545298	0.00144544773189621	293
canarito218	0.000486831391208708	0.000768959943343025	0.00171312323780292	294
canarito184	0.000486637280473057	0.00305085840911117	0.00189157357507406	295
canarito65	0.000486107655953961	0.000703205667832346	0.00171312323780292	296
canarito145	0.000485943755918507	0.00103109954744938	0.00176665833898426	297
ctarjeta_debito_tend	0.000485711955654348	0.00541174611169572	0.00153467290053178	298
canarito40	0.000485610982715072	0.00123506050701813	0.00178450337271137	299
canarito63	0.000484971522904638	0.0012459855840502	0.00167743317034869	300
canarito97	0.000484253604899195	0.00144414602417198	0.00173096827153003	301
canarito125	0.000483605515621028	0.00120251983203121	0.00174881330525715	302
mpasivos_margen_tend	0.000483284149281031	0.00182311772268156	0.00171312323780292	303
canarito202	0.000483159907187502	0.00120694831210105	0.00171312323780292	304
canarito139	0.000482331311175722	0.00136092111392574	0.00174881330525715	305
canarito151	0.000482171735949839	0.00166003328895452	0.00183803847389272	306
canarito81	0.000481866155289367	0.00129001723114839	0.0018201934401656	307
canarito82	0.000481692104317887	0.000956351297631632	0.00169527820407581	308
canarito129	0.000479689854567335	0.00120120813961423	0.00171312323780292	309
canarito236	0.00047959825190831	0.00103482094332568	0.00185588350761983	310
mcomisiones_delta1	0.000477971988006036	0.0014246323222256	0.00144544773189621	311
ccallcenter_transacciones_avg3	0.000477845618481707	0.00118986708605178	0.00105285698989971	312
canarito37	0.000473305066480882	0.000797785674644349	0.00164174310289446	313
canarito176	0.000472349900599221	0.00134083430562818	0.00178450337271137	314
mcomisiones_otras_tend	0.000472250581174694	0.000865780378493409	0.00148113779935044	315
canarito102	0.000470779957227975	0.00101496451619048	0.00167743317034869	316
canarito211	0.000470060544637411	0.00160733862697855	0.00180234840643849	317
canarito16	0.000468138765035811	0.000873731754690103	0.00165958813662158	318
Visa_mfinanciacion_limite	0.000467237614702134	0.000777114753317353	0.00137406759698776	319
mvr_mpagominimo_delta1	0.000466774996447596	0.00201508557788567	0.00117777222598951	320
canarito147	0.000466449736179297	0.000642802535662823	0.00153467290053178	321
canarito138	0.000465959974277713	0.00336051460237959	0.00183803847389272	322
canarito161	0.000464337366865372	0.00100411269049999	0.00160605303544024	323
canarito166	0.000463953780559812	0.00124131495705848	0.00169527820407581	324
mtransferencias_recibidas_lag1	0.00046363639473151	0.00279599953290846	0.00167743317034869	325
mvr_msaldopesos2_avg3	0.000463573973296895	0.000644815619163886	0.00157036296798601	326
canarito64	0.000461899240347473	0.00115172211412355	0.00173096827153003	327
canarito96	0.000461890721331444	0.000828924326544368	0.00167743317034869	328
canarito113	0.000460066342239614	0.000746451665826616	0.00157036296798601	329
canarito221	0.000459577242623331	0.00116209913448602	0.00160605303544024	330
mcomisiones_lag1	0.000459118743934675	0.000555905190281535	0.00144544773189621	331
canarito22	0.000458460680545281	0.00130806856304772	0.00171312323780292	332
canarito87	0.000458225785026161	0.000979058074897486	0.00160605303544024	333
canarito160	0.000457353768483951	0.00125276076383479	0.00167743317034869	334
canarito118	0.000456962727478193	0.000995525963288816	0.00164174310289446	335
Master_status_tend	0.00045668724151222	0.000175819540023165	0.000107070202362682	336
canarito19	0.000455412301958497	0.000687896896524773	0.00149898283307755	337
Master_mlimitecompra	0.000454892137525746	0.00102651166031498	0.00135622256326064	338
canarito38	0.000453876404297243	0.00109316810390296	0.00164174310289446	339
canarito46	0.000453161192132224	0.00070715137222093	0.00174881330525715	340
canarito75	0.00045289918415617	0.000748610113388936	0.00164174310289446	341
canarito104	0.000449934712482634	0.00117778403055784	0.00178450337271137	342
canarito197	0.000449876182788209	0.000840458566287449	0.00158820800171312	343
canarito100	0.000449305284323249	0.000797685855458682	0.00162389806916735	344
mcaja_ahorro_dolares_avg3	0.000449139106238727	0.000862977091400866	0.00123130732717085	345
mvr_mpagospesos	0.000448479249018336	0.000946218321894193	0.00115992719226239	346
canarito115	0.000447218423302367	0.000928858892563195	0.00158820800171312	347
canarito18	0.000446915757663452	0.00220856931836565	0.00174881330525715	348
canarito233	0.000446805773077105	0.00139956556132294	0.00164174310289446	349
mv_status05_delta1	0.000445483629918179	0.0022782081922235	0.000535351011813412	350
cmobile_app_trx_lag1	0.000444561889412904	0.00142248981536973	0.00146329276562333	351
canarito150	0.00044426401886238	0.000689027168520656	0.00160605303544024	352
mvr_msaldopesos2_lag1	0.000443258683460452	0.000987077009326305	0.00153467290053178	353
canarito59	0.000442105275056167	0.00154850451577309	0.00165958813662158	354
canarito111	0.00044166535363371	0.00124751930773568	0.00160605303544024	355
mvr_mpagospesos_avg3	0.000440575598346718	0.00109944380821859	0.00135622256326064	356
canarito187	0.000439972274690489	0.0017241001268246	0.00178450337271137	357
mv_fultimo_cierre	0.00043758536421282	0.000902913115561657	0.00128484242835219	358
ctarjeta_visa_transacciones_delta1	0.00043716705021781	0.00487374119614281	0.00160605303544024	359
canarito33	0.000436513824598256	0.000759760637555174	0.0015525179342589	360
chomebanking_transacciones_lag1	0.00043631528680646	0.000518066887182278	0.00149898283307755	361
Visa_msaldototal	0.000435773501441026	0.000589129417942931	0.00105285698989971	362
cliente_vip	0.000434527612523755	0.000993190649792957	0.000624576180448981	363
Master_fultimo_cierre_avg3	0.000434031391456054	0.000534144607806057	0.00119561725971662	364
canarito121	0.000433203364972129	0.000753664076416868	0.00157036296798601	365
mcomisiones_otras	0.000433038095303681	0.000650367539498265	0.0013026874620793	366
ccajas_transacciones_tend	0.000431956569439935	0.00281231712321034	0.00148113779935044	367
canarito126	0.000431757808915725	0.00140001911237568	0.00162389806916735	368
canarito209	0.000431262431297397	0.000886680542360873	0.00146329276562333	369
canarito21	0.000430522373461801	0.000506640816518722	0.00157036296798601	370
canarito134	0.000430043736962103	0.000884220739538402	0.00149898283307755	371
canarito3	0.000430042147157765	0.000873506307555935	0.00157036296798601	372
canarito142	0.000429623578459667	0.000786782412242518	0.00149898283307755	373
cpagomiscuentas	0.000428542052152526	0.00124043745912212	0.0010350119561726	374
canarito66	0.00042780879731328	0.000563065983346119	0.00148113779935044	375
Visa_msaldopesos_avg3	0.00042748716067693	0.000662153794219609	0.000910096720082801	376
canarito199	0.000426697214563751	0.000709875714862452	0.00158820800171312	377
Visa_fultimo_cierre_lag1	0.000425964705903958	0.000951466230184012	0.00140975766444199	378
canarito181	0.000424640353433837	0.000975399682765747	0.00146329276562333	379
Visa_mpagominimo_lag1	0.00042309223146481	0.000679432381396435	0.00108854705735394	380
canarito10	0.000422745676095689	0.00048185643384472	0.00146329276562333	381
canarito128	0.000422359835465039	0.000964388450010687	0.0015525179342589	382
canarito228	0.000421937421150289	0.00054549401126237	0.00149898283307755	383
ccaja_ahorro_tend	0.000419776482055267	0.00416774097065241	0.000910096720082801	384
canarito13	0.000419016995744675	0.00115582570741418	0.00157036296798601	385
mcaja_ahorro_dolares	0.000418936440272542	0.00148414505207734	0.00149898283307755	386
Visa_mconsumospesos	0.000418117080666243	0.000660300876864369	0.00124915236089796	387
Master_mfinanciacion_limite_tend	0.00041763764427502	0.00159677183630112	0.000927941753809915	388
canarito28	0.000416116243636581	0.000658388371630234	0.00149898283307755	389
canarito48	0.000414420014331478	0.000568827410108211	0.00146329276562333	390
canarito235	0.000414001616996561	0.000698219263036539	0.00146329276562333	391
mautoservicio_avg3	0.000412880255515677	0.00212769756002487	0.00176665833898426	392
canarito227	0.000412743878016352	0.000960229443788091	0.0014276026981691	393
canarito70	0.000412034284912019	0.00190943930492727	0.00171312323780292	394
canarito107	0.000411363910097422	0.000790567191404018	0.00146329276562333	395
canarito231	0.000409978490783713	0.000650129947063939	0.0014276026981691	396
canarito68	0.000409971007200445	0.000580833798394905	0.00149898283307755	397
canarito148	0.000409805552776881	0.000715243557991323	0.00148113779935044	398
canarito189	0.000409011144927493	0.00124670898849082	0.00148113779935044	399
Visa_mpagominimo_tend	0.000408774290029144	0.000861411106761841	0.00123130732717085	400
canarito214	0.000407237052795735	0.0007980908253108	0.00148113779935044	401
canarito192	0.00040707388968154	0.000871211604907476	0.00148113779935044	402
canarito85	0.000406665645016973	0.000520793507067578	0.00140975766444199	403
canarito173	0.000406215136747452	0.000624742094788374	0.00140975766444199	404
mv_fultimo_cierre_avg3	0.000405648303038206	0.0010814729389328	0.00124915236089796	405
canarito17	0.00040559951157776	0.00123091326655506	0.00146329276562333	406
canarito8	0.00040474153129754	0.000649348472906946	0.00153467290053178	407
Visa_mlimitecompra_avg3	0.000404403205415751	0.00106097281088926	0.00128484242835219	408
canarito175	0.000404289063773495	0.000780953806788931	0.00149898283307755	409
canarito95	0.000404257006923924	0.00153096100923658	0.00148113779935044	410
canarito131	0.000404232146422687	0.00108693528767852	0.00153467290053178	411
mpasivos_margen_lag1	0.000404041372186138	0.000618011700798112	0.00121346229344373	412
canarito226	0.000402062158416885	0.000607614564782253	0.00135622256326064	413
canarito207	0.000399053742068454	0.000889670563443334	0.00157036296798601	414
canarito191	0.000398180983087942	0.000984167071316756	0.00151682786680467	415
canarito23	0.000397271969511162	0.000875470809856369	0.00146329276562333	416
Visa_msaldototal_avg3	0.000395868060425685	0.000327209567861297	0.000678111281630322	417
canarito201	0.000394990036777696	0.00160933614931378	0.00153467290053178	418
canarito119	0.000394663513349093	0.00078690348570346	0.00144544773189621	419
canarito90	0.000393242184486377	0.000620524259768142	0.00144544773189621	420
canarito103	0.000392915424210598	0.000564627413497585	0.00133837752953353	421
canarito112	0.000392570848694847	0.00133607866153536	0.00153467290053178	422
canarito39	0.00039240475731265	0.00076651797893016	0.00132053249580642	423
mv_fultimo_cierre_lag1	0.000391828008352949	0.000719037825668571	0.00124915236089796	424
canarito144	0.000390988947968298	0.000552619127507742	0.00148113779935044	425
mvr_msaldodolares2	0.000390324254917922	0.000255971309788994	0.000606731146721867	426
canarito122	0.000388689257774857	0.0009132935517898	0.00140975766444199	427
ccallcenter_transacciones	0.000388213907414257	0.000538224290037	0.000339055640815161	428
canarito57	0.00038803130807026	0.000688757694673417	0.00144544773189621	429
cmobile_app_trx_delta1	0.000387969991089174	0.0020382235133071	0.00137406759698776	430
canarito143	0.000387586640115856	0.000567637550233431	0.00146329276562333	431
mv_Fvencimiento_lag1	0.000384588399605197	0.000465258363017329	0.00110639209108105	432
canarito55	0.00038436357162908	0.000835708235763448	0.00137406759698776	433
canarito164	0.000381916792097292	0.000719719101099267	0.0014276026981691	434
Visa_msaldopesos_tend	0.000381687993550087	0.00132400964904473	0.00128484242835219	435
canarito123	0.00038162949495802	0.000430876156894067	0.00135622256326064	436
canarito58	0.000380114266665293	0.000556488544229713	0.00140975766444199	437
canarito174	0.000379757562920641	0.00075792821539395	0.00139191263071487	438
Visa_mfinanciacion_limite_avg3	0.000379533540472045	0.000937535191363025	0.0013026874620793	439
canarito155	0.000378582190594188	0.000915776127050066	0.00135622256326064	440
mextraccion_autoservicio_avg3	0.000376990886656023	0.00219119888235638	0.0010350119561726	441
canarito11	0.000375468704847979	0.000629088214541517	0.00139191263071487	442
Master_msaldopesos	0.000374781313524485	0.000438600947334703	0.000463970876904957	443
canarito9	0.000374626462138855	0.000587027521934468	0.00128484242835219	444
Master_status_avg3	0.000373332086521603	0.000120474925369133	5.35351011813412e-05	445
canarito220	0.000371577922142198	0.000644390913199012	0.00128484242835219	446
mplazo_fijo_dolares_tend	0.000371313025314167	0.00301068479251606	0.000981476854991256	447
ccomisiones_otras	0.000367717288493072	0.000427606034826729	0.000767336450265891	448
canarito194	0.000366063917274483	0.000573923502146064	0.00139191263071487	449
canarito186	0.000365257282824712	0.00108664114369034	0.00137406759698776	450
canarito159	0.00036498025873309	0.000491213628534615	0.00119561725971662	451
cproductos_lag1	0.000363885609318822	0.000486037073883221	0.000678111281630322	452
canarito30	0.000363871942793379	0.000720194665508549	0.00137406759698776	453
ctarjeta_debito_transacciones_avg3	0.000361108800684528	0.00112406347025921	0.00151682786680467	454
canarito6	0.000359680771728737	0.000629127686767028	0.00135622256326064	455
cmobile_app_trx	0.000357892062431263	0.000766175253741347	0.00107070202362682	456
Visa_mconsumospesos_delta1	0.000357272825118131	0.00115887911178183	0.00114208215853528	457
Visa_mpagospesos_lag1	0.000356076694035196	0.00113126449463056	0.00126699739462508	458
canarito133	0.000355285105703955	0.000658107511564097	0.00126699739462508	459
canarito34	0.000354409100743982	0.00088827878795344	0.00139191263071487	460
canarito62	0.000354125765834418	0.000545645447973705	0.0014276026981691	461
mv_Fvencimiento_avg3	0.000353881589430075	0.000528742985561123	0.00107070202362682	462
canarito182	0.000353300459499664	0.000911230368925588	0.00135622256326064	463
ctarjeta_visa_transacciones_lag1	0.000352821555508622	0.00140732337179838	0.00119561725971662	464
mtransferencias_emitidas	0.000351453889096568	0.000635473985639817	0.00101716692244548	465
Visa_mlimitecompra	0.000350887187765046	0.000622932445064945	0.00108854705735394	466
Master_fultimo_cierre_lag1	0.0003471063069708	0.000513274427648356	0.00110639209108105	467
canarito130	0.000346611722106942	0.000459096900431309	0.00124915236089796	468
canarito29	0.000344130732270692	0.00051303455797025	0.00123130732717085	469
canarito91	0.000342068822714127	0.000429860506168417	0.00119561725971662	470
canarito12	0.000336052213913594	0.000510778568466043	0.00117777222598951	471
Visa_msaldopesos	0.000335173589390601	0.000669688055264028	0.000945786787537028	472
canarito116	0.000335168689868679	0.000455927356630898	0.00117777222598951	473
mv_cconsumos_avg3	0.000334946509849069	0.000985458648080352	0.00101716692244548	474
canarito49	0.000334640755074976	0.000968764173932964	0.00126699739462508	475
mvr_mpagado_avg3	0.000332813329910462	0.00103300028692399	0.000767336450265891	476
mvr_msaldototal_delta1	0.000332008794564975	0.00220896821556769	0.00108854705735394	477
canarito219	0.000331708180296031	0.000479503281939255	0.00123130732717085	478
Visa_mfinanciacion_limite_lag1	0.000331145718726531	0.0015967031394471	0.00110639209108105	479
canarito210	0.000331116136798315	0.000470556750210926	0.00119561725971662	480
canarito2	0.000329891274628629	0.000478672087959743	0.00121346229344373	481
canarito169	0.000329514313753318	0.000591485226632806	0.00123130732717085	482
canarito108	0.000328703445720322	0.000662788386152824	0.00119561725971662	483
canarito26	0.000328247296575973	0.00074053576602815	0.00123130732717085	484
canarito27	0.000327664656361463	0.00047256717692758	0.0013026874620793	485
Visa_fultimo_cierre_avg3	0.000325698635591842	0.00100156597287326	0.00107070202362682	486
canarito71	0.000325492404395952	0.000516145652513654	0.00114208215853528	487
mvr_mpagospesos_lag1	0.000324815532043038	0.000555921130987992	0.0010350119561726	488
canarito56	0.000323191954887462	0.000741256513684356	0.00133837752953353	489
canarito88	0.000320464346352044	0.000520951016428993	0.00114208215853528	490
Visa_mpagospesos_delta1	0.000319174422775821	0.00174611044703456	0.00128484242835219	491
ctarjeta_master_transacciones	0.000318938239134606	0.000161626238626908	0.000196295370998251	492
mcomisiones_mantenimiento_lag1	0.000318555017152472	0.00179952092263856	0.00101716692244548	493
canarito69	0.000317129969770621	0.000635262201968325	0.00115992719226239	494
mcomisiones_otras_lag1	0.000314625475852014	0.000638853794949199	0.00099932188871837	495
Master_mpagospesos_tend	0.000313617487281371	0.00219531310278465	0.00099932188871837	496
mvr_mconsumospesos	0.000312532409836951	0.000464482202429156	0.000963631821264142	497
mpagomiscuentas_avg3	0.000309910736868094	0.000776857045229642	0.000963631821264142	498
canarito47	0.000306548025554206	0.000491712344922322	0.00114208215853528	499
mvr_mconsumospesos_lag1	0.000306111015245884	0.000503271634346977	0.000927941753809915	500
mv_mconsumospesos_avg3	0.000305632852651843	0.00217248601113911	0.00112423712480817	501
canarito232	0.000304905278298592	0.000708352618314608	0.00110639209108105	502
mcaja_ahorro_dolares_lag1	0.000304426202964793	0.00135489552688523	0.00123130732717085	503
mtransferencias_emitidas_lag1	0.000304045821473911	0.000714759643688183	0.00110639209108105	504
mv_mpagado_avg3	0.000303514085985079	0.000652715377834912	0.000588886112994754	505
canarito43	0.000301764290383004	0.000363492513459168	0.00108854705735394	506
mvr_Master_mlimitecompra	0.000300792124693684	0.000421644210612043	0.000820871551447232	507
canarito158	0.000298871658901105	0.000643661815648948	0.00110639209108105	508
Master_mfinanciacion_limite_avg3	0.000298084798687182	0.000388780546549066	0.0010350119561726	509
mv_status03	0.000297762352267715	3.07921313049077e-05	0.000107070202362682	510
Master_fultimo_cierre	0.000297451608514319	0.000495010552996273	0.000945786787537028	511
canarito106	0.000297450793442267	0.000485410452303233	0.00115992719226239	512
Visa_mconsumosdolares	0.000297196041876184	0.000429044493814103	0.000695956315357436	513
tmobile_app_delta1	0.000294904778010607	0.000205587291167935	0.000606731146721867	514
mtarjeta_visa_consumo_lag1	0.000294609314418462	0.00040267628809147	0.000910096720082801	515
Master_mlimitecompra_avg3	0.000293001501780551	0.000308106528876475	0.000927941753809915	516
canarito163	0.000290980739476471	0.000498381632871168	0.00119561725971662	517
canarito171	0.000290925895462192	0.000427388558045789	0.00114208215853528	518
Visa_cconsumos	0.000289536860092523	0.000355313412884526	0.00085656161890146	519
canarito36	0.000288551701987422	0.000680577075936255	0.00112423712480817	520
Master_mconsumospesos_tend	0.000286647065086968	0.000926318247586552	0.000695956315357436	521
mv_mlimitecompra_avg3	0.000286592763604215	0.000555776905548624	0.000963631821264142	522
mv_status06_avg3	0.000286181579762264	5.81763672938193e-05	3.56900674542275e-05	523
mautoservicio_tend	0.000285600946026801	0.0018480269742228	0.00115992719226239	524
mcaja_ahorro_dolares_tend	0.000283997415165521	0.000833418846683808	0.000820871551447232	525
canarito72	0.000283432668467635	0.000519661716909176	0.00107070202362682	526
mvr_mpagospesos_delta1	0.000281644976292067	0.000522090776940624	0.000963631821264142	527
tmobile_app	0.000280903143594494	0.000393587049086294	0.000803026517720119	528
mvr_mconsumospesos_avg3	0.000280629290913345	0.000521821303093385	0.000963631821264142	529
mvr_mconsumosdolares	0.000280581350785247	0.000714248402459689	0.000767336450265891	530
tmobile_app_avg3	0.00027955892805236	0.000365796704623375	0.000767336450265891	531
canarito162	0.000278169076841712	0.000426366455129431	0.00105285698989971	532
mpayroll_lag1	0.000276817758534144	0.00117211407308756	0.000695956315357436	533
Visa_fultimo_cierre	0.000273839560841003	0.000368457663979701	0.00085656161890146	534
mtarjeta_visa_consumo_delta1	0.000270540953134389	0.000900863975700752	0.000785181483993005	535
canarito98	0.000270115370166532	0.00042879209929521	0.000927941753809915	536
mv_fultimo_cierre_delta1	0.000267359583736005	0.000225962170803599	0.00057104107926764	537
internet_avg3	0.000267209089931965	0.00037387826325613	0.000588886112994754	538
Visa_fultimo_cierre_delta1	0.000266609114448656	0.000141522351001003	0.000481815910632071	539
mv_mconsumosdolares	0.000265310177703498	0.00132838005939819	0.000731646382811664	540
Visa_mconsumototal_avg3	0.00026389011884139	0.000705997568705992	0.000820871551447232	541
ctarjeta_visa_transacciones_avg3	0.000263796843446113	0.000779442855541245	0.000945786787537028	542
cprestamos_personales_tend	0.00026344255503767	0.0016418882105196	0.000517505978086299	543
mvr_msaldopesos_delta1	0.000262398144493521	0.000984663510460683	0.000820871551447232	544
mvr_mconsumospesos_delta1	0.000258260086158659	0.000353315890549289	0.000731646382811664	545
mtransferencias_emitidas_delta1	0.000255925202405502	0.00236802306642693	0.000945786787537028	546
Visa_mconsumosdolares_avg3	0.00025581337566265	0.000293049772547164	0.000874406652628574	547
canarito168	0.000254235699503614	0.000389373768553621	0.000892251686355687	548
Visa_delinquency_tend	0.00025344874758531	0.000824123137575958	0.000356900674542275	549
mtransferencias_emitidas_tend	0.000252729149701552	0.000481092418556704	0.000624576180448981	550
canarito60	0.000251636773521353	0.000539171243908635	0.000963631821264142	551
Visa_Finiciomora_tend	0.000247602015648091	0.00245059326908657	0.000588886112994754	552
Visa_mconsumospesos_lag1	0.00024679225887544	0.000292466418598987	0.00071380134908455	553
Visa_Finiciomora_isNA_tend	0.000246457626996703	0.00188219701713394	0.000481815910632071	554
ccaja_ahorro_lag1	0.000238884852310128	0.00068782136793942	0.00042828080945073	555
mvr_Visa_mlimitecompra	0.00023814227262021	0.000287447752849637	0.000731646382811664	556
Master_mconsumospesos_avg3	0.00023672591740039	0.00187959602519714	0.000910096720082801	557
mv_Finiciomora_lag1	0.000235471434311382	0.00347933624876481	0.000803026517720119	558
matm_avg3	0.000234759739033925	0.000668905442485145	0.000678111281630322	559
mv_msaldototal_avg3	0.000234663493391713	0.000414236716138015	0.000499660944359185	560
ccajas_consultas_avg3	0.00023386134942676	0.0024201036316637	0.00085656161890146	561
cpagomiscuentas_avg3	0.000232808876482117	0.000491187060690521	0.000874406652628574	562
Master_mlimitecompra_tend	0.000230117399185447	0.00108713188972481	0.000535351011813412	563
Visa_mpagospesos_avg3	0.00022958969147036	0.000408299941604903	0.000767336450265891	564
Visa_delinquency	0.000228537999940114	0.000255487775026484	0.00028552053963382	565
Visa_mconsumototal_tend	0.000227866001022678	0.000395040310158234	0.000767336450265891	566
Visa_mlimitecompra_lag1	0.000227448579110121	0.000546609860714316	0.000767336450265891	567
Visa_cconsumos_lag1	0.000223120554654608	0.000302149259149348	0.000695956315357436	568
cextraccion_autoservicio_avg3	0.000222588537664963	0.00113776033251154	0.000803026517720119	569
Master_msaldototal_tend	0.000222571549256266	0.000384122064857504	0.000410435775723616	570
mvr_Visa_mlimitecompra_avg3	0.000220939293850198	0.000316016914685139	0.000767336450265891	571
mvr_msaldopesos_lag1	0.000219576961180317	0.000336440755062061	0.000624576180448981	572
ctarjeta_debito_avg3	0.000219293597274524	0.000429206557663076	0.000660266247903209	573
ccomisiones_otras_lag1	0.000216595206267689	0.000334543431453122	0.000731646382811664	574
mv_mpagospesos_avg3	0.000216016489317617	0.000268709452410162	0.000588886112994754	575
Visa_msaldopesos_lag1	0.000215846396887376	0.000323157971636967	0.000678111281630322	576
mpagomiscuentas_tend	0.000215668077613868	0.000747752351565331	0.000606731146721867	577
mextraccion_autoservicio_tend	0.000213910944765255	0.00187492312096164	0.000803026517720119	578
mvr_Master_mlimitecompra_avg3	0.000213445646516565	0.000426056749975421	0.000678111281630322	579
Visa_msaldototal_delta1	0.000213183864542969	0.000499801494367675	0.000731646382811664	580
catm_trx_tend	0.000203751964960554	0.000913282545111532	0.000749491416538777	581
Visa_msaldopesos_delta1	0.000201463352133316	0.00058446600222318	0.000678111281630322	582
ccaja_seguridad_lag1	0.000200790581630087	0.000434803643332415	0.000160605303544024	583
Visa_cconsumos_delta1	0.000199964504645983	0.000263997835030412	0.000535351011813412	584
minversion2_lag1	0.00019621926427113	0.00407848440071558	0.000892251686355687	585
tcallcenter_avg3	0.000195156111762392	0.000904096902786358	0.000481815910632071	586
cliente_vip_lag1	0.000192039639376989	0.00121388783297839	0.000410435775723616	587
mv_status07_avg3	0.000191634642382328	9.13136801509645e-06	3.56900674542275e-05	588
mvr_Visa_mlimitecompra_lag1	0.000187490898394295	0.000285998666724626	0.000535351011813412	589
ccajas_consultas	0.000182767411343543	0.0013723103691482	0.000339055640815161	590
Master_mfinanciacion_limite_lag1	0.000182682572685145	0.000201035460393379	0.000642421214176095	591
mv_mfinanciacion_limite_avg3	0.000182135919722419	0.00032028257182474	0.000695956315357436	592
mvr_msaldototal_lag1	0.000181862386877332	0.00028069648412473	0.000606731146721867	593
cliente_edad_tend	0.000181214799393715	0.00230514646797226	0.000910096720082801	594
cliente_vip_delta1	0.000180062082746685	0.000193171378541565	0.000303365573360934	595
ctarjeta_debito_transacciones_tend	0.000179855440772438	0.000360902907741266	0.000588886112994754	596
ccuenta_debitos_automaticos_avg3	0.000177282491712007	0.00105124670270709	0.000731646382811664	597
thomebanking_delta1	0.000175670610561175	0.000814110476218202	0.000499660944359185	598
ctarjeta_visa_debitos_automaticos_avg3	0.000175296583407981	0.00078368839702746	0.000678111281630322	599
mpagomiscuentas_lag1	0.000174903653680515	0.000789872252510646	0.00057104107926764	600
mv_cconsumos_delta1	0.000174671707652346	0.00037119111559634	0.00042828080945073	601
mttarjeta_visa_debitos_automaticos_lag1	0.000174322650782957	0.000234908702531927	0.000499660944359185	602
mvr_mconsumosdolares_avg3	0.00017223719654562	0.00038268626265454	0.000624576180448981	603
mv_fechaalta_delta1	0.000171882066486027	0.000748155044173669	0.000303365573360934	604
Master_mpagominimo_lag1	0.000168357649411688	0.00154095203677843	0.000588886112994754	605
mvr_msaldodolares2_delta1	0.000167460773670715	0.000294696219799731	0.000410435775723616	606
mcomisiones_mantenimiento_delta1	0.000166450390860559	0.00114955873253304	0.000463970876904957	607
mvr_mconsumototal_avg3	0.000165947166949775	0.000213266157192352	0.000463970876904957	608
ccajas_depositos_tend	0.000165863779303638	0.000872592753259732	0.000410435775723616	609
catm_trx_avg3	0.000165111407867429	0.000423784819764757	0.000553196045540526	610
mv_mconsumototal_avg3	0.00016214350265634	0.000949505902830507	0.000535351011813412	611
cpayroll_trx_delta1	0.000160056071652083	0.000950731819065128	0.000410435775723616	612
mautoservicio_lag1	0.000159148792926118	0.000586307533359522	0.000749491416538777	613
ctransferencias_recibidas_delta1	0.000156857154870888	0.00138532026286038	0.000606731146721867	614
mvr_msaldodolares2_avg3	0.000154752070695275	0.000333222250520392	0.000499660944359185	615
mtransferencias_recibidas_delta1	0.000154587478354094	0.000308904702821184	0.000535351011813412	616
mcuenta_debitos_automaticos_avg3	0.000153847771908395	0.000335815651644593	0.000553196045540526	617
ctransferencias_emitidas	0.000153648783379519	0.000501552694834098	0.000606731146721867	618
mvr_Master_mlimitecompra_lag1	0.000153267576667559	0.000169470204825337	0.000463970876904957	619
internet	0.000153016416088938	0.000208105543247413	0.00042828080945073	620
Visa_Finiciomora	0.000152661418161248	0.000218063550754462	5.35351011813412e-05	621
ctransferencias_recibidas	0.000152581179437111	0.000280603876211031	0.000446125843177844	622
mv_mfinanciacion_limite_lag1	0.00015202996973425	0.000303156939521769	0.000517505978086299	623
Visa_mpagado_avg3	0.000149925452107427	0.000316344078708125	0.000356900674542275	624
cextraccion_autoservicio	0.00014798559200441	0.000753741123164741	0.000446125843177844	625
ccuenta_debitos_automaticos	0.00014791216213776	0.000104366461954331	0.000231985438452479	626
Visa_mconsumototal	0.000144348674608896	0.000301560212091722	0.000553196045540526	627
Visa_mconsumototal_lag1	0.00014406508265023	0.000187703336686396	0.000410435775723616	628
Master_msaldopesos_avg3	0.00014247828154268	0.000289536744476682	0.000463970876904957	629
ctarjeta_debito_transacciones_lag1	0.000142317038960645	0.00038770416932263	0.000588886112994754	630
Master_mpagominimo_avg3	0.000142224691698816	0.000299908451270337	0.000463970876904957	631
cextraccion_autoservicio_tend	0.000141721727887859	0.000658061207607248	0.000446125843177844	632
mtarjeta_visa_descuentos_avg3	0.000141221192247946	0.00316374138326014	0.000695956315357436	633
mv_cconsumos_lag1	0.000140623333221393	0.000278577508787921	0.000481815910632071	634
mv_mfinanciacion_limite	0.000140296716266329	0.000187639573860571	0.00042828080945073	635
Visa_fultimo_cierre_isNA_tend	0.000139583519655535	0.00236502621361313	0.000535351011813412	636
Master_mconsumototal_avg3	0.000138471322562859	0.000726174328132841	0.000481815910632071	637
ccajas_extracciones_avg3	0.000138256701697763	0.000463573582161142	0.000410435775723616	638
mv_status04_delta1	0.000137272433639669	0.000760375113835004	0.000196295370998251	639
Visa_msaldototal_lag1	0.000136493066761409	0.000170285837639022	0.000410435775723616	640
mv_mlimitecompra	0.000134691928603547	0.000104243490790238	0.000356900674542275	641
mcuenta_debitos_automaticos_delta1	0.000134069952696448	0.00125393582162501	0.000463970876904957	642
Visa_mconsumosdolares_lag1	0.000133622635319097	0.000136548091505353	0.00042828080945073	643
mvr_mconsumototal	0.000130172941538085	0.000139552155591121	0.000374745708269389	644
Master_mlimitecompra_lag1	0.000129677212491756	0.000227635944981519	0.00042828080945073	645
mvr_mconsumototal_lag1	0.000129307131278674	0.000161898748799186	0.000392590741996502	646
Master_cconsumos_tend	0.000128460395271942	0.000441995179188022	0.000446125843177844	647
mextraccion_autoservicio	0.000127152522918964	0.000604465895716488	0.000446125843177844	648
internet_tend	0.000126717119174743	0.00370181271842328	0.000927941753809915	649
Master_status_delta1	0.000125783882404072	9.01257179793343e-06	3.56900674542275e-05	650
Visa_mfinanciacion_limite_tend	0.000125202896355549	0.000632346950389957	0.000303365573360934	651
mvr_mconsumototal_delta1	0.000123984002159666	0.000248156947759699	0.000374745708269389	652
ccajas_otras_tend	0.000122549800357345	0.00123063620189523	0.00028552053963382	653
Master_mconsumospesos	0.000121868740058627	0.000776961798443498	0.00042828080945073	654
Visa_mconsumototal_delta1	0.000121708443783663	0.000378531810919503	0.000446125843177844	655
ctransferencias_emitidas_lag1	0.000119918480503251	0.00035414822315069	0.000392590741996502	656
mv_mconsumospesos_delta1	0.000119718061138924	0.000235354283231446	0.000321210607088047	657
matm_tend	0.000118689387814849	0.000272307497581745	0.000410435775723616	658
ctarjeta_visa_debitos_automaticos	0.000116948515845809	0.000185746804739191	0.000321210607088047	659
Master_mpagospesos	0.000116900164510969	7.58804195167791e-05	0.000196295370998251	660
Master_fultimo_cierre_delta1	0.00011502540959519	0.000103471884689624	0.000356900674542275	661
mextraccion_autoservicio_lag1	0.000109273071326334	0.00025044026418926	0.000410435775723616	662
tmobile_app_tend	0.000108775878132147	0.000762549502103781	0.000392590741996502	663
matm_other_avg3	0.000108435242528522	0.000891384189387395	0.00042828080945073	664
mv_mconsumospesos	0.000108017083606522	0.00013035019301886	0.000321210607088047	665
ccomisiones_mantenimiento	0.000106358743848707	0.000451398298294137	0.000231985438452479	666
Master_status	0.000104220863840011	5.63029547445648e-05	3.56900674542275e-05	667
tpaquete4_avg3	0.000103796122732694	0.000153397797770377	7.1380134908455e-05	668
mv_mlimitecompra_lag1	0.000102726553549921	0.000153713196033835	0.000356900674542275	669
Visa_mconsumospesos_isNA_tend	0.000102306305666312	0.000594501436018731	0.000249830472179592	670
mvr_Master_mlimitecompra_delta1	0.000101988773266882	0.00160539727665654	0.000410435775723616	671
mttarjeta_master_debitos_automaticos_tend	0.000101806533147261	0.000999506585415353	0.000339055640815161	672
mv_msaldopesos_delta1	0.000101269847644827	0.000400588435086315	0.00028552053963382	673
tpaquete3_tend	0.000100517177766396	0.00399611345688665	0.000874406652628574	674
mv_mconsumosdolares_avg3	0.000100248462488935	0.000210658333524214	0.000374745708269389	675
Master_mlimitecompra_delta1	0.000100242564759279	0.000376541499856235	0.000303365573360934	676
Master_msaldototal_avg3	9.99486042834717e-05	0.000101149475575181	0.00028552053963382	677
Master_mpagospesos_lag1	9.72117154136118e-05	0.000207863775866158	0.000321210607088047	678
cprestamos_personales_delta1	9.64075236616482e-05	0.000535467686441936	0.000124915236089796	679
Master_mconsumototal_tend	9.58405536451893e-05	0.000354509166289738	0.000231985438452479	680
cseguro_vida	9.56155268061238e-05	0.0011468138946975	0.000339055640815161	681
mcuenta_debitos_automaticos_lag1	9.56151536540448e-05	0.000180884130188735	0.000356900674542275	682
Master_msaldototal	9.54949220810891e-05	0.000123067946952704	0.000231985438452479	683
cplazo_fijo_avg3	9.50729222673722e-05	0.000635563177687847	0.000214140404725365	684
mforex_buy_tend	9.24030304419816e-05	0.00201042861435662	0.000481815910632071	685
mv_mpagospesos_delta1	8.9209803313755e-05	0.000221863132000529	0.000321210607088047	686
ctransferencias_recibidas_lag1	8.90373696279055e-05	8.98691485135126e-05	0.000303365573360934	687
Visa_fechaalta_delta1	8.88113793639939e-05	0.00026585492733258	0.000249830472179592	688
ctarjeta_visa_debitos_automaticos_lag1	8.86226446054482e-05	0.000211130861608457	0.000303365573360934	689
ccajas_extracciones_tend	8.75247568891622e-05	0.00104653508532734	0.00042828080945073	690
tcallcenter_delta1	8.688409337039e-05	0.000481980543630702	0.000267675505906706	691
cpagomiscuentas_lag1	8.67898660677699e-05	0.000166403896076263	0.000267675505906706	692
Master_mfinanciacion_limite_delta1	8.65622159152964e-05	0.000367248447532795	0.000267675505906706	693
mv_mconsumototal	8.52449820329972e-05	0.00010727715904514	0.000160605303544024	694
mtarjeta_master_consumo_avg3	8.43448640352396e-05	0.000338355537539976	0.000267675505906706	695
Master_cconsumos_avg3	8.4123687496192e-05	8.75011945234803e-05	0.000267675505906706	696
matm_other_tend	8.41007847437813e-05	0.00181626170074279	0.000517505978086299	697
mvr_mconsumosdolares_lag1	8.39717562773567e-05	0.000223608639357503	0.000321210607088047	698
mv_msaldopesos_lag1	8.35021162984714e-05	0.000261999933154545	0.000231985438452479	699
ccomisiones_otras_delta1	8.24567837500195e-05	0.000153949270305641	0.00028552053963382	700
Master_Fvencimiento_delta1	7.78626120796263e-05	3.27133659735315e-05	7.1380134908455e-05	701
ctarjeta_master_debitos_automaticos_avg3	7.7697028634857e-05	0.00163308476560875	0.000446125843177844	702
mv_mlimitecompra_delta1	7.75508585295893e-05	0.000817753686724745	0.00028552053963382	703
cforex_tend	7.72523561541216e-05	0.00105247299848235	0.000356900674542275	704
ctransferencias_emitidas_delta1	7.64055429405447e-05	0.000539953477146888	0.000321210607088047	705
Master_Finiciomora_avg3	7.53664685342854e-05	0.000967494610525902	0.000214140404725365	706
mv_mpagospesos_lag1	7.52642271024092e-05	0.000241125957590545	0.00028552053963382	707
mforex_sell_lag1	7.49643855358296e-05	0.000315931518043408	0.000231985438452479	708
mprestamos_prendarios_lag1	7.45367112923946e-05	0.00285277159987159	0.000624576180448981	709
minversion2_avg3	7.28182672359748e-05	0.0018487818805357	0.000446125843177844	710
mvr_mpagado	7.25041079689445e-05	0.000225636524943133	0.000178450337271137	711
mplazo_fijo_dolares_delta1	7.24315854375907e-05	0.00148060128121584	0.000356900674542275	712
mforex_sell_avg3	7.08565810254327e-05	0.000227537643958371	0.000374745708269389	713
mautoservicio_delta1	7.08435171098938e-05	0.000154940250890346	0.000321210607088047	714
ccheques_depositados_tend	7.01058686954924e-05	0.00123751613489368	0.000303365573360934	715
mpagomiscuentas_delta1	6.87022469303967e-05	0.000629878418132998	0.000249830472179592	716
mextraccion_autoservicio_delta1	6.83543507599686e-05	0.000409804061121252	0.000249830472179592	717
Visa_mconsumosdolares_delta1	6.80588011408763e-05	0.000142808234655151	0.000249830472179592	718
tmobile_app_lag1	6.80503022069743e-05	6.79537134610291e-05	0.000249830472179592	719
mplazo_fijo_dolares_avg3	6.76212996979732e-05	0.000118140750495163	0.000196295370998251	720
ccajas_extracciones	6.67589121573757e-05	0.00162111709046631	0.00042828080945073	721
mprestamos_hipotecarios_tend	6.63316029763584e-05	0.00267416205667793	0.000588886112994754	722
mv_msaldototal_lag1	6.59462144152841e-05	0.000102448643151376	0.000249830472179592	723
Master_mconsumospesos_delta1	6.4482128263511e-05	0.000162843425427042	0.000178450337271137	724
Visa_mlimitecompra_tend	6.3740018443657e-05	0.000252563794013628	0.00014276026981691	725
mv_msaldototal_delta1	6.25099036774788e-05	0.000363820816104044	0.000249830472179592	726
Master_mpagospesos_avg3	6.23644908405965e-05	0.000114183280347051	0.000214140404725365	727
Master_mconsumototal	6.18822686378112e-05	0.000411296794418703	0.000249830472179592	728
Visa_msaldodolares_tend	6.15904797897653e-05	0.000517951886371414	0.000249830472179592	729
mtarjeta_master_consumo_lag1	6.05635621646621e-05	0.000335793638288058	0.000231985438452479	730
Master_cconsumos_lag1	5.78213319649106e-05	0.000488555325962699	0.000249830472179592	731
tcuentas_avg3	5.72519682031409e-05	0.00223482783684624	0.000499660944359185	732
Visa_mpagosdolares_tend	5.65555615376128e-05	0.000382720041770602	0.000196295370998251	733
tpaquete4_lag1	5.63957799249116e-05	9.38178892271359e-05	5.35351011813412e-05	734
ctarjeta_debito	5.43287917861714e-05	0.000167671561780175	0.000160605303544024	735
Visa_delinquency_avg3	5.33840519282774e-05	0.000174727981171533	8.92251686355687e-05	736
Visa_mconsumosdolares_isNA_tend	5.27926206606509e-05	0.000263877520650729	0.000124915236089796	737
mv_status06_delta1	5.11784618568048e-05	0.000684978988161995	0.000160605303544024	738
mv_mconsumototal_delta1	5.08502414791528e-05	9.1663996152375e-05	0.00014276026981691	739
Master_mpagominimo	5.04459955967209e-05	0.000120340188445513	0.000160605303544024	740
mv_mconsumototal_lag1	4.93812108007992e-05	4.79621698615788e-05	0.00014276026981691	741
matm	4.93102636541866e-05	0.000211570369657897	0.000160605303544024	742
cprestamos_personales_lag1	4.92931178400344e-05	0.00024004844174222	0.000124915236089796	743
matm_lag1	4.92669694672674e-05	9.11899499056126e-05	0.000196295370998251	744
Master_mpagado_tend	4.91152133169689e-05	0.00115469923082459	0.000303365573360934	745
Master_msaldopesos_tend	4.8768551227481e-05	7.64983116622788e-05	5.35351011813412e-05	746
Visa_msaldodolares_avg3	4.84404032572622e-05	7.66121738512529e-05	0.000178450337271137	747
Visa_madelantopesos_isNA_tend	4.82168204238833e-05	9.79753772872118e-05	0.000107070202362682	748
cforex_sell_avg3	4.76873177831659e-05	6.27559045343594e-05	0.00014276026981691	749
ccajas_transacciones_avg3	4.7594051873162e-05	0.000172629501028739	0.000196295370998251	750
mvr_msaldodolares2_lag1	4.66033533172498e-05	7.49289111575852e-05	0.000160605303544024	751
Master_mconsumospesos_lag1	4.64857408477528e-05	0.00013035133164075	0.000178450337271137	752
cforex_avg3	4.64290060835774e-05	6.71460510005725e-05	0.00014276026981691	753
catm_trx_other_tend	4.64228802124266e-05	0.000437576946715195	0.000196295370998251	754
Master_msaldopesos_delta1	4.39701864754857e-05	0.000194016995065013	0.000178450337271137	755
mvr_mpagado_delta1	4.37651706732566e-05	0.000104245008952758	8.92251686355687e-05	756
Visa_mlimitecompra_delta1	4.27499135408319e-05	0.000159817727525369	0.00014276026981691	757
cplazo_fijo_lag1	4.25513438984482e-05	0.000561307571607729	0.000160605303544024	758
cforex_sell_tend	4.25022903726987e-05	0.00030187523081455	0.000160605303544024	759
ccajas_depositos_avg3	4.23808217651411e-05	0.000538426205652114	0.000196295370998251	760
mvr_mconsumosdolares_delta1	4.21600047460656e-05	9.01390019013813e-05	0.000160605303544024	761
ccajas_extracciones_delta1	4.19200181072971e-05	0.000623048964038328	0.000196295370998251	762
ctarjeta_master_transacciones_tend	4.16841670936466e-05	0.000144966682217471	0.00014276026981691	763
matm_delta1	4.10724791687782e-05	0.000110510845212005	0.000160605303544024	764
ccomisiones_mantenimiento_lag1	4.10454946799861e-05	3.24370603949542e-05	0.000124915236089796	765
Visa_mpagado_tend	4.08053350430152e-05	8.08284907089655e-05	0.000107070202362682	766
Visa_mpagosdolares_avg3	4.05865676203275e-05	4.1474302333832e-05	0.000160605303544024	767
Master_mpagosdolares_tend	4.04863130559015e-05	5.80268282856333e-05	8.92251686355687e-05	768
ctarjeta_master_transacciones_avg3	3.99086914935637e-05	7.46313513037328e-05	0.00014276026981691	769
mforex_sell_tend	3.92944527574039e-05	0.0003436694858994	0.000178450337271137	770
Master_mconsumototal_lag1	3.87611989248336e-05	0.000231145177645702	0.000178450337271137	771
mvr_msaldodolares_avg3	3.81342430379766e-05	0.000252461697584181	0.000178450337271137	772
Master_cconsumos_delta1	3.68615106154202e-05	0.000110612182560192	0.000107070202362682	773
ccajas_transacciones_delta1	3.63573589731396e-05	0.000647127780681321	0.000178450337271137	774
thomebanking_lag1	3.62110567359684e-05	2.42841481237756e-05	0.000107070202362682	775
Visa_delinquency_isNA_tend	3.61105943667816e-05	0.000636292275237911	0.000160605303544024	776
Master_msaldototal_delta1	3.60354197382522e-05	9.69027954670754e-05	0.000124915236089796	777
mv_Fvencimiento_delta1	3.58622970894633e-05	5.94011449065512e-05	0.000124915236089796	778
mv_mconsumosdolares_lag1	3.56489906753881e-05	7.68926543767593e-05	0.000124915236089796	779
Visa_delinquency_delta1	3.42972280959107e-05	7.67036431430622e-05	5.35351011813412e-05	780
ctarjeta_master_debitos_automaticos_tend	3.3479923103529e-05	0.000387412682118857	0.000124915236089796	781
ctarjeta_debito_lag1	3.31266195384123e-05	0.000154374735351775	0.000124915236089796	782
cextraccion_autoservicio_lag1	3.2203055813322e-05	0.000100269320854411	0.000124915236089796	783
cforex_lag1	3.15385510213485e-05	0.000193056377730701	0.000124915236089796	784
ccajas_otras_avg3	3.06790870838624e-05	9.03306699194878e-05	5.35351011813412e-05	785
mdescubierto_preacordado_lag1	2.95507988674845e-05	8.23606962319276e-05	7.1380134908455e-05	786
ctarjeta_master_transacciones_delta1	2.95056109389029e-05	4.07398912149488e-05	8.92251686355687e-05	787
ctarjeta_visa_debitos_automaticos_delta1	2.94170222618024e-05	0.000190489164909964	7.1380134908455e-05	788
active_quarter_avg3	2.9136556777943e-05	0.000215839822203797	0.000107070202362682	789
cpagomiscuentas_delta1	2.89871338436758e-05	0.000155784349251275	0.000124915236089796	790
Master_mconsumosdolares_tend	2.89419216068514e-05	3.19531460918141e-05	8.92251686355687e-05	791
cextraccion_autoservicio_delta1	2.87862186429273e-05	0.00023150498216286	0.000107070202362682	792
Visa_msaldodolares	2.84780981290401e-05	0.000175172043708532	0.000107070202362682	793
mv_mconsumospesos_lag1	2.81136951514893e-05	3.82539000890133e-05	0.000107070202362682	794
Master_cconsumos	2.80592679291207e-05	9.49906697735696e-05	0.000107070202362682	795
matm_other_delta1	2.765652811391e-05	3.88459834716789e-05	7.1380134908455e-05	796
Master_msaldopesos_lag1	2.74377274273113e-05	4.35276171416658e-05	0.000124915236089796	797
ctarjeta_debito_transacciones_delta1	2.73721680311702e-05	0.000142052948801623	0.000124915236089796	798
Master_mpagominimo_delta1	2.71781979128498e-05	0.000129405895931635	8.92251686355687e-05	799
ccajas_transacciones	2.6442338198065e-05	3.61011456361422e-05	5.35351011813412e-05	800
cseguro_vida_lag1	2.62615776158253e-05	8.89779871144749e-05	5.35351011813412e-05	801
Master_mconsumosdolares_avg3	2.58978214416776e-05	0.000157651309609821	0.000124915236089796	802
mv_mpagado	2.573833498268e-05	0.000206480350270123	8.92251686355687e-05	803
Master_mconsumototal_delta1	2.5727120915521e-05	3.96627549072534e-05	5.35351011813412e-05	804
tpaquete3_avg3	2.52120892308036e-05	0.000417308338455908	0.000107070202362682	805
catm_trx_lag1	2.50713919580323e-05	5.83247676801156e-05	8.92251686355687e-05	806
internet_delta1	2.47806958585635e-05	2.69094306608894e-05	5.35351011813412e-05	807
Visa_Finiciomora_isNA_avg3	2.45625888736952e-05	0.000160601858466771	0.000107070202362682	808
Master_fechaalta_delta1	2.45223138428044e-05	2.42439168170047e-05	8.92251686355687e-05	809
Master_mconsumosdolares_lag1	2.38328158726829e-05	2.88902532084096e-05	5.35351011813412e-05	810
mv_mfinanciacion_limite_delta1	2.37807677266189e-05	0.00016764916888301	5.35351011813412e-05	811
mv_mpagosdolares_avg3	2.35166400422407e-05	6.3647445474027e-05	8.92251686355687e-05	812
catm_trx_other_avg3	2.35084263872518e-05	7.57418871868606e-05	8.92251686355687e-05	813
Visa_madelantodolares_isNA_tend	2.30745265455946e-05	0.000132810375381962	7.1380134908455e-05	814
Master_msaldototal_lag1	2.2773869415071e-05	2.06071585011705e-05	7.1380134908455e-05	815
cseguro_accidentes_personales_tend	2.26909916739304e-05	0.000735705731971866	0.000178450337271137	816
mvr_mpagado_lag1	2.19684302814524e-05	2.66403363542805e-05	5.35351011813412e-05	817
Master_mconsumosdolares	2.19293768794741e-05	2.65166061089286e-05	5.35351011813412e-05	818
Master_delinquency_isNA_tend	2.18203355434706e-05	0.000296407568500012	8.92251686355687e-05	819
mv_mconsumosdolares_delta1	2.1796561259962e-05	0.000100886833459281	8.92251686355687e-05	820
Master_mpagosdolares_lag1	2.1793839697468e-05	2.71804226706479e-05	7.1380134908455e-05	821
Master_mpagospesos_delta1	2.16422547891095e-05	5.87213876383756e-05	8.92251686355687e-05	822
mvr_Visa_mlimitecompra_delta1	2.13204365088602e-05	1.31666439923401e-05	7.1380134908455e-05	823
Visa_Fvencimiento_delta1	2.12694622670582e-05	2.32199161974972e-05	7.1380134908455e-05	824
ccajas_transacciones_lag1	2.11807512127586e-05	8.54159983027338e-05	7.1380134908455e-05	825
mprestamos_hipotecarios_lag1	2.09138543747534e-05	0.00113962843149197	0.000249830472179592	826
tpaquete4	2.03302451236712e-05	0.000539613788283115	0.000124915236089796	827
mforex_sell	2.02680762502195e-05	0.000169527135919824	7.1380134908455e-05	828
ccallcenter_transacciones_delta1	1.98651626978137e-05	5.88257613116019e-05	5.35351011813412e-05	829
catm_trx_other	1.92103033130921e-05	2.21279778052352e-05	5.35351011813412e-05	830
catm_trx_delta1	1.84209183535378e-05	0.000103725797371036	7.1380134908455e-05	831
Master_mpagosdolares	1.80969606338573e-05	1.98643974884292e-05	5.35351011813412e-05	832
Visa_mfinanciacion_limite_delta1	1.79499653692867e-05	2.41141139215742e-05	5.35351011813412e-05	833
mvr_mpagosdolares	1.76917228753584e-05	8.01430403313412e-05	5.35351011813412e-05	834
ccajas_depositos_lag1	1.62823150187404e-05	0.000184595278468032	7.1380134908455e-05	835
cinversion1_lag1	1.6071182425734e-05	0.000416744720620486	0.000107070202362682	836
Master_mconsumosdolares_delta1	1.59330762093372e-05	1.26330098666813e-05	1.78450337271137e-05	837
minversion2_delta1	1.58643405724236e-05	0.000558576397234869	0.000124915236089796	838
cseguro_accidentes_personales_avg3	1.52763102972239e-05	4.41500637747244e-05	5.35351011813412e-05	839
Master_delinquency	1.48562112467553e-05	1.51243145614356e-05	1.78450337271137e-05	840
ctarjeta_master_transacciones_lag1	1.45756644736936e-05	8.56797790405239e-05	0.000107070202362682	841
mcheques_depositados_tend	1.42309264257256e-05	0.000284938230204646	7.1380134908455e-05	842
ccuenta_debitos_automaticos_lag1	1.39563891416942e-05	3.26431509569974e-05	5.35351011813412e-05	843
mtarjeta_master_consumo_delta1	1.32383533408077e-05	6.7967376923706e-05	5.35351011813412e-05	844
Visa_mpagospesos_isNA_tend	1.3235989746401e-05	4.20329861410652e-05	3.56900674542275e-05	845
active_quarter_lag1	1.31246395014543e-05	3.81472491720075e-05	3.56900674542275e-05	846
internet_lag1	1.29458925266556e-05	5.88804151623095e-05	3.56900674542275e-05	847
ccajas_extracciones_lag1	1.27929210277283e-05	0.000159347097144276	5.35351011813412e-05	848
Master_mconsumospesos_isNA_lag1	1.26213517416966e-05	9.89310605933348e-06	1.78450337271137e-05	849
Visa_mpagado_lag1	1.26010548624651e-05	2.60941773878345e-05	5.35351011813412e-05	850
catm_trx	1.2389083734387e-05	5.51726827486814e-05	7.1380134908455e-05	851
mttarjeta_master_debitos_automaticos_avg3	1.22335245045525e-05	8.09203395414046e-05	5.35351011813412e-05	852
Visa_mpagado	1.16893683766263e-05	1.30637884816335e-05	1.78450337271137e-05	853
Master_msaldodolares_avg3	1.13672237017549e-05	1.16405111194567e-05	3.56900674542275e-05	854
Visa_msaldodolares_lag1	1.13471148222785e-05	4.61206387252369e-05	3.56900674542275e-05	855
cforex_buy_tend	1.0838616276853e-05	0.000206919858319563	5.35351011813412e-05	856
Visa_status_isNA_tend	1.04440047906811e-05	0.000145257789880615	3.56900674542275e-05	857
cseguro_vivienda_avg3	1.04015375747517e-05	4.10947617039182e-05	5.35351011813412e-05	858
Master_fultimo_cierre_isNA_tend	1.01922400115886e-05	0.000224306235035285	5.35351011813412e-05	859
mv_status04_avg3	1.01315255497651e-05	1.90388966183667e-05	1.78450337271137e-05	860
ccuenta_debitos_automaticos_delta1	9.8339982013297e-06	6.66602389942828e-05	3.56900674542275e-05	861
Master_mfinanciacion_limite_isNA_tend	9.82222013490505e-06	0.00015346991049006	3.56900674542275e-05	862
mv_msaldodolares	9.80492829578573e-06	3.2076876337166e-05	3.56900674542275e-05	863
mplazo_fijo_dolares_lag1	9.44174291963688e-06	0.000215623863585376	5.35351011813412e-05	864
Master_mconsumospesos_isNA_tend	9.19023471882665e-06	8.6410394753108e-05	3.56900674542275e-05	865
Visa_mconsumospesos_isNA_delta1	8.9000570966702e-06	8.54030939213167e-05	3.56900674542275e-05	866
cseguro_vida_avg3	8.87050359427164e-06	0.000122221571347996	3.56900674542275e-05	867
Master_mpagosdolares_avg3	8.57234002850434e-06	9.52631799458477e-05	7.1380134908455e-05	868
cseguro_vivienda_tend	8.32437864186507e-06	0.000572042878324841	0.000124915236089796	869
mttarjeta_master_debitos_automaticos_lag1	8.28327512620403e-06	3.2556995234007e-06	1.78450337271137e-05	870
matm_other	8.13047832516246e-06	0.000113100450929907	3.56900674542275e-05	871
mvr_msaldodolares_delta1	8.02029657554959e-06	7.95631022488329e-06	1.78450337271137e-05	872
mv_status01_delta1	7.91610864832078e-06	1.00468200144486e-05	1.78450337271137e-05	873
mcheques_depositados_avg3	7.79353177333832e-06	8.61997497035058e-05	3.56900674542275e-05	874
ccheques_depositados_avg3	7.68438830853701e-06	3.37867068749277e-05	1.78450337271137e-05	875
mv_msaldodolares_avg3	7.62736999284409e-06	7.41664140320883e-05	3.56900674542275e-05	876
Visa_madelantopesos_isNA_avg3	7.47963706571194e-06	4.70706289219112e-06	1.78450337271137e-05	877
Visa_mpagosdolares	7.26062681000715e-06	5.38947694477616e-06	1.78450337271137e-05	878
Visa_madelantodolares_tend	6.99420691792178e-06	3.35665733095777e-06	1.78450337271137e-05	879
mv_status02_delta1	6.89902406072837e-06	4.11763629393497e-06	1.78450337271137e-05	880
ctarjeta_visa_descuentos_tend	6.89857238836053e-06	3.13295608368657e-05	1.78450337271137e-05	881
ctarjeta_visa_delta1	6.85777703267558e-06	0.000156572655139606	3.56900674542275e-05	882
Visa_delinquency_lag1	6.80646847055422e-06	2.35611232237898e-05	1.78450337271137e-05	883
cforex_sell_lag1	6.64556255428546e-06	1.10784114465543e-05	1.78450337271137e-05	884
mv_status06_lag1	6.36201872223321e-06	5.47107818020763e-06	1.78450337271137e-05	885
Master_status_isNA_tend	6.13968063438365e-06	0.000142708795010114	3.56900674542275e-05	886
cseguro_accidentes_personales_lag1	6.13882990593164e-06	1.76353553689454e-05	1.78450337271137e-05	887
cliente_edad_delta1	6.12280440478605e-06	1.65688461988876e-05	1.78450337271137e-05	888
cinversion2	5.92626839654685e-06	7.71541578707699e-05	1.78450337271137e-05	889
catm_trx_other_delta1	5.92436427088158e-06	2.12159416715523e-05	5.35351011813412e-05	890
mvr_msaldodolares	5.81018032129134e-06	9.5530376549307e-06	1.78450337271137e-05	891
Master_delinquency_tend	5.76393001673451e-06	8.6216449491222e-06	1.78450337271137e-05	892
catm_trx_other_lag1	5.5585370326067e-06	1.31461487983248e-05	3.56900674542275e-05	893
ccajas_consultas_delta1	5.493306733896e-06	4.56169883093413e-06	1.78450337271137e-05	894
Master_mconsumosdolares_isNA_tend	5.47642400116222e-06	0.000125344431650927	3.56900674542275e-05	895
Visa_mpagosdolares_delta1	5.43346487470984e-06	6.0142008216143e-06	1.78450337271137e-05	896
cforex	5.37216749540635e-06	7.76957623496569e-06	1.78450337271137e-05	897
cinversion1_avg3	5.07454777287745e-06	0.000140419026389844	3.56900674542275e-05	898
cprestamos_prendarios_avg3	4.9079216093401e-06	6.34675432154478e-05	1.78450337271137e-05	899
Visa_mpagado_delta1	4.75478162006616e-06	1.15372760681201e-05	1.78450337271137e-05	900
mv_mpagado_delta1	4.60063187110074e-06	2.89206164588027e-05	1.78450337271137e-05	901
mcheques_emitidos_avg3	4.27121905474985e-06	5.39778888457127e-05	1.78450337271137e-05	902
mvr_msaldodolares_lag1	4.03945082823598e-06	7.48454122190042e-06	1.78450337271137e-05	903
mttarjeta_master_debitos_automaticos	3.9497569135809e-06	3.1072991371044e-06	1.78450337271137e-05	904
active_quarter_tend	3.91693351606904e-06	4.83253902444063e-05	1.78450337271137e-05	905
ccajas_otras_lag1	3.86973434482321e-06	7.49979875522295e-05	1.78450337271137e-05	906
tcallcenter_lag1	3.70825064707408e-06	3.0508993994992e-05	3.56900674542275e-05	907
Master_mconsumosdolares_isNA_avg3	3.70391235319472e-06	9.85173613067287e-06	1.78450337271137e-05	908
mprestamos_prendarios_avg3	3.66911318467063e-06	5.23902703907832e-05	1.78450337271137e-05	909
mvr_mpagosdolares_lag1	3.48521010966748e-06	6.67797942927057e-05	1.78450337271137e-05	910
Visa_Fvencimiento_isNA_tend	3.33881416821581e-06	7.67932147317218e-05	1.78450337271137e-05	911
mvr_mpagosdolares_delta1	3.27475472961575e-06	5.2246044951416e-05	1.78450337271137e-05	912
mv_mpagosdolares_delta1	3.23387719793718e-06	5.41961247079132e-05	1.78450337271137e-05	913
mv_status04_lag1	3.06507736112957e-06	3.11944443726164e-06	1.78450337271137e-05	914
Visa_mconsumosdolares_isNA_avg3	3.00408533362974e-06	3.13272835930862e-06	1.78450337271137e-05	915
matm_other_lag1	2.72909121207536e-06	1.17486801989821e-05	3.56900674542275e-05	916
Visa_mconsumototal_isNA_avg3	2.67129147765618e-06	3.04239768938913e-06	1.78450337271137e-05	917
active_quarter	2.6501394360161e-06	7.34433891321025e-05	1.78450337271137e-05	918
Visa_mfinanciacion_limite_isNA_tend	2.52022717121406e-06	7.6444796433461e-05	1.78450337271137e-05	919
mvr_mpagosdolares_avg3	2.29616235290848e-06	1.19050509385066e-05	1.78450337271137e-05	920
mv_status02_lag1	1.96310216394839e-06	8.08987057254996e-05	1.78450337271137e-05	921
mv_msaldodolares_lag1	1.79018791111456e-06	1.04605193010546e-05	1.78450337271137e-05	922
ccallcenter_transacciones_lag1	1.70209982770184e-06	7.21354921214195e-06	1.78450337271137e-05	923
mv_status03_delta1	1.69611842039596e-06	8.0297892908346e-05	1.78450337271137e-05	924
mcheques_depositados_rechazados_avg3	1.49921247238689e-06	7.70049984032137e-05	1.78450337271137e-05	925
ctarjeta_visa_avg3	1.30801819933052e-06	7.89907549789228e-05	1.78450337271137e-05	926
cforex_delta1	2.51812407175127e-07	1.10787909871842e-05	1.78450337271137e-05	927
