fecha	objective	metric	first_metric_only	boost_from_average	feature_pre_filter	verbosity	max_depth	min_gain_to_split	lambda_l1	lambda_l2	max_bin	num_iterations	early_stopping_rounds	force_row_wise	learning_rate	feature_fraction	min_data_in_leaf	num_leaves	gleaf_size	gnum_leaves	acumulaciones	pos_ratio_actual	gan_validate	gan_test	pos_ratio_acum	gan_validate_acum	gan_test_acum	iteracion_bayesiana
20211119 134336	binary	custom	TRUE	TRUE	FALSE	-100	-1	0	0	0	31	92.4	225	TRUE	0.158717230118345	0.652636210202763	351	402	64.1490992717445	0.657155239759595	10	0.0371544776681479	6805375	5605375	0.034880704309039	7140000	5940000	1
20211119 135241	binary	custom	TRUE	TRUE	FALSE	-100	-1	0	0	0	31	331	260	TRUE	0.0657192451049923	0.907587110146414	1107	105	52.6111114898231	0.539917974270065	10	0.0360389311507787	6872000	5922000	0.0350982902764179	6907500	5907500	2
20211119 140540	binary	custom	TRUE	TRUE	FALSE	-100	-1	0	0	0	31	211.5	232	TRUE	0.122252425838669	0.748017167893704	30	767	88.8269503379706	0.107249188990681	10	0.0400098750554426	6448875	5353875	0.0356171491217059	6780000	5280000	3
20211119 141819	binary	custom	TRUE	TRUE	FALSE	-100	-1	0	0	0	31	196.6	262	TRUE	0.0642195654040552	0.4943778087385	113	652	75.483642690815	0.343145421289228	10	0.0382415706359368	6738000	5763000	0.0343451080816449	7020000	5870000	4
20211119 142823	binary	custom	TRUE	TRUE	FALSE	-100	-1	0	0	0	31	493	228	TRUE	0.142166489310039	0.417988810656243	6009	15	35.4673616588116	0.41958289853661	10	0.0369971462763509	6603875	5863875	0.0383537110960475	6471250	5621250	5
20211119 145308	binary	custom	TRUE	TRUE	FALSE	-100	-1	0	0	0	31	282.5	235	TRUE	0.111167189658445	0.314596847450593	11	18043	99.1225444432348	0.925224460883182	10	0.0379503401872913	6356500	5341500	0.0315499652699321	6387500	5487500	6
20211119 151424	binary	custom	TRUE	TRUE	FALSE	-100	-1	0	0	0	31	289.9	319	TRUE	0.03346586178086	0.687713697344589	207	991	69.4358978548553	0.955571887505503	10	0.0379553614019231	6850750	5910750	0.0392156862745098	6742500	6142500	7
20211119 154046	binary	custom	TRUE	TRUE	FALSE	-100	-1	0	0	0	31	1648.7	390	TRUE	0.0210290502206772	0.339278354712587	2169	21	45.8408995973878	0.208499025527854	10	0.0372239378038881	6450000	6120000	0.0370565639828274	6365000	6165000	8
20211119 154940	binary	custom	TRUE	TRUE	FALSE	-100	-1	0	0	0	31	648.6	220	TRUE	0.198898604344577	0.17779216777999	8978	8	31.3077909336425	0.31858175157613	10	0.0368306093243956	6333750	5718750	0.0324788899768187	6348750	5898750	9
20211119 155944	binary	custom	TRUE	TRUE	FALSE	-100	-1	0	0	0	31	121.6	223	TRUE	0.169647188904637	0.575881433632458	154	640	72.3535847198218	0.459251188146736	10	0.0372590863063108	6519750	5329750	0.0423957888746621	6867500	5717500	10
20211119 161004	binary	custom	TRUE	TRUE	FALSE	-100	-1	0	0	0	31	1498.1	238	TRUE	0.104629133284907	0.82730145114183	14408	2	26.3103350088932	0.0235067331508617	10	0.0392901676248818	5301375	4696375	0.0420526725414878	5168750	4868750	11
20211119 162235	binary	custom	TRUE	TRUE	FALSE	-100	-1	0	0	0	31	501.4	250	TRUE	0.0787091707048239	0.458492302372179	2769	56	43.3685727696866	0.716113468802941	10	0.0392617140753015	6800625	5875625	0.0407890001924799	6757500	5907500	12
20211119 162711	binary	custom	TRUE	TRUE	FALSE	-100	-1	0	0	0	31	133.9	221	TRUE	0.187111176630715	0.112106538680382	656	283	57.866289250087	0.865916496434948	10	0.0377427966491761	6472500	5422500	0.0387051961202748	6718750	5768750	13
20211119 165843	binary	custom	TRUE	TRUE	FALSE	-100	-1	0	0	0	31	357.6	285	TRUE	0.0466798693241435	0.970663229122874	65	1871	80.9993828972802	0.566909671095491	10	0.0358523093402961	6569875	5499875	0.0359267906906681	6433750	5583750	14
20211119 170651	binary	custom	TRUE	TRUE	FALSE	-100	-1	0	0	0	31	665.3	226	TRUE	0.150430054258031	0.855476794253627	19478	10	23.0387669033371	0.803060292990995	10	0.0423698459323977	6446375	5586375	0.0436176177684048	6385000	5585000	15
20211119 171941	binary	custom	TRUE	TRUE	FALSE	-100	-1	0	0	0	31	232.6	244	TRUE	0.0897421148052672	0.221599574084394	18	2177	94.0890776494052	0.182688347909134	10	0.041749725925368	6449000	5419000	0.0370900387470396	6460000	5460000	16
20211119 173701	binary	custom	TRUE	TRUE	FALSE	-100	-1	0	0	0	31	580	350	TRUE	0.0265648467483806	0.408229662008293	988	214	53.7530718869946	0.981727255362967	10	0.037792171926389	6975125	5900125	0.0357594168696074	6958750	6008750	17
20211119 175500	binary	custom	TRUE	TRUE	FALSE	-100	-1	0	0	0	31	749.1	330	TRUE	0.0307340378781625	0.569801960036735	400	74	62.8306926179934	0.137798259779764	10	0.038459993472421	7085375	6175375	0.0369561396901911	7130000	6430000	18
20211119 182037	binary	custom	TRUE	TRUE	FALSE	-100	-1	0	0	0	31	1739.3	323	TRUE	0.032282083597715	0.507007455972508	2832	2	43.1410409167618	0.01158735648729	10	0.0369050906747676	5302625	4947625	0.0338597240005691	5242500	4942500	19
20211119 184518	binary	custom	TRUE	TRUE	FALSE	-100	-1	0	0	0	31	1666.7	397	TRUE	0.0203025169872361	0.351278519619612	5356	6	36.6484612971786	0.141333537514966	10	0.0343082858410116	6010500	5510500	0.0317926573104701	5951250	5401250	20
20211119 185518	binary	custom	TRUE	TRUE	FALSE	-100	-1	0	0	0	31	122.6	233	TRUE	0.118619115609322	0.69050177848218	293	620	65.9410280143097	0.845364771881238	10	0.0362180211393136	6710250	5730250	0.0373243620965245	6875000	6075000	21
20211119 191318	binary	custom	TRUE	TRUE	FALSE	-100	-1	0	0	0	31	834.3	303	TRUE	0.0387557231759137	0.56718049815835	488	51	60.8284335275588	0.115739060877908	10	0.0406140945494715	6938625	6023625	0.0408643184119572	6896250	6046250	22
20211119 192934	binary	custom	TRUE	TRUE	FALSE	-100	-1	0	0	0	31	542.6	278	TRUE	0.0511194221011338	0.572693797350972	361	163	63.8500994863082	0.274420143544714	10	0.0378733482296034	7003000	6048000	0.037977119998661	7027500	6027500	23
20211119 193803	binary	custom	TRUE	TRUE	FALSE	-100	-1	0	0	0	31	142.8	230	TRUE	0.132305999654324	0.569559280932287	391	255	63.0595028102706	0.464180102245613	10	0.0381553731180906	6675875	5910875	0.0345124819027056	6845000	6295000	24
20211119 194815	binary	custom	TRUE	TRUE	FALSE	-100	-1	0	0	0	31	542.6	222	TRUE	0.177347496672529	0.570066964541559	458	7	61.4644677036621	0.0155596154146927	10	0.0357410057492908	6551500	5791500	0.0318177633836292	6597500	5697500	25
20211119 200033	binary	custom	TRUE	TRUE	FALSE	-100	-1	0	0	0	31	376.3	271	TRUE	0.0561826910031631	0.567526024227271	396	134	62.9284679059603	0.24794233733657	10	0.0384817520691589	6917125	6017125	0.038487610152896	7101250	6251250	26
20211119 200805	binary	custom	TRUE	TRUE	FALSE	-100	-1	0	0	0	31	164.5	224	TRUE	0.164733877169483	0.573987537447584	404	147	62.7340320904239	0.276664419197496	10	0.0372724762119957	6807750	5722750	0.0345626940490238	7187500	6037500	27
20211119 202009	binary	custom	TRUE	TRUE	FALSE	-100	-1	0	0	0	31	155.5	262	TRUE	0.0644789545071198	0.689396130094598	235	623	68.1509172278992	0.682097477916483	10	0.0337099244307198	6734875	5774875	0.0343283706995389	6722500	5972500	28
20211119 203311	binary	custom	TRUE	TRUE	FALSE	-100	-1	0	0	0	31	622.4	280	TRUE	0.0499839408329992	0.337312928651896	1936	47	46.9879180837213	0.422953867061015	10	0.0373737373737374	6722625	6007625	0.0403873030219343	6717500	5967500	29
20211119 205506	binary	custom	TRUE	TRUE	FALSE	-100	-1	0	0	0	31	848.4	349	TRUE	0.0266770293673803	0.570506954452609	412	114	62.5432863793795	0.218199116452489	10	0.0372331433640464	7083625	6223625	0.0347049617969253	7066250	6116250	30
20211119 210510	binary	custom	TRUE	TRUE	FALSE	-100	-1	0	0	0	31	254.2	228	TRUE	0.138694965406894	0.6255821042191	11	392	98.3671285728365	0.0201047020704672	10	0.0378415472036019	6167750	5347750	0.0295916915635225	6580000	5530000	31
20211119 211554	binary	custom	TRUE	TRUE	FALSE	-100	-1	0	0	0	31	754.2	243	TRUE	0.0925861942827748	0.198491893163067	12581	9	27.757502024509	0.480419312293583	10	0.0354706970282778	6261875	5816875	0.04106516699723	6066250	5866250	32
20211119 212234	binary	custom	TRUE	TRUE	FALSE	-100	-1	0	0	0	31	260.3	224	TRUE	0.164516930541	0.662013718123897	1740	67	48.0639211312868	0.541472682296839	10	0.0372691287355745	6758250	5753250	0.0391152619818734	6757500	6007500	33
20211119 213036	binary	custom	TRUE	TRUE	FALSE	-100	-1	0	0	0	31	496.6	243	TRUE	0.0923109847439593	0.857807964563812	2512	30	44.3539152661152	0.349813159835995	10	0.0378490790255496	6756625	5906625	0.0367050789586001	6667500	5917500	34
20211119 215247	binary	custom	TRUE	TRUE	FALSE	-100	-1	0	0	0	31	299.2	242	TRUE	0.0950512956762361	0.120798904492287	11	16047	98.57459214909	0.822903426755748	10	0.0383436686667838	6037750	5077750	0.0375670541370624	6238750	5238750	35
20211119 220018	binary	custom	TRUE	TRUE	FALSE	-100	-1	0	0	0	31	166.8	235	TRUE	0.112996743687922	0.209020589044085	319	669	65.1028161830828	0.99357120455012	10	0.0380198003230315	6636125	5651125	0.0424376323299273	6761250	5661250	36
20211119 220832	binary	custom	TRUE	TRUE	FALSE	-100	-1	0	0	0	31	146.5	232	TRUE	0.123106886641085	0.739860316063417	521	313	60.1785868331604	0.758860719150766	10	0.0369787351560342	6806625	5866625	0.0343367393905919	6921250	5821250	37
20211119 221436	binary	custom	TRUE	TRUE	FALSE	-100	-1	0	0	0	31	231.5	230	TRUE	0.130407606169335	0.761312945929263	3326	65	41.5098623279668	0.997742804165611	10	0.0399069401554903	6554250	5609250	0.0445883859305566	6490000	5740000	38
20211119 221944	binary	custom	TRUE	TRUE	FALSE	-100	-1	0	0	0	31	160.8	221	TRUE	0.189649143937747	0.745480968631758	1667	66	48.4936859105527	0.514521300580518	10	0.0364021323424803	6567750	5717750	0.0311566367904396	6796250	5896250	39
20211119 222648	binary	custom	TRUE	TRUE	FALSE	-100	-1	0	0	0	31	267.3	222	TRUE	0.180709188660132	0.362176299802004	6223	31	35.1063215278648	0.88447009327664	10	0.0391269781493477	6560750	5560750	0.0461616998485267	6605000	5655000	40
20211119 223317	binary	custom	TRUE	TRUE	FALSE	-100	-1	0	0	0	31	211.1	227	TRUE	0.143047165446901	0.853160652756179	2077	102	46.2756492612511	0.981201271375047	10	0.0363694944473735	6637625	5672625	0.0436929359878821	6673750	5923750	41
20211119 224241	binary	custom	TRUE	TRUE	FALSE	-100	-1	0	0	0	31	286	254	TRUE	0.0736480277631944	0.227864002532046	98	411	76.8912127220817	0.187832865938938	10	0.0393797126191492	6723000	5708000	0.037985488689714	7026250	5676250	42
20211119 225443	binary	custom	TRUE	TRUE	FALSE	-100	-1	0	0	0	31	904.9	221	TRUE	0.182974175354769	0.295527386989165	17066	2	24.4837336674705	0.0435307990251784	10	0.039199785761509	5264875	4819875	0.0350564468211527	5163750	4813750	43
20211119 230956	binary	custom	TRUE	TRUE	FALSE	-100	-1	0	0	0	31	1356	300	TRUE	0.0396949928540224	0.747427152512455	9450	11	30.7730653745681	0.481248323911696	10	0.0406475693136836	6443625	5853625	0.0354414066095922	6206250	6106250	44
20211119 231712	binary	custom	TRUE	TRUE	FALSE	-100	-1	0	0	0	31	106.4	223	TRUE	0.173644856554945	0.527651091109915	626	250	58.3349197305553	0.727856229287307	10	0.0387897198999105	6731125	5681125	0.0368055032512365	7152500	6102500	45
20211119 233418	binary	custom	TRUE	TRUE	FALSE	-100	-1	0	0	0	31	1201.8	332	TRUE	0.0302692509675585	0.165416720178188	1070	48	52.9565288459137	0.2378865412189	10	0.0383796540383119	6912375	6027375	0.0403454595666692	6973750	5923750	46
20211119 234202	binary	custom	TRUE	TRUE	FALSE	-100	-1	0	0	0	31	305.9	251	TRUE	0.0783983245842159	0.203095692278608	1006	122	53.5756631920673	0.571788896290532	10	0.0360431154963052	6851375	6026375	0.0361443766580469	7001250	6051250	47
20211119 235707	binary	custom	TRUE	TRUE	FALSE	-100	-1	0	0	0	31	205	291	TRUE	0.0437842513430957	0.193466951392218	93	2134	77.4759969807975	0.925107965852045	10	0.0356933042102885	6713625	5718625	0.0293071560677194	6672500	5622500	48
20211120 000503	binary	custom	TRUE	TRUE	FALSE	-100	-1	0	0	0	31	214.1	229	TRUE	0.135626396238385	0.36400545223474	404	196	62.7288661486842	0.36897987964011	10	0.0379746093913451	6692875	5682875	0.0385545596813202	6841250	5991250	49
20211120 001612	binary	custom	TRUE	TRUE	FALSE	-100	-1	0	0	0	31	109.5	221	TRUE	0.184250350141935	0.624385840442032	181	1083	70.767970792409	0.912864599753681	10	0.0361351710978886	6532625	5367625	0.0397345451197978	6765000	5715000	50
20211120 003834	binary	custom	TRUE	TRUE	FALSE	-100	-1	0	0	0	31	1008.5	333	TRUE	0.0300163430689508	0.492401831699815	3151	48	42.057138521038	0.694249953537956	10	0.0373829429338957	6726250	5841250	0.0442787443615944	6586250	5886250	51
20211120 004951	binary	custom	TRUE	TRUE	FALSE	-100	-1	0	0	0	31	697.7	233	TRUE	0.120859508982273	0.332369927852275	1444	11	49.9420690272376	0.0759345916428883	10	0.0382248332538308	6595500	5760500	0.0369728770722971	6577500	5727500	52
20211120 014843	binary	custom	TRUE	TRUE	FALSE	-100	-1	0	0	0	31	607.2	382	TRUE	0.0219118227856839	0.394106158206239	17	5845	94.3951280958392	0.463187812016709	10	0.0373352413948934	6563375	5598375	0.0363452252433197	6521250	5521250	53
20211120 015618	binary	custom	TRUE	TRUE	FALSE	-100	-1	0	0	0	31	791.3	230	TRUE	0.132619270358612	0.950628323725401	5283	5	36.7885369541682	0.113712012882859	10	0.0383076832952558	6388125	5913125	0.0445046990200263	6252500	5902500	54
20211120 020636	binary	custom	TRUE	TRUE	FALSE	-100	-1	0	0	0	31	699.6	235	TRUE	0.112139656749936	0.202309902985441	5934	14	35.5964036242478	0.381896020148576	10	0.037105102390935	6497750	5802750	0.0334663955210765	6351250	5751250	55
20211120 021608	binary	custom	TRUE	TRUE	FALSE	-100	-1	0	0	0	31	267.9	235	TRUE	0.113855594904837	0.186227636905201	58	707	82.1248164601438	0.191117319201853	10	0.0378482421564443	6416750	5491750	0.0371151448201987	6706250	5756250	56
20211120 022853	binary	custom	TRUE	TRUE	FALSE	-100	-1	0	0	0	31	812.5	304	TRUE	0.038224068785687	0.821645190026774	2696	34	43.6390929350629	0.430818459506715	10	0.0401688801854502	6670125	6060125	0.0383620797871005	6770000	5970000	57
20211120 024302	binary	custom	TRUE	TRUE	FALSE	-100	-1	0	0	0	31	210.7	254	TRUE	0.0736229764353763	0.506794782704278	202	867	69.6768101063929	0.816332533551019	10	0.0363937636514273	6724000	5664000	0.0409396366314345	6735000	5985000	58
20211120 025058	binary	custom	TRUE	TRUE	FALSE	-100	-1	0	0	0	31	596.4	250	TRUE	0.0795926816358091	0.812421294639236	1361	22	50.5412963249721	0.141918266568023	10	0.0376314930581708	6754125	5999125	0.0427054304436243	6771250	6171250	59
20211120 031029	binary	custom	TRUE	TRUE	FALSE	-100	-1	0	0	0	31	529.5	373	TRUE	0.023090760099031	0.261984927212656	231	709	68.3313641147688	0.763389305839676	10	0.0371427615006737	6937125	5922125	0.0341944716426904	6942500	5992500	60
20211120 032030	binary	custom	TRUE	TRUE	FALSE	-100	-1	0	0	0	31	530.7	238	TRUE	0.105243651617472	0.296285960463807	4022	24	39.5752627627738	0.445241389470499	10	0.0418476396106885	6664375	5904375	0.0429815972483744	6580000	5830000	61
20211120 032816	binary	custom	TRUE	TRUE	FALSE	-100	-1	0	0	0	31	342	220	TRUE	0.197000622687633	0.429218554804451	7294	11	33.4666147853807	0.374609465122744	10	0.0355301147347543	6423000	5728000	0.0307884143841062	6401250	6001250	62
20211120 033614	binary	custom	TRUE	TRUE	FALSE	-100	-1	0	0	0	31	854.3	231	TRUE	0.125249682884109	0.713378316042433	18343	4	23.6971311663091	0.365339842707345	10	0.0425447515754061	6245250	5825250	0.0415505510783058	6143750	5893750	63
20211120 034542	binary	custom	TRUE	TRUE	FALSE	-100	-1	0	0	0	31	411.1	234	TRUE	0.117387294016001	0.427930884644319	347	55	64.2490612598322	0.0880572135857749	10	0.0395847455499485	6862375	5942375	0.0349978659837815	7072500	6072500	64
20211120 035409	binary	custom	TRUE	TRUE	FALSE	-100	-1	0	0	0	31	178.5	242	TRUE	0.0936466031766311	0.337669698079466	247	373	67.6578562072106	0.429534347291351	10	0.0370507058990903	6740875	5700875	0.0364707556091152	7102500	5952500	65
20211120 041304	binary	custom	TRUE	TRUE	FALSE	-100	-1	0	0	0	31	1182.4	265	TRUE	0.061179375026226	0.396508771461807	24681	8	20.4008153355494	0.901902568292853	10	0.0392039701070356	6194250	5549250	0.0390566811445022	6116250	5466250	66
20211120 042319	binary	custom	TRUE	TRUE	FALSE	-100	-1	0	0	0	31	169	237	TRUE	0.107451241038693	0.669158959407173	412	508	62.5323906696588	0.974429267220003	10	0.0365636480798038	6733625	5823625	0.0327717941636749	6955000	6005000	67
20211120 044225	binary	custom	TRUE	TRUE	FALSE	-100	-1	0	0	0	31	244.3	222	TRUE	0.175458485738463	0.58780984269497	21	8825	92.097638864927	0.863918016298458	10	0.0387495501828559	6232125	5322125	0.0373327307875775	6523750	5323750	68
20211120 045130	binary	custom	TRUE	TRUE	FALSE	-100	-1	0	0	0	31	161.6	225	TRUE	0.158565453058202	0.357898745460599	212	612	69.1840900570713	0.604845822069433	10	0.0372431857933101	6552125	5637125	0.0342279464069025	6787500	5887500	69
20211120 055559	binary	custom	TRUE	TRUE	FALSE	-100	-1	0	0	0	31	600	284	TRUE	0.0470891135520907	0.675252899843734	15	13419	95.5564757078141	0.938330540834588	10	0.0378331785125489	6494000	5384000	0.0403454595666692	6573750	5623750	70
20211120 061358	binary	custom	TRUE	TRUE	FALSE	-100	-1	0	0	0	31	200.1	222	TRUE	0.181682636192665	0.955895999813196	25	7584	90.4256624440476	0.883781969817094	10	0.0383570585724687	6390750	5420750	0.0328722184563112	6690000	5440000	71
20211120 062111	binary	custom	TRUE	TRUE	FALSE	-100	-1	0	0	0	31	207.8	230	TRUE	0.129499947671555	0.734088856905722	269	188	66.8118359604478	0.235761824885584	10	0.0361853832442068	6915125	5745125	0.0346463809595541	7325000	6125000	72
20211120 062915	binary	custom	TRUE	TRUE	FALSE	-100	-1	0	0	0	31	280.9	233	TRUE	0.120356330341888	0.447131553779961	1501	51	49.5492834034748	0.357467114860811	10	0.0385035106658967	6818875	5858875	0.0425380566225637	6846250	5996250	73
20211120 065416	binary	custom	TRUE	TRUE	FALSE	-100	-1	0	0	0	31	219	251	TRUE	0.0775173841915326	0.732739836895	33	3585	87.8144098661467	0.551445360433357	10	0.0400893776204464	6587000	5442000	0.0378348522507595	6648750	5398750	74
20211120 073444	binary	custom	TRUE	TRUE	FALSE	-100	-1	0	0	0	31	331.3	255	TRUE	0.0716532266948139	0.905010479391506	20	10111	93.0250338962674	0.942692186723708	10	0.0385595808959521	6360500	5535500	0.0386047718276384	6383750	5483750	75
20211120 074034	binary	custom	TRUE	TRUE	FALSE	-100	-1	0	0	0	31	237.6	232	TRUE	0.123773333535152	0.160308848085138	1108	94	52.6067588523403	0.483172188658693	10	0.0377612077694928	6719750	5829750	0.0368724527796607	7292500	6292500	76
20211120 074853	binary	custom	TRUE	TRUE	FALSE	-100	-1	0	0	0	31	472.2	234	TRUE	0.116847613041082	0.634158604735851	380	83	63.3345395709167	0.147425333731288	10	0.0376088975923276	6892500	5952500	0.035399563154327	7212500	6212500	77
20211120 080000	binary	custom	TRUE	TRUE	FALSE	-100	-1	0	0	0	31	364	249	TRUE	0.0801131501220042	0.448725544652788	729	137	56.8042199125711	0.465570052534278	10	0.0369419129154009	6892125	5942125	0.0337509310168796	7158750	5958750	78
20211120 080551	binary	custom	TRUE	TRUE	FALSE	-100	-1	0	0	0	31	216	222	TRUE	0.175194922132213	0.201107569995918	1643	92	48.6407654876448	0.705357269343105	10	0.0369653452503494	6643625	5568625	0.03642891215385	6958750	5858750	79
20211120 081253	binary	custom	TRUE	TRUE	FALSE	-100	-1	0	0	0	31	726.5	227	TRUE	0.145938884897013	0.757902014975785	6744	6	34.2780232021958	0.194413559187951	10	0.0422777903308144	6350125	5815125	0.0340605725858419	6262500	5912500	80
20211120 082749	binary	custom	TRUE	TRUE	FALSE	-100	-1	0	0	0	31	452.1	293	TRUE	0.0426242838538066	0.477293613373907	237	238	68.0679618742317	0.262799167906982	10	0.038940356338865	7058625	6078625	0.0375084732996912	7147500	6297500	81
20211120 083721	binary	custom	TRUE	TRUE	FALSE	-100	-1	0	0	0	31	321.3	222	TRUE	0.177605560676134	0.102925099689746	23	2345	91.4708310445212	0.251437893045323	10	0.0376758471207518	5957500	4962500	0.0383118676407823	6227500	5377500	82
20211120 090255	binary	custom	TRUE	TRUE	FALSE	-100	-1	0	0	0	31	229.2	276	TRUE	0.0523156446021283	0.61030229422811	62	2270	81.4246952037141	0.656210531347084	10	0.0395964617174228	6645625	5665625	0.0406216263714192	6882500	5532500	83
20211120 091755	binary	custom	TRUE	TRUE	FALSE	-100	-1	0	0	0	31	1744.5	322	TRUE	0.0326798060294427	0.866984218339622	5367	5	36.6276078495942	0.128784917028854	10	0.039042454369712	6078375	5718375	0.0549320880721046	5995000	5745000	84
20211120 093757	binary	custom	TRUE	TRUE	FALSE	-100	-1	0	0	0	31	334.8	231	TRUE	0.126207743611229	0.971265123651829	11	5363	98.4102634624392	0.275033730148368	10	0.0383587323106793	6375500	5360500	0.0357426794875014	6561250	5411250	85
20211120 094821	binary	custom	TRUE	TRUE	FALSE	-100	-1	0	0	0	31	769.9	232	TRUE	0.124529790545674	0.236315391180269	3527	3	40.9139573284052	0.0550385035207449	10	0.0330621877432151	6031625	5476625	0.0327885315457809	5902500	5602500	86
20211120 095603	binary	custom	TRUE	TRUE	FALSE	-100	-1	0	0	0	31	136.1	224	TRUE	0.165528130823565	0.88261954263791	442	277	61.8365347367153	0.570535886190257	10	0.0375076364305859	6592625	5557625	0.0345961688132359	6882500	5982500	87
20211120 100651	binary	custom	TRUE	TRUE	FALSE	-100	-1	0	0	0	31	282.6	247	TRUE	0.0837081694319611	0.536988601999683	1177	163	51.9963171639852	0.893036055573048	10	0.0353794782957998	6860500	5880500	0.0372155691128351	6991250	6141250	88
20211120 101646	binary	custom	TRUE	TRUE	FALSE	-100	-1	0	0	0	31	93.4	229	TRUE	0.135907668670914	0.227405949038547	74	2686	79.6658391005546	0.92661385726196	10	0.0380775442912974	6447500	5487500	0.0365377051375394	6842500	5742500	89
20211120 104123	binary	custom	TRUE	TRUE	FALSE	-100	-1	0	0	0	31	373.4	238	TRUE	0.10456647340429	0.390079158678278	10	11305	99.816804939583	0.527011220171054	10	0.0393144368289356	6402750	5452750	0.0392826358029341	6482500	5582500	90
20211120 105448	binary	custom	TRUE	TRUE	FALSE	-100	-1	0	0	0	31	131.6	233	TRUE	0.118353902215115	0.685175776458695	176	1146	71.0290445886739	0.939915427650241	10	0.0370281104332471	6519250	5619250	0.0413831772572452	6618750	5818750	91
20211120 111009	binary	custom	TRUE	TRUE	FALSE	-100	-1	0	0	0	31	863.7	234	TRUE	0.117303146798201	0.501604198471014	18833	6	23.4084858779609	0.459634654532154	10	0.0421422175357552	6260375	5725375	0.0393077418760932	6278750	5878750	92
20211120 111541	binary	custom	TRUE	TRUE	FALSE	-100	-1	0	0	0	31	264.2	224	TRUE	0.160164414017261	0.10143674648914	407	138	62.6569739727117	0.26061946789236	10	0.0356372339802331	6512000	5697000	0.034863966926933	6942500	5792500	93
20211120 112348	binary	custom	TRUE	TRUE	FALSE	-100	-1	0	0	0	31	180.6	228	TRUE	0.141616869195355	0.417715399296628	749	283	56.5346759125032	0.987779933798662	10	0.0368590628739759	6834500	5669500	0.0335166076673947	7093750	5943750	94
20211120 113653	binary	custom	TRUE	TRUE	FALSE	-100	-1	0	0	0	31	336.6	262	TRUE	0.0643996299900766	0.145211459373846	52	1198	83.1892290104739	0.29030847625057	10	0.0362699070238424	6432500	5392500	0.0324370465215536	6505000	5655000	95
20211120 114853	binary	custom	TRUE	TRUE	FALSE	-100	-1	0	0	0	31	181.8	252	TRUE	0.0755717976518162	0.845962789162272	223	523	68.6567517109401	0.544017748865387	10	0.0342229251922707	6728250	5723250	0.0295080046529922	6692500	5642500	96
20211120 120917	binary	custom	TRUE	TRUE	FALSE	-100	-1	0	0	0	31	1280.2	279	TRUE	0.0504378554088343	0.517692423603497	15573	3	25.47413964862	0.223411398090199	10	0.0407764471559003	5749375	5639375	0.0409563740135405	5632500	5732500	97
20211120 122645	binary	custom	TRUE	TRUE	FALSE	-100	-1	0	0	0	31	1666.2	294	TRUE	0.0422813745602407	0.768136833356647	23818	9	20.8018459888548	0.916831282045019	10	0.0403370908756161	6140000	5585000	0.0471408367017315	5958750	5558750	98
20211120 123412	binary	custom	TRUE	TRUE	FALSE	-100	-1	0	0	0	31	264.9	247	TRUE	0.0845021696039056	0.629923058657721	692	103	57.3354663591646	0.333722318286947	10	0.0387378340153817	6893875	6008875	0.0345124819027056	7045000	5945000	99
20211120 124441	binary	custom	TRUE	TRUE	FALSE	-100	-1	0	0	0	31	438.1	254	TRUE	0.0729578764449619	0.876079161868431	2006	94	46.6257673071139	0.87478044329701	10	0.0353158762437967	6730000	5810000	0.0375084732996912	6747500	5947500	100
20211120 130151	binary	custom	TRUE	TRUE	FALSE	-100	-1	0	0	0	31	264.5	261	TRUE	0.0652654875927465	0.568458427301026	15	921	95.9997655969299	0.0644325794659276	10	0.0397077653084281	6444000	5504000	0.0327550567815688	6557500	5357500	101
20211120 131103	binary	custom	TRUE	TRUE	FALSE	-100	-1	0	0	0	31	638.8	224	TRUE	0.161945117053683	0.192592870565946	8603	9	31.7535704080947	0.354851756471298	10	0.0394575414459424	6351375	5761375	0.0300687069535454	6258750	6008750	102
20211120 132140	binary	custom	TRUE	TRUE	FALSE	-100	-1	0	0	0	31	126.1	222	TRUE	0.178113020373229	0.421742271757452	117	1401	75.1435305499472	0.763650294486547	10	0.0371025917836191	6383125	5328125	0.0348555982358799	6693750	5543750	103
20211120 142359	binary	custom	TRUE	TRUE	FALSE	-100	-1	0	0	0	31	982.2	356	TRUE	0.0256100305135864	0.501108712064391	316	96	65.1912740368768	0.141905724004918	10	0.0379084967320261	7102750	6162750	0.0348304921627208	6997500	6297500	103
20211120 144805	binary	custom	TRUE	TRUE	FALSE	-100	-1	0	0	0	31	399.2	332	TRUE	0.0302350111013092	0.826245779450913	48	867	84.0362326660939	0.194102965317408	10	0.0382424075050421	6702875	5582875	0.0387721456486991	6708750	5658750	104
20211120 150813	binary	custom	TRUE	TRUE	FALSE	-100	-1	0	0	0	31	1409	342	TRUE	0.0279860694042174	0.213307827150775	1908	31	47.1329882756807	0.276538261664566	10	0.0395286753198932	6700750	6120750	0.0420610412325408	6667500	6267500	105
20211120 151558	binary	custom	TRUE	TRUE	FALSE	-100	-1	0	0	0	31	363	243	TRUE	0.0910436608048156	0.253868834232446	459	64	61.4511461116932	0.137513129908212	10	0.0382030746570929	6823750	5933750	0.0376172662833806	6981250	5981250	106
20211120 152818	binary	custom	TRUE	TRUE	FALSE	-100	-1	0	0	0	31	714	299	TRUE	0.0403517714073509	0.704083234395133	4007	46	39.6147256863303	0.855711350314037	10	0.0441180654933762	6710250	5870250	0.0447557597516172	6765000	5765000	107
20211120 154027	binary	custom	TRUE	TRUE	FALSE	-100	-1	0	0	0	31	733.4	222	TRUE	0.181202883356996	0.448516552483081	4173	5	39.1999789720587	0.0909658739258395	10	0.0381160402701413	6476750	5761750	0.0377846401044413	6356250	6156250	108
20211120 154741	binary	custom	TRUE	TRUE	FALSE	-100	-1	0	0	0	31	293.4	220	TRUE	0.196865105300704	0.58599198246717	3760	18	40.2612261333503	0.310525432410573	10	0.0404257990007783	6566750	5761750	0.0407387880461617	6565000	5765000	109
20211120 160249	binary	custom	TRUE	TRUE	FALSE	-100	-1	0	0	0	31	164	226	TRUE	0.149346819180087	0.321417740124138	17	9319	94.6470590784401	0.738524642447187	10	0.0386081193040596	6228250	5398250	0.0333408651552811	6470000	5820000	110
20211120 160812	binary	custom	TRUE	TRUE	FALSE	-100	-1	0	0	0	31	220.2	223	TRUE	0.17231570274049	0.634181222662656	3658	35	40.5422640129924	0.594163749483961	10	0.0408567865900095	6737375	5747375	0.0430569154678517	6668750	5868750	111
20211120 162345	binary	custom	TRUE	TRUE	FALSE	-100	-1	0	0	0	31	211.6	255	TRUE	0.0724979513968714	0.949511483728373	233	859	68.2210908732191	0.932642926295898	10	0.0373444469550518	6692000	5722000	0.0379520139255019	6681250	5781250	112
20211120 162915	binary	custom	TRUE	TRUE	FALSE	-100	-1	0	0	0	31	303.2	225	TRUE	0.158150386903789	0.892698025150667	1950	31	46.9114234213904	0.283736677689594	10	0.0386600051885885	6605500	5850500	0.0401446109813964	6603750	5953750	113
20211120 163508	binary	custom	TRUE	TRUE	FALSE	-100	-1	0	0	0	31	218.7	228	TRUE	0.138007109572841	0.848445334885526	2625	56	43.9100348901004	0.682223030268541	10	0.0397303607742713	6690625	5770625	0.0433749257278669	6821250	5921250	114
20211120 165158	binary	custom	TRUE	TRUE	FALSE	-100	-1	0	0	0	31	431.4	388	TRUE	0.0212749457529373	0.354000198355876	70	446	80.2060456396453	0.145509860585153	10	0.0389880578778673	7001500	5901500	0.0402785100382449	7133750	5983750	115
20211120 170303	binary	custom	TRUE	TRUE	FALSE	-100	-1	0	0	0	31	588.4	226	TRUE	0.15041718941492	0.437731061883736	10874	9	29.2990922859684	0.442895464845749	10	0.0379486664490807	6486750	5811750	0.031257061083076	6381250	5881250	116
20211120 170813	binary	custom	TRUE	TRUE	FALSE	-100	-1	0	0	0	31	110.2	221	TRUE	0.184765601271405	0.33200541756493	65	169	80.9997100066021	0.0511347320575826	10	0.0377243855288594	6410250	5720250	0.0430150720125865	6775000	5975000	117
20211120 171614	binary	custom	TRUE	TRUE	FALSE	-100	-1	0	0	0	31	318.6	227	TRUE	0.14512092550735	0.478407512929523	5360	18	36.6405325561576	0.441540112008555	10	0.0391144251127681	6592625	5812625	0.0418936674114802	6592500	5892500	118
20211120 173558	binary	custom	TRUE	TRUE	FALSE	-100	-1	0	0	0	31	727	340	TRUE	0.0285619684978714	0.471892196887592	1246	125	51.4227551626973	0.724994848777819	10	0.0372297958876252	6969125	5999125	0.0373243620965245	6925000	5975000	119
20211120 174447	binary	custom	TRUE	TRUE	FALSE	-100	-1	0	0	0	31	1107.6	225	TRUE	0.154892331854366	0.643538298975117	10761	3	29.4090468737669	0.164479986883919	10	0.0397814097896948	6093000	5698000	0.0357259421053953	6013750	5563750	120
20211120 175306	binary	custom	TRUE	TRUE	FALSE	-100	-1	0	0	0	31	182.5	220	TRUE	0.198822697213679	0.273232453358476	255	642	67.3180318582989	0.762226274691918	10	0.0372097110290979	6512125	5512125	0.0327299507084097	6911250	5961250	121
20211120 180506	binary	custom	TRUE	TRUE	FALSE	-100	-1	0	0	0	31	607.4	221	TRUE	0.188956516240579	0.5069243709567	16880	12	24.602749961596	0.907118750235522	10	0.0394399671947311	6539000	5644000	0.0449231335726779	6640000	5740000	122
20211120 181846	binary	custom	TRUE	TRUE	FALSE	-100	-1	0	0	0	31	252.2	265	TRUE	0.0610116004683217	0.34906930977446	185	946	70.5698789751343	0.815088412649599	10	0.0396140359686342	6768000	5848000	0.0365377051375394	6942500	5792500	123
20211120 183813	binary	custom	TRUE	TRUE	FALSE	-100	-1	0	0	0	31	1285.2	307	TRUE	0.0371192415890796	0.383126452000998	14645	5	26.1350178031437	0.305270760245803	10	0.0375770965663261	6082250	5752250	0.0337760370900387	6005000	5855000	124
20211120 184302	binary	custom	TRUE	TRUE	FALSE	-100	-1	0	0	0	31	396.7	227	TRUE	0.147524375683796	0.682165433482151	13609	5	26.9206327260099	0.30643928995121	10	0.0393043943996719	6119250	5769250	0.0375754228281155	6087500	5887500	125
20211120 190326	binary	custom	TRUE	TRUE	FALSE	-100	-1	0	0	0	31	286	236	TRUE	0.109666015936681	0.6437097370676	34	3462	87.3936359991878	0.548612954257131	10	0.0361284761450462	6488625	5363625	0.0363619626254258	6468750	5418750	126
20211120 192510	binary	custom	TRUE	TRUE	FALSE	-100	-1	0	0	0	31	301.6	241	TRUE	0.0962917339728866	0.280349704789254	11	10684	99.0823114596866	0.547889147931447	10	0.0376591097386458	6315000	5390000	0.0426803243704652	6375000	5575000	127
20211120 193410	binary	custom	TRUE	TRUE	FALSE	-100	-1	0	0	0	31	332.7	258	TRUE	0.0687820787145011	0.72390275799192	1596	100	48.9336937696673	0.739987605740079	10	0.0344455323742813	6875000	5905000	0.0430150720125865	6725000	6025000	128
20211120 194014	binary	custom	TRUE	TRUE	FALSE	-100	-1	0	0	0	31	212.7	225	TRUE	0.157020685393508	0.625971087885485	2120	62	46.0676929576695	0.610698638869391	10	0.0362950130970015	6788750	5828750	0.0396341208271614	6880000	5880000	129
20211120 195602	binary	custom	TRUE	TRUE	FALSE	-100	-1	0	0	0	31	123.5	236	TRUE	0.111052032583845	0.854679193355492	54	1902	82.8340337252989	0.478713912372463	10	0.0396249152670031	6561375	5596375	0.03744989246232	6706250	5756250	130
20211120 200529	binary	custom	TRUE	TRUE	FALSE	-100	-1	0	0	0	31	307.1	229	TRUE	0.136831041172007	0.579569567030063	60	141	81.7621781095304	0.039299284492766	10	0.0399512942180714	6692625	5717625	0.0434251378741851	6963750	5963750	131
20211120 202427	binary	custom	TRUE	TRUE	FALSE	-100	-1	0	0	0	31	256	234	TRUE	0.116833747696774	0.497762244741223	26	4845	90.3024730347469	0.587197988268696	10	0.0389838735323408	6432125	5437125	0.0355501995932816	6540000	5490000	132
20211120 204613	binary	custom	TRUE	TRUE	FALSE	-100	-1	0	0	0	31	1302.8	326	TRUE	0.0317265723226778	0.426068278333242	20696	9	22.3694127118401	0.772965517036407	10	0.0441799938071686	6161000	5781000	0.0388893073234415	6091250	5841250	133
20211120 210103	binary	custom	TRUE	TRUE	FALSE	-100	-1	0	0	0	31	477.8	306	TRUE	0.0375031809598347	0.749179627524433	273	238	66.66210649224	0.30282659102299	10	0.0389202714803378	6956625	5976625	0.0365460738285925	6891250	6341250	134
20211120 212440	binary	custom	TRUE	TRUE	FALSE	-100	-1	0	0	0	31	397.8	374	TRUE	0.0229507361044548	0.312559297925816	25	1382	90.6814051057585	0.161075146578187	10	0.0391646372590863	6635125	5570125	0.0381277564376156	6555000	5455000	135
