Feature	Gain	Cover	Frequency
mdescubierto_preacordado_delta3	0.157149242009076	0.00713615622204605	0.00215988779803647
mcuentas_saldo	0.109287477476971	0.0171447027946691	0.0067601683029453
ctrx_quarter	0.0445813487310503	0.0124269524649701	0.00297335203366059
mtarjeta_visa_consumo	0.0426166790947486	0.00758955800935027	0.00185133239831697
mcaja_ahorro_lag1	0.0307970013601428	0.00330489469362559	0.00316970546984572
mcaja_ahorro	0.0220884590608637	0.0085598880090366	0.00314165497896213
mprestamos_personales_delta3	0.0171276748358802	0.00544238244867517	0.00274894810659187
Visa_Finiciomora	0.0164799307835311	0.00676102531899508	0.00277699859747546
ctarjeta_visa_transacciones	0.0157082861314847	0.00922785929729284	0.00207573632538569
cpayroll_trx	0.0137001093546857	0.0119183314787668	0.00173913043478261
mpayroll	0.0127947484538035	0.0126725769833571	0.00182328190743338
cmobile_app_trx_lag6	0.0123013503313063	0.000931821991936779	0.00159887798036466
mcuenta_corriente_delta1	0.0119822015312671	0.000412470584719081	0.0023562412342216
mprestamos_personales_delta6	0.0107902357101444	0.00134519219768601	0.00238429172510519
mcuentas_saldo_delta6	0.0106502621385704	0.00343777586949609	0.00406732117812062
mprestamos_personales_delta1	0.00956326955037825	0.00460174000128805	0.00230014025245442
ctrx_quarter_lag1	0.00872309798828421	0.00115500373225161	0.00157082748948107
Visa_status	0.00744982645779251	0.000804981768175133	0.000504908835904628
mdescubierto_preacordado	0.00684407642538758	0.00109306118729563	0.00106591865357644
ctarjeta_master	0.00643875736070765	0.000524597435035509	8.41514726507714e-05
foto_mes	0.00600450645011012	0.00784332997326309	0.00684431977559607
mprestamos_personales	0.0056577727791057	0.00855673504560033	0.00429172510518934
cprestamos_personales	0.00563387111194811	0.00229601776685558	0.00154277699859748
mactivos_margen	0.00456437953625273	0.0030901171669675	0.00488078541374474
Visa_msaldopesos_lag1	0.00426429782049402	0.00123434869065253	0.00148667601683029
ctrx_quarter_delta6	0.00412999069151147	0.0024618678463941	0.00389901823281907
mcuenta_corriente_delta3	0.00381228173654438	0.00299490082950233	0.00311360448807854
ctrx_quarter_delta1	0.00352333290605861	0.00238487446130654	0.00367461430575035
ctarjeta_master_delta6	0.00342499745909049	5.5169088702191e-05	0.000168302945301543
mprestamos_personales_lag1	0.0033361518274858	0.00113188564777797	0.00129032258064516
cproductos_delta6	0.00304726270176353	0.00327205286842238	0.00140252454417952
ccomisiones_mantenimiento_delta3	0.00287193098861873	0.00121583751138509	0.000841514726507714
cproductos	0.00272966619529154	0.00331275925900717	0.00286115007012623
Visa_mpagominimo	0.00254473940083934	0.00616539835837013	0.00258064516129032
mcuentas_saldo_delta1	0.00237981250791683	0.00361351431979099	0.00319775596072931
tmobile_app_delta6	0.00237215928027103	0.00182820973311989	0.0014586255259467
Visa_msaldototal_delta3	0.00236173346759546	0.000330632550761231	0.000785413744740533
mautoservicio	0.00234731537428634	0.00693902967033107	0.00120617110799439
mpasivos_margen	0.00230087712117737	0.00138105717231644	0.00260869565217391
mpayroll_lag1	0.0022691509903172	0.00141952613638894	0.00103786816269285
ctrx_quarter_delta3	0.00213827489941373	0.000912517131807501	0.00280504908835905
ccaja_ahorro_delta6	0.00205766796099827	0.00156815720829033	0.000701262272089762
ctarjeta_visa_transacciones_delta6	0.00200167469268314	0.00277064886967036	0.00258064516129032
mtransferencias_recibidas	0.00197450705096768	0.00464162734505521	0.00171107994389902
mcuenta_corriente	0.00195412931079599	0.00222171640599783	0.0032258064516129
mdescubierto_preacordado_lag3	0.0019340639110736	0.000706714552811459	0.000757363253856943
mttarjeta_visa_debitos_automaticos_delta6	0.00185720700797997	0.0012000137556594	0.00280504908835905
mpayroll_delta3	0.00179639906632037	0.00346095736885922	0.00171107994389902
mcuentas_saldo_delta3	0.00172605671719345	0.00188898270856522	0.0032258064516129
mcomisiones_mantenimiento_delta6	0.00168922306903687	0.00436965443746172	0.00347826086956522
Master_Finiciomora	0.00166875127544013	0.00478649318897956	0.00168302945301543
ccaja_ahorro	0.00158359022863327	0.00464522458574659	0.00159887798036466
mes	0.00157611596357932	0.00312784616631983	0.00288920056100982
Visa_delinquency	0.00156954279842512	0.00165703006732096	0.000504908835904628
mcaja_ahorro_delta1	0.00155019261087045	0.00152708761203462	0.00244039270687237
ctrx_quarter_lag3	0.00154969981860308	0.000482300698496941	0.00199158485273492
internet_delta3	0.00151491424370642	0.00018091795465021	0.000897615708274895
ccaja_ahorro_delta3	0.00150070162631883	0.00229632190963924	0.000701262272089762
mpagomiscuentas	0.00144070211240454	0.00569801458267934	0.0011781206171108
ccaja_seguridad	0.00142654287246184	0.00783839865737718	0.00106591865357644
mtarjeta_master_consumo	0.00136494213474454	0.00238549530550882	0.00106591865357644
mactivos_margen_lag1	0.00136304407739999	0.00194286211249552	0.00283309957924264
mrentabilidad_annual	0.00136232748592449	0.000835506338711065	0.00218793828892006
cliente_edad_lag3	0.00135379226679703	0.00248794529237672	0.00314165497896213
chomebanking_transacciones_lag6	0.00133496504467377	0.00143971420428285	0.00246844319775596
mrentabilidad	0.00132843927454288	0.00130381709087452	0.00260869565217391
cproductos_delta1	0.001308827310409	0.00413262276094194	0.00129032258064516
mcuenta_corriente_lag1	0.00128724655447164	0.0013816711776581	0.00274894810659187
mrentabilidad_annual_lag1	0.00126913118499452	0.00104259201230422	0.002945301542777
numero_de_cliente	0.00126800782782882	0.00393145332350834	0.0035343618513324
mcuentas_saldo_lag3	0.00125852891597898	0.00188139269235221	0.00283309957924264
Visa_mpagominimo_lag1	0.00125820450805864	0.000906267780963809	0.00196353436185133
cliente_edad	0.00125079364237267	0.00272027344924104	0.00314165497896213
mcuenta_corriente_lag6	0.00123053456417063	0.000336178120674636	0.00207573632538569
cmobile_app_trx_delta6	0.00122668041031842	0.00097619388747633	0.00190743338008415
cproductos_lag1	0.00122602901279715	0.000187750100762498	0.000673211781206171
cproductos_delta3	0.00122365382151123	0.00398685008409805	0.00137447405329593
mpayroll_lag3	0.00121918853728875	0.00137484189143298	0.000953716690042076
mcuenta_debitos_automaticos	0.00117873130232156	0.00417436032736681	0.00154277699859748
mactivos_margen_lag3	0.00115860373757006	0.00531328129758924	0.00207573632538569
Visa_fechaalta_lag6	0.00113530952664777	0.00178826096394998	0.00201963534361851
mttarjeta_visa_debitos_automaticos_delta3	0.00110988527333578	0.00161063424206369	0.0020476858345021
mcaja_ahorro_dolares_delta1	0.0011086451724449	0.00322044831822346	0.00196353436185133
cliente_edad_lag6	0.00110292802858543	0.00101400370972702	0.00272089761570828
ctarjeta_visa_transacciones_delta3	0.00110079146427667	0.00349752885996419	0.00165497896213184
cprestamos_personales_lag3	0.00109938068505279	0.000956828223658905	0.000504908835904628
mcaja_ahorro_delta3	0.00108672226854115	0.000370485202853559	0.00165497896213184
mcomisiones_mantenimiento	0.00108151089741584	0.00323353416718166	0.00199158485273492
cliente_edad_lag1	0.00106744598933947	0.00218536736437771	0.00258064516129032
mrentabilidad_annual_lag6	0.00105837280428263	0.000864550606777903	0.00269284712482468
chomebanking_transacciones	0.00105121666245183	0.00136566712469762	0.00255259467040673
Visa_Fvencimiento_lag6	0.00101339756715853	0.00131358708717054	0.00291725105189341
Visa_msaldopesos	0.00101035716059789	0.00134574987568465	0.0014586255259467
mdescubierto_preacordado_delta1	0.00100608546540616	0.00221065523281487	0.00061711079943899
mactivos_margen_delta3	0.000983106351025111	0.000755689623269601	0.00221598877980365
ctarjeta_debito_transacciones	0.000966001599159139	0.00157306614245054	0.000701262272089762
ctrx_quarter_lag6	0.000959046669985881	0.000500568414325949	0.00196353436185133
mcuentas_saldo_lag1	0.00095433614265139	0.00107621035904624	0.00218793828892006
mcaja_ahorro_dolares_delta3	0.000954224243187524	0.00184042505729135	0.00162692847124825
mttarjeta_visa_debitos_automaticos_lag3	0.000951606443186151	0.00144633086411384	0.00207573632538569
ccallcenter_transacciones_delta6	0.000950312275336698	0.000442518921869324	0.000701262272089762
tpaquete3_delta1	0.000936040877958357	0.00163165254763808	0.000420757363253857
cpayroll_trx_lag1	0.000933884158763395	0.00129057643498024	0.000392706872370266
mcuenta_corriente_delta6	0.000931408855921743	0.00271308717449104	0.00221598877980365
mcuenta_corriente_lag3	0.000926322637279883	0.00202975816777531	0.00207573632538569
Visa_fechaalta_lag1	0.000924075415136634	0.000604533644023617	0.00182328190743338
mrentabilidad_lag6	0.000922601256733871	0.000834672619428808	0.00244039270687237
ccomisiones_mantenimiento_delta6	0.000920981643749298	0.00121219389078435	0.000981767180925666
Visa_mpagospesos	0.000920371669485143	0.000633393511539287	0.00165497896213184
internet	0.000919708767824694	0.000377220237144901	0.00106591865357644
Visa_mfinanciacion_limite	0.000915317310357608	0.0044360422418272	0.0023562412342216
mcaja_ahorro_lag3	0.000914819781784514	0.000916104673751077	0.00187938288920056
mrentabilidad_annual_delta6	0.000907798556668886	0.00196330371560442	0.00255259467040673
Visa_fechaalta	0.000892115803275416	0.000668185158079575	0.00154277699859748
cplazo_fijo	0.000872984098186658	0.00610303503697102	0.000757363253856943
cmobile_app_trx	0.000864125460965345	0.00153509504743191	0.00241234221598878
ccomisiones_mantenimiento_delta1	0.000861202587187026	0.00141169986862689	0.00103786816269285
chomebanking_transacciones_delta3	0.000860857862867718	0.00126600167319241	0.00207573632538569
Visa_fultimo_cierre_lag3	0.000846800435131637	0.0010420460225401	0.00143057503506311
mpayroll_delta6	0.000829044677468935	0.00215428760270154	0.00151472650771389
mcomisiones	0.000828748689906583	0.000817602947639254	0.00148667601683029
chomebanking_transacciones_delta6	0.000819448934127446	0.000924573421383584	0.00201963534361851
mrentabilidad_annual_delta3	0.000817905933713047	0.00143092887957464	0.00215988779803647
mcaja_ahorro_delta6	0.000817673445342529	0.000681047189780793	0.00210378681626928
mtarjeta_visa_consumo_delta6	0.000810821626086083	0.000429949220374309	0.00106591865357644
mprestamos_personales_lag3	0.000810056228593809	0.000416985849192847	0.0011781206171108
mcuenta_debitos_automaticos_delta6	0.000802002975611654	0.00155424796051228	0.00157082748948107
Visa_Fvencimiento	0.000800285846772148	0.00167205454675338	0.00232819074333801
mactivos_margen_lag6	0.000795188462438856	0.000860755412157016	0.00227208976157083
mrentabilidad_annual_lag3	0.000783823916548316	0.00049969080199274	0.00171107994389902
Visa_fechaalta_lag3	0.000782670065997078	0.000665257379672413	0.00207573632538569
Visa_mpagominimo_delta6	0.00077769256086765	0.00157791651109518	0.00165497896213184
Master_Fvencimiento_lag1	0.0007659523003962	0.000735001572492176	0.00201963534361851
Visa_mlimitecompra	0.000763709683890364	0.000893592014957569	0.00179523141654979
cliente_antiguedad_lag6	0.000751031619463136	0.000969413965390671	0.00213183730715288
Visa_Fvencimiento_lag3	0.000745641720372324	0.000639624708316579	0.0020476858345021
Master_Fvencimiento_lag6	0.00074053243793208	0.000757219414221071	0.00215988779803647
mrentabilidad_lag1	0.000740434123486258	0.000486179078531673	0.00207573632538569
mttarjeta_visa_debitos_automaticos_lag6	0.000738336488520507	0.00122324971722172	0.00165497896213184
Visa_mpagospesos_delta6	0.000737642538554805	0.00130960003142325	0.00168302945301543
mcomisiones_otras	0.000737574146591757	0.00097837560836022	0.00165497896213184
mpasivos_margen_lag6	0.000729181868784117	0.000502801488836024	0.00213183730715288
Master_fechaalta_lag1	0.000722600350111244	0.000405939224131592	0.00187938288920056
Visa_Fvencimiento_lag1	0.000716370255733347	0.00102436806518324	0.00218793828892006
mpasivos_margen_lag3	0.000712439468280659	0.000674353561681992	0.00190743338008415
mtransferencias_emitidas	0.000707343791888766	0.00436341926171097	0.0014586255259467
mcaja_ahorro_dolares_lag6	0.000702678441300724	0.00221381466208301	0.00173913043478261
Visa_mpagospesos_delta3	0.000698627099991898	0.000640044116987579	0.00196353436185133
Visa_cconsumos_delta3	0.000697991845334915	0.00150425825182249	0.00182328190743338
mpasivos_margen_delta1	0.000691008951179935	0.000440389300669142	0.0017671809256662
mcomisiones_mantenimiento_lag6	0.000674360229762052	0.00253348526531188	0.00168302945301543
mcaja_ahorro_dolares_delta6	0.000673113006606926	0.00130430613158103	0.00134642356241234
Master_mfinanciacion_limite_lag6	0.000665142573220196	0.000458973842259701	0.00159887798036466
cliente_antiguedad_lag3	0.000664261642787673	0.00172852699794873	0.00187938288920056
mcaja_ahorro_lag6	0.000662561627291054	0.00204714081069588	0.00171107994389902
Master_mfinanciacion_limite	0.000661741554082894	0.000759474746113923	0.00143057503506311
mrentabilidad_annual_delta1	0.000658013094174462	0.000777975729261875	0.00196353436185133
thomebanking	0.000657101595208109	0.00101076519836141	0.000673211781206171
canarito109	0.000654368430789354	0.00111937811774323	0.00196353436185133
Visa_Finiciomora_lag1	0.000652855328182167	0.00326198482214581	0.00137447405329593
ccaja_seguridad_lag3	0.000652604395110076	0.000454920014364079	0.000196353436185133
mcuentas_saldo_lag6	0.000651543250361767	0.000483355872520689	0.0017671809256662
chomebanking_transacciones_delta1	0.000649858233680684	0.00142106413397317	0.00171107994389902
Visa_cconsumos_lag6	0.000645574869191749	0.000874814368811404	0.00162692847124825
Visa_mfinanciacion_limite_lag1	0.000644337621132228	0.00137291631696541	0.00154277699859748
canarito30	0.00064181314634645	0.000571282357583045	0.00221598877980365
mrentabilidad_delta1	0.000638954114133376	0.00037332606555926	0.00196353436185133
Visa_cconsumos_delta1	0.000638204341879407	0.0021570216548385	0.00165497896213184
canarito107	0.000638018489478297	0.000385418538925221	0.00196353436185133
Visa_mpagominimo_lag3	0.000637556670087476	0.000537781266215098	0.00126227208976157
Visa_mconsumospesos_lag6	0.000637310243389744	0.000662011407731575	0.00196353436185133
mcomisiones_lag6	0.000632882111309054	0.000854152927418975	0.00182328190743338
Master_fechaalta	0.000628884050144886	0.00114367584350408	0.00171107994389902
Master_fechaalta_lag6	0.000623374279981928	0.000607227533397234	0.00185133239831697
mpasivos_margen_delta6	0.000622304295774637	0.000320471869008862	0.0017671809256662
Visa_msaldopesos_lag3	0.000618077870984325	0.000827874170247987	0.00140252454417952
canarito201	0.000615685015641852	0.000568013009173145	0.00199158485273492
mtarjeta_visa_consumo_delta3	0.000612656154720206	0.00173424528017877	0.00134642356241234
canarito103	0.000610324296523745	0.000495513252891176	0.00196353436185133
mcomisiones_otras_lag6	0.000609398287205806	0.000368252998743927	0.0017671809256662
canarito87	0.000609091564652727	0.000577752292767785	0.0020476858345021
canarito94	0.000606301990779511	0.000283884462010057	0.00199158485273492
Visa_delinquency_delta3	0.000605941165376132	5.57258963003934e-05	0.000196353436185133
canarito170	0.000603993637737493	0.000611175545467471	0.00213183730715288
tmobile_app_lag6	0.000603356990313325	0.000773129339590697	0.000532959326788219
canarito7	0.000602990778347104	0.000480434186916633	0.00196353436185133
mrentabilidad_delta6	0.00060005668195532	0.000220317874168832	0.0017671809256662
canarito53	0.000599979244155868	0.000374859711141267	0.00179523141654979
ccomisiones_otras	0.000599024781111853	0.000346836671480868	0.00131837307152875
Visa_msaldototal_delta6	0.00059874193693108	0.00211045535543716	0.00151472650771389
Visa_mconsumospesos_lag3	0.000595660430699669	0.000332143565931699	0.00171107994389902
ctarjeta_master_transacciones	0.000593807352416679	0.000754656209256948	0.000869565217391304
canarito123	0.00059144339271715	0.000408786428326241	0.00210378681626928
mpasivos_margen_lag1	0.000590400498069967	0.000223088483124425	0.00148667601683029
tcallcenter_delta6	0.000589177198151803	0.000152796932768421	0.000252454417952314
canarito90	0.000587596431510622	0.00037911223902392	0.00199158485273492
canarito146	0.000586201040863977	0.00118759326566904	0.00199158485273492
cprestamos_personales_lag1	0.000585944062559802	0.00278254264304929	0.000953716690042076
canarito83	0.000585772951843665	0.000926260008757862	0.00207573632538569
canarito135	0.00058404717982805	0.00101945975273763	0.00187938288920056
Visa_msaldototal	0.000583140668689903	0.000693324809755447	0.000953716690042076
canarito95	0.000581447726947622	0.00141139398504235	0.00196353436185133
cprestamos_personales_delta6	0.000580482258322919	0.00357322273718913	0.000869565217391304
Visa_mfinanciacion_limite_lag6	0.000580467153514631	0.00117677742106832	0.00159887798036466
canarito154	0.000580084023086375	0.000290052243897871	0.00179523141654979
ctarjeta_visa_debitos_automaticos_delta6	0.000579557352675533	0.00068199729403668	0.0011781206171108
Master_fechaalta_lag3	0.00057904685148696	0.000364352734355179	0.00159887798036466
canarito213	0.000576698139882216	0.00110812296960422	0.00196353436185133
ctarjeta_visa_debitos_automaticos_lag3	0.000574496755958699	0.000585444891890247	0.00131837307152875
canarito115	0.000572466669500452	0.00150506076103169	0.00185133239831697
tpaquete3_delta6	0.000572278267384822	0.000534923617215123	0.000252454417952314
Visa_fultimo_cierre	0.000571915488966857	0.00281565901742107	0.0017671809256662
mpayroll_delta1	0.000571083643272785	0.00363085294531768	0.00140252454417952
canarito78	0.000569642825478826	0.000389447746922575	0.00190743338008415
mcomisiones_otras_lag3	0.000568971667880334	0.000334107562361713	0.00168302945301543
canarito74	0.000566957428740443	0.000807404216953199	0.00179523141654979
tpaquete3_delta3	0.000566585738799641	0.000567104808481481	0.000280504908835905
canarito60	0.000565642241518931	0.000506624038899431	0.00187938288920056
canarito100	0.000564131170439479	0.000333188668178883	0.00190743338008415
mrentabilidad_delta3	0.000562467492791135	0.000321823973926873	0.00168302945301543
mdescubierto_preacordado_lag1	0.000562361842413137	9.59648818468557e-05	0.000673211781206171
Visa_mpagominimo_lag6	0.000561263525894747	0.00127145423460125	0.00137447405329593
Visa_mpagospesos_lag1	0.000560171791582301	0.000644214827228513	0.00131837307152875
canarito136	0.000559446425140758	0.000396714098513408	0.00190743338008415
mcomisiones_otras_delta6	0.000555721941923333	0.000204279253876441	0.00137447405329593
ccallcenter_transacciones	0.000554943708652782	0.000728851447299079	0.000673211781206171
mactivos_margen_delta1	0.000550923023083461	0.000518229709731458	0.00185133239831697
mcomisiones_lag3	0.000549476850412323	0.000275223480222387	0.00162692847124825
canarito93	0.000547230036257047	0.000447088772885209	0.00185133239831697
Visa_mpagospesos_lag6	0.00054710137087098	0.000466317908175874	0.00168302945301543
Visa_msaldopesos_delta6	0.000546938672277971	0.00113723003084593	0.00129032258064516
canarito217	0.000546462929421352	0.00123112174317853	0.00182328190743338
canarito1	0.000545065254883278	0.000266546831226728	0.0017671809256662
Visa_cconsumos_delta6	0.000543020850991468	0.000406578844114878	0.00140252454417952
Visa_mpagospesos_lag3	0.000542979964427814	0.000386586491977904	0.00159887798036466
canarito180	0.000539900547206979	0.00108993856353197	0.00162692847124825
canarito143	0.000538417693472942	0.000214989406994699	0.00179523141654979
canarito45	0.000537290396068762	0.0004387882612242	0.0017671809256662
canarito11	0.000536027067343099	0.000350725496320925	0.00171107994389902
chomebanking_transacciones_lag3	0.000533738114619843	0.00037741831541733	0.0014586255259467
Master_Fvencimiento	0.000533030356434431	0.000311130234074127	0.00137447405329593
mcomisiones_lag1	0.000531665511048075	0.000261842316827893	0.00140252454417952
canarito216	0.000531303530099383	0.000311390110778067	0.00159887798036466
Visa_msaldopesos_delta3	0.000529042617506148	0.00022927031576226	0.00129032258064516
Master_Fvencimiento_lag3	0.000528065486874749	0.000474976651790975	0.00162692847124825
canarito219	0.000527762195626694	0.00125068473921086	0.00185133239831697
canarito2	0.000527290288417818	0.000563958559562921	0.00179523141654979
canarito203	0.00052711606016885	0.00193119377283154	0.00187938288920056
Visa_cconsumos_lag1	0.000525852129415576	0.00167915788477538	0.00143057503506311
canarito96	0.000525742308587335	0.00127605318186054	0.00179523141654979
canarito97	0.000525363777066793	0.00127625486607766	0.00171107994389902
canarito92	0.000525276749446975	0.00102794677877946	0.00173913043478261
canarito144	0.000524859430467904	0.000333021924322431	0.00162692847124825
chomebanking_transacciones_lag1	0.000524840168388366	0.000295200165151372	0.00148667601683029
canarito150	0.00052292419742762	0.000273869758846409	0.0017671809256662
Visa_mconsumospesos	0.000522620197878798	0.00220756456518179	0.00140252454417952
ctarjeta_visa_debitos_automaticos_delta3	0.00052236764379058	0.00168934020219592	0.00106591865357644
mcaja_ahorro_dolares_lag1	0.000521672629691302	0.000366278184479825	0.00123422159887798
canarito159	0.000520794491242445	0.000600897483998108	0.00185133239831697
canarito66	0.000520688846752934	0.00043917123741948	0.00182328190743338
Visa_msaldopesos_lag6	0.000519518320008808	0.000524173425676449	0.00131837307152875
Visa_msaldototal_lag1	0.000516786054004803	0.000277036400003939	0.00112201963534362
mcomisiones_mantenimiento_delta3	0.000516587260113069	0.00110061539274753	0.00120617110799439
Visa_mlimitecompra_lag6	0.00051401234231136	0.000775648651503868	0.00148667601683029
Visa_mpagominimo_delta3	0.000513593330252307	0.00102736373482502	0.00126227208976157
canarito84	0.000513372395091693	0.000432825023440683	0.00171107994389902
canarito18	0.000512437279089659	0.000390062747007592	0.0017671809256662
canarito12	0.000512357497111896	0.000699561974992925	0.00157082748948107
canarito206	0.00051228497675922	0.000246583450990242	0.00157082748948107
mcaja_ahorro_dolares	0.00051128016884071	0.00510062729932823	0.00129032258064516
canarito102	0.00050731133980441	0.000359527234294653	0.00159887798036466
cprestamos_personales_delta1	0.000507202730882708	0.00111416242959803	0.000476858345021038
canarito113	0.000506350411482963	0.000511878397692919	0.00171107994389902
canarito185	0.000505166180829454	0.000416277218888658	0.00173913043478261
canarito105	0.000504671427135375	0.000507182960327283	0.00168302945301543
canarito10	0.000504415090956599	0.000252815020796296	0.00148667601683029
mpasivos_margen_delta3	0.000502026738343233	0.00113214316196642	0.0014586255259467
canarito145	0.000501819719638313	0.000254875134303892	0.00171107994389902
canarito183	0.000501650121982723	0.000419007540737995	0.00157082748948107
canarito156	0.000501436061209129	0.00148124026339988	0.00168302945301543
canarito132	0.000500165070721721	0.000155439965887534	0.00157082748948107
Visa_status_delta3	0.000499499662809388	0.000894895128764885	0.000561009817671809
canarito122	0.000497977167225516	0.000702031425394957	0.00165497896213184
canarito182	0.000497728744050562	0.000158663183073913	0.00165497896213184
mcomisiones_mantenimiento_lag1	0.000497678823707881	0.00272010633235582	0.00140252454417952
Visa_mpagominimo_delta1	0.000497444550845644	0.00118767073130854	0.00131837307152875
canarito80	0.000496941977241906	0.000299814282246971	0.00173913043478261
canarito149	0.000496494791300073	0.000300052647625656	0.00159887798036466
canarito177	0.000496054428150906	0.000401799848306636	0.00157082748948107
canarito121	0.000494181385376097	0.000233453335952329	0.00159887798036466
Master_mfinanciacion_limite_lag3	0.00049341920832496	0.00059104243714444	0.00137447405329593
mcomisiones_otras_lag1	0.000493230679466675	0.000333674102940692	0.00143057503506311
canarito194	0.00049308574166963	0.000431413731292492	0.00154277699859748
canarito24	0.000492799069412026	0.00145434426797131	0.00171107994389902
canarito101	0.000491031988824579	0.000255021361578454	0.00165497896213184
Master_mfinanciacion_limite_lag1	0.000490060769672506	0.000593871362929769	0.00129032258064516
canarito215	0.00048991375352024	0.000757035884070346	0.00168302945301543
canarito167	0.000489631997026987	0.000496517943689182	0.00182328190743338
mcomisiones_otras_delta3	0.000489015303439282	0.000137733782687709	0.00137447405329593
canarito49	0.000488504724017964	0.000133337887417667	0.00148667601683029
ctarjeta_visa_transacciones_lag6	0.000488482146159893	0.000490580942261901	0.00131837307152875
mcomisiones_otras_delta1	0.000486325779713294	0.000608403568739752	0.00143057503506311
canarito128	0.000484875634557211	0.000198822340465385	0.00148667601683029
canarito89	0.000483704551771746	0.000280145843418018	0.00151472650771389
canarito68	0.000483239434548255	0.000323020401508361	0.00162692847124825
canarito199	0.000480524587808015	0.000558833020035118	0.00148667601683029
canarito184	0.000480512621282461	0.000418330244849784	0.00168302945301543
mrentabilidad_lag3	0.00048004895655223	0.000829967110286608	0.00143057503506311
canarito163	0.00047988000046123	0.000305824770340295	0.00154277699859748
canarito8	0.000478955162391234	0.000547428784734375	0.00162692847124825
mtransferencias_emitidas_lag6	0.000478802570122951	0.00112920866904155	0.00129032258064516
canarito137	0.000478334001685744	0.000357547446313729	0.00157082748948107
mcomisiones_delta1	0.000478100727622926	0.00122324548956243	0.00148667601683029
canarito9	0.00047641361940763	0.000215340054030637	0.00151472650771389
canarito75	0.000476231151764463	0.000244010795964157	0.00171107994389902
canarito126	0.000475596057498628	0.00047492989885285	0.00148667601683029
canarito176	0.000475583051795464	0.000404007929889681	0.00159887798036466
canarito26	0.000475313512789439	0.000484214957758737	0.00173913043478261
canarito188	0.00047509639981717	0.00134308881284206	0.00165497896213184
canarito50	0.000474140423432204	0.000410916671241025	0.00157082748948107
canarito138	0.000473604519594614	0.000851442251751085	0.00157082748948107
canarito48	0.0004735804698954	0.000296297367082265	0.00157082748948107
canarito118	0.000473439574123517	0.000521259698019308	0.00159887798036466
canarito191	0.000472349857038197	0.000373090560067747	0.00154277699859748
canarito192	0.000472207482975877	0.000316386706697263	0.00165497896213184
canarito165	0.000471914661456267	0.000264827417321426	0.00159887798036466
canarito6	0.000470595929366069	0.000952676537884815	0.00162692847124825
Visa_mlimitecompra_delta6	0.000470482703029982	0.00219695997920308	0.00115007012622721
canarito71	0.000470471536216934	0.000260468451898786	0.00154277699859748
canarito193	0.000470193023157956	0.00017854710818417	0.00157082748948107
canarito13	0.000470126424379154	0.000904445286777375	0.00162692847124825
canarito91	0.000468715691982753	0.00023229334084656	0.00162692847124825
canarito195	0.000468188290838816	0.000192491669351656	0.00151472650771389
canarito125	0.000468152749338197	0.00112814553707088	0.0014586255259467
canarito152	0.000467909757590742	0.00051490390963563	0.00159887798036466
mprestamos_personales_lag6	0.000465934016251941	0.00188454913739026	0.00109396914446003
canarito82	0.000464836184271844	0.000563565387248156	0.00159887798036466
canarito29	0.00046476208384204	0.000507227226406997	0.00151472650771389
canarito148	0.000463031585334843	0.000466557516983766	0.00157082748948107
Visa_fultimo_cierre_lag6	0.000462654880927445	0.000890343307472479	0.00129032258064516
canarito5	0.000462594915668537	0.000266386180173384	0.0014586255259467
canarito212	0.000461511814718057	0.00183823065342957	0.00159887798036466
canarito22	0.000459517183956772	0.00028809595672893	0.00143057503506311
canarito124	0.00045765570757086	0.00116249265767022	0.00165497896213184
canarito171	0.000456849782712589	0.000468575353898376	0.00143057503506311
canarito187	0.000456284037429011	0.000470562478111613	0.00162692847124825
canarito127	0.000454634267263429	0.00044109544411492	0.0014586255259467
mactivos_margen_delta6	0.000454593295737332	0.00085383025754016	0.0011781206171108
canarito196	0.000453073526242162	0.000458039156525961	0.00151472650771389
Master_mlimitecompra	0.000452401271702815	0.000606997498994225	0.0011781206171108
canarito114	0.000450401020802069	0.000195173000090297	0.00159887798036466
mcomisiones_delta6	0.000450122598313616	0.000340363006008512	0.00126227208976157
Visa_mlimitecompra_lag3	0.000449916969571841	0.000275818834125958	0.00106591865357644
canarito200	0.000449752550980057	0.00159368369079202	0.0014586255259467
canarito19	0.000449052426235575	0.000150293661092001	0.00134642356241234
Master_msaldototal	0.000449007555970812	0.00202872736496399	0.000897615708274895
canarito46	0.000448905442329781	0.000234205734964549	0.00151472650771389
Master_fultimo_cierre_lag6	0.000448889525751611	0.00035912983432059	0.00131837307152875
canarito207	0.000448586844102079	0.000351286531578426	0.00143057503506311
mtransferencias_recibidas_delta6	0.000447960381515786	0.00260305326421323	0.00100981767180926
canarito112	0.000447880743385327	0.000499139962854724	0.00137447405329593
canarito4	0.00044731909256248	0.000365261432418525	0.00148667601683029
canarito208	0.000447298797474222	0.000385131555464603	0.00151472650771389
Visa_msaldototal_lag3	0.00044677106124738	0.000444929433727017	0.00120617110799439
canarito70	0.00044673774895939	0.000225046635437174	0.00154277699859748
canarito134	0.000446719414737033	0.000350423591709841	0.00154277699859748
cliente_antiguedad	0.000446132470342365	0.000697456849348091	0.00120617110799439
canarito142	0.000445388645739852	0.00107382247760008	0.00151472650771389
canarito157	0.00044500958677919	0.00078012885127404	0.00148667601683029
canarito155	0.000444799677388359	0.000217874908808876	0.00154277699859748
mtransferencias_recibidas_lag1	0.000444760071149845	0.00250436353160554	0.00126227208976157
canarito141	0.000444378626791468	0.000409944060916519	0.00151472650771389
canarito61	0.00044368364409745	0.000439359616944106	0.0014586255259467
canarito108	0.00044236372786072	0.000191906387224649	0.0014586255259467
canarito179	0.000442343193026953	0.000335010664993635	0.00137447405329593
canarito190	0.000441874606363479	0.000612607975912154	0.00140252454417952
canarito41	0.00044152088892374	0.00127700278874474	0.00140252454417952
canarito147	0.000441501100525698	0.000286814354246869	0.00143057503506311
canarito54	0.00044095043285121	0.000700845939990477	0.00137447405329593
canarito202	0.000439230688963028	0.000333130848720829	0.0014586255259467
canarito15	0.000438645926953503	0.000230428694410061	0.00157082748948107
mtarjeta_master_consumo_delta3	0.000438256040749163	0.00159485375767435	0.000673211781206171
canarito116	0.000437904495600019	0.00026961822570712	0.00157082748948107
canarito181	0.000437816816321063	0.000358356794383559	0.00148667601683029
canarito189	0.000436935930753197	0.000831762373373442	0.00154277699859748
canarito35	0.000436453711122578	0.000822702623839583	0.00143057503506311
cliente_antiguedad_lag1	0.000435875159783559	0.000475554100313988	0.00106591865357644
canarito174	0.000432915706168224	0.000520530302447389	0.00143057503506311
canarito98	0.000432000540918208	0.000236519135001296	0.00148667601683029
canarito25	0.000428960943603814	0.000254682527119967	0.00140252454417952
canarito166	0.000425429374764864	0.000179072332680554	0.00123422159887798
canarito40	0.000424259664837894	0.000251188615395562	0.00143057503506311
canarito69	0.000422945375189919	0.000437248274153245	0.00137447405329593
canarito23	0.000422287021964445	0.000263362036002799	0.00123422159887798
canarito214	0.000422111342343833	0.000231373824949127	0.00151472650771389
canarito42	0.000420994999486794	0.000270111369730004	0.00129032258064516
canarito81	0.000420043943352645	0.000189148212561111	0.00129032258064516
Visa_mlimitecompra_lag1	0.000419660354744083	0.000339371619903003	0.00120617110799439
Visa_mconsumospesos_delta6	0.000418621798789605	0.000570270703581488	0.00120617110799439
canarito162	0.000418020623606242	0.000672584161922631	0.00137447405329593
canarito172	0.00041732654521546	0.000222653780274198	0.00137447405329593
tpaquete4	0.000416804373608067	0.00121919937092788	0.0005890603085554
canarito32	0.000416651657961978	0.000263343384564717	0.00134642356241234
canarito211	0.00041664479871678	0.000312557939487829	0.00137447405329593
mttarjeta_visa_debitos_automaticos_delta1	0.000415821793322902	0.00108693207605611	0.00120617110799439
mautoservicio_lag6	0.000415769825469452	0.000703655841308962	0.0011781206171108
canarito39	0.000415705072871272	0.000873013510293145	0.00143057503506311
canarito20	0.000414688351423585	0.000943920433762927	0.00131837307152875
ccuenta_debitos_automaticos_delta6	0.000413922436866142	0.00047407727944667	0.000729312762973352
canarito160	0.000412866812713838	0.000208782581429834	0.0014586255259467
Master_mlimitecompra_delta6	0.000412788145061984	0.00235407633634541	0.00115007012622721
ccajas_consultas_delta6	0.000412247082910492	0.00304229662052662	0.00100981767180926
canarito210	0.000412065155606033	0.000272903490010851	0.00129032258064516
canarito198	0.000411996037957163	0.000882272705871559	0.00143057503506311
canarito63	0.00041186748080708	0.00052847096569634	0.00131837307152875
canarito209	0.000411635030291116	0.000183625521745086	0.00129032258064516
Visa_mfinanciacion_limite_lag3	0.000411498365536763	0.000379621298940633	0.00126227208976157
canarito140	0.000410964941873474	0.000478382155698873	0.00140252454417952
canarito21	0.000410865124742057	0.000748341329694128	0.00129032258064516
mttarjeta_visa_debitos_automaticos_lag1	0.000410377153742857	0.000217564300193354	0.00112201963534362
mcomisiones_delta3	0.000408767513330252	0.000270738058049552	0.00140252454417952
Master_mpagominimo	0.000408062283829052	0.00206623814249077	0.000841514726507714
canarito31	0.000407672887490682	0.000452324977612297	0.00129032258064516
Visa_cconsumos	0.000406154656853237	0.000535295775576316	0.000897615708274895
tpaquete3	0.000405298472363318	0.000905007689807002	0.0005890603085554
canarito204	0.000403725467588147	0.000284854958504914	0.00140252454417952
canarito164	0.000403273317932861	0.000407595347490337	0.00143057503506311
canarito33	0.00040304934207014	0.000327816307953798	0.00123422159887798
ccomisiones_otras_delta6	0.000402697834495146	0.000347727215477814	0.00115007012622721
canarito55	0.000401620386211004	0.000197723646419445	0.00143057503506311
Visa_mconsumosdolares_lag6	0.000400540480745696	0.000248636103922605	0.00103786816269285
canarito76	0.000400446732961115	0.000314796609429329	0.00134642356241234
canarito104	0.00040008033901263	0.000223430426155924	0.00126227208976157
canarito169	0.000398764772965173	0.000535742415346915	0.00134642356241234
canarito72	0.000398711980723657	0.000339562610628961	0.00137447405329593
mautoservicio_delta6	0.000398105639935885	0.000751379773300576	0.00120617110799439
canarito119	0.000396820297805613	0.000243804262373131	0.00134642356241234
cmobile_app_trx_delta1	0.000395937488385188	0.00082020768313884	0.00100981767180926
mtarjeta_visa_consumo_lag3	0.000395818387022309	0.000277161737667849	0.00112201963534362
canarito168	0.000395612174479189	0.000599613892029318	0.00140252454417952
mprestamos_prendarios	0.000395284893538398	0.00516889056796429	0.000645161290322581
cmobile_app_trx_delta3	0.00039515802217779	0.000604947705949034	0.00120617110799439
canarito88	0.000394288909376241	0.000757103402276202	0.00134642356241234
Visa_msaldopesos_delta1	0.000394017262572564	0.00063091150250228	0.00120617110799439
canarito52	0.000393916222318444	0.000390066352952288	0.00140252454417952
canarito106	0.000393789727540548	0.00041148554010252	0.00131837307152875
ccaja_ahorro_delta1	0.000392304387463319	0.00197594404387831	0.000504908835904628
mcaja_ahorro_dolares_lag3	0.00039198491970249	0.000200164746635593	0.00106591865357644
Visa_mconsumosdolares_delta1	0.000390476772957441	0.00225304261534252	0.00115007012622721
canarito3	0.000390346693493476	0.000745610013101428	0.00129032258064516
canarito111	0.000389901470380374	0.000242769480588352	0.00134642356241234
mpayroll_lag6	0.000389794431721656	0.00255534910274598	0.00103786816269285
canarito38	0.000389521452437675	0.000101673589672016	0.00123422159887798
canarito27	0.00038825184967018	0.000236598838813366	0.00134642356241234
Visa_msaldototal_delta1	0.000387967229690215	0.000556129183227858	0.00115007012622721
canarito158	0.000387739192734852	0.000249125268972031	0.00126227208976157
canarito85	0.000387269698964102	0.000793352596531124	0.00143057503506311
Visa_mconsumosdolares	0.000387128201445012	0.0039153163479658	0.00106591865357644
ctransferencias_emitidas_delta3	0.000386010473952505	0.000606948134854768	0.00100981767180926
ctarjeta_visa_transacciones_delta1	0.00038598233315741	0.00367312618104426	0.00115007012622721
canarito131	0.000385760920468606	0.000782920225497364	0.0014586255259467
Visa_mconsumosdolares_delta6	0.000384549191706209	0.000596822766491835	0.00106591865357644
cmobile_app_trx_lag1	0.000384488939593903	0.000834661055537197	0.00109396914446003
ctarjeta_visa_debitos_automaticos_lag6	0.00038333589212002	0.000292916234386794	0.000981767180925666
Master_Finiciomora_lag1	0.000382963121221396	0.00135972514955351	0.000448807854137447
ccomisiones_otras_lag3	0.000381930490486045	0.000213452528496758	0.00126227208976157
Visa_mpagospesos_delta1	0.000381261153551402	0.00106397389657828	0.00131837307152875
canarito110	0.000380315699050045	0.000208645679874313	0.00129032258064516
canarito218	0.000379656390207383	0.000937324787885516	0.00129032258064516
canarito205	0.00037942646416957	0.000239610548691896	0.00123422159887798
canarito151	0.000379021347255499	0.00118582660145393	0.00134642356241234
Visa_mconsumospesos_lag1	0.000377139385947751	0.00046373617611659	0.00115007012622721
cmobile_app_trx_lag3	0.000377036246588506	0.000324707486254321	0.000953716690042076
canarito44	0.000376578767572815	0.000226753615050421	0.00131837307152875
canarito175	0.000376292210841702	0.000160695195081466	0.00131837307152875
canarito173	0.000374859814143802	0.000269758608864416	0.00137447405329593
Master_mpagominimo_delta6	0.000374055674338059	0.00118532873240007	0.000813464235624124
canarito178	0.000373945221478967	0.000650032708137912	0.00126227208976157
ccallcenter_transacciones_delta3	0.000373325733103555	0.000909719167409388	0.000953716690042076
canarito43	0.000372561903350627	0.000162229711063917	0.00120617110799439
canarito57	0.000371115181087445	0.000528052303082863	0.00126227208976157
Visa_status_delta1	0.00037092615142743	0.000844501802955002	0.000532959326788219
canarito133	0.000370483432042574	0.000206163422151465	0.00123422159887798
canarito153	0.000370061729786545	0.000213454144954725	0.00134642356241234
canarito62	0.000369823249741127	0.000272101105144571	0.00123422159887798
Visa_mconsumospesos_delta1	0.000369327473413281	0.000701705273914366	0.00115007012622721
cpagomiscuentas_delta6	0.000369138148768148	0.00195131444686251	0.00100981767180926
ctarjeta_visa_transacciones_lag3	0.000366249857228007	0.000235130597607566	0.00103786816269285
canarito79	0.000365372016848713	0.000207402623697621	0.0011781206171108
canarito130	0.000364701270883447	0.00033383326187899	0.00129032258064516
canarito56	0.000363986643358289	0.000571928940769882	0.00123422159887798
Visa_mconsumospesos_delta3	0.000363504099019718	0.000274447083026501	0.00112201963534362
canarito186	0.000363462457888619	0.000473296032876883	0.00120617110799439
ctarjeta_visa_transacciones_lag1	0.000362918639084378	0.00211034444155203	0.00109396914446003
canarito34	0.000362681486752394	0.000267300598011074	0.00129032258064516
canarito139	0.000360893456893914	0.000216115207797317	0.00126227208976157
mtarjeta_visa_consumo_lag6	0.000360893328468834	0.000107287672534641	0.000925666199158485
mcomisiones_mantenimiento_delta1	0.000357856164781661	0.000726370433005436	0.000701262272089762
Master_mlimitecompra_lag6	0.000355657026053807	0.000348091540235012	0.000981767180925666
canarito51	0.000355444772765069	0.000144912596862478	0.00115007012622721
mcomisiones_mantenimiento_lag3	0.000355202024688781	0.000318961724238838	0.00112201963534362
canarito86	0.00035513548339282	0.000325582114357438	0.00126227208976157
canarito65	0.000353052862104024	0.000115559460981004	0.00109396914446003
Master_msaldopesos	0.000352320612863338	0.000770275047849578	0.000561009817671809
Master_mlimitecompra_lag3	0.000352155884425018	0.000317690939590864	0.000981767180925666
canarito47	0.000351000534833439	0.000215253138329176	0.00115007012622721
canarito73	0.000350211415995157	0.000249164063963241	0.00129032258064516
canarito117	0.000349600622951018	0.000253097900940536	0.00112201963534362
canarito129	0.000345360214968834	0.000182703892018004	0.00103786816269285
canarito17	0.000344156871691174	0.00090364165848189	0.00126227208976157
canarito67	0.000343200371791746	0.00261302705855602	0.00123422159887798
canarito161	0.000342775107281976	0.000103006794466104	0.00109396914446003
canarito77	0.000342449059558436	0.000423174272005471	0.00115007012622721
canarito59	0.000341521892732354	0.000290961190647058	0.00123422159887798
cproductos_lag6	0.000340695103285089	0.00120297286848254	0.000981767180925666
mtransferencias_emitidas_delta6	0.000340350827892752	0.000520656386168822	0.000981767180925666
mplazo_fijo_dolares_delta6	0.000340279378964159	0.00510337788907361	0.000673211781206171
canarito120	0.000340042909135765	0.00021166795890109	0.00115007012622721
Visa_mconsumosdolares_lag3	0.000337914964168769	0.0010471243117581	0.00106591865357644
canarito197	0.0003332300038001	0.000523399142310213	0.0011781206171108
Visa_cconsumos_lag3	0.000332688103801144	0.00105073075382559	0.000897615708274895
canarito64	0.000332477744922534	0.000282094172640044	0.00100981767180926
Master_mpagospesos_lag6	0.000328406125069292	0.00205527184295619	0.00109396914446003
Master_fultimo_cierre_lag3	0.000328383651521548	0.000159969405454242	0.000925666199158485
canarito99	0.00032730538025136	0.000253780916603092	0.00106591865357644
Visa_status_lag3	0.000326024425323703	1.06798134456454e-06	2.80504908835905e-05
ccomisiones_otras_lag6	0.000322374677651377	0.000191282807478114	0.000925666199158485
mtransferencias_emitidas_delta3	0.000322297480158242	0.000953698512348777	0.000869565217391304
mdescubierto_preacordado_lag6	0.000320654496052388	0.000756332227482979	0.000504908835904628
mcuenta_debitos_automaticos_lag6	0.000320637003883556	0.000542676025282368	0.000953716690042076
mtarjeta_master_consumo_delta6	0.000320219128021934	0.000603104322151948	0.000701262272089762
canarito16	0.000319781367583662	0.000243997366928738	0.00115007012622721
Master_fultimo_cierre	0.000319282689914548	0.00378737394855644	0.00106591865357644
ccomisiones_mantenimiento	0.000316251081593489	0.000694847513160446	0.00061711079943899
mtransferencias_emitidas_lag1	0.000314513600743692	0.000423846345491019	0.000841514726507714
canarito36	0.000310835027809852	0.000170826158875824	0.00100981767180926
mtarjeta_visa_consumo_delta1	0.000310739428236567	0.000497769952556154	0.000981767180925666
mdescubierto_preacordado_delta6	0.000308838900251459	0.000615857305111847	0.000476858345021038
mpagomiscuentas_delta6	0.000307713332379793	0.00200196876846262	0.000953716690042076
Visa_Finiciomora_delta1	0.000307342690309129	0.000994332659696733	0.000364656381486676
Master_fultimo_cierre_lag1	0.00030648685828717	0.000107710811493258	0.000813464235624124
mplazo_fijo_dolares_delta3	0.000303527874348709	0.00209939157105287	0.0005890603085554
canarito37	0.000303311400697798	0.00020686894388264	0.00103786816269285
Visa_msaldototal_lag6	0.000303031981372755	8.60093659133873e-05	0.000869565217391304
ccallcenter_transacciones_delta1	0.000299765328517363	0.000568610228220525	0.000673211781206171
mautoservicio_lag1	0.000299609354855987	0.0015617357668446	0.000785413744740533
mttarjeta_visa_debitos_automaticos	0.000297672715869524	0.000197337934679914	0.000757363253856943
ctarjeta_master_transacciones_delta3	0.000296240775389102	0.00188134046832558	0.000757363253856943
mtransferencias_emitidas_delta1	0.000294495026543886	0.000814965509951566	0.000981767180925666
tmobile_app	0.000293964116703393	0.000238565570787633	0.00061711079943899
Master_msaldototal_lag1	0.000293715225814393	0.000498346655021644	0.00061711079943899
ccomisiones_otras_lag1	0.00029316354055341	0.000159540546721281	0.000925666199158485
Visa_mpagado_delta1	0.000292731183782632	0.00204812784479917	0.000869565217391304
ccuenta_debitos_automaticos_delta3	0.000292383083117504	0.00267439600961952	0.000757363253856943
mextraccion_autoservicio_lag6	0.000289056089822514	0.000530999727671472	0.000813464235624124
Master_mconsumospesos_lag6	0.000287417576199293	0.000138195219265853	0.000841514726507714
ccomisiones_otras_delta3	0.000287378822108852	0.000776958479828893	0.000925666199158485
ccaja_seguridad_lag1	0.000286860472128996	0.000698116737227426	0.000224403927068724
Visa_fultimo_cierre_lag1	0.000282593739529101	0.000579406675325642	0.000841514726507714
Master_Finiciomora_delta1	0.000282207118350151	0.000679990026270316	0.000252454417952314
canarito28	0.000282035729192739	0.000114425577888551	0.000981767180925666
Visa_status_delta6	0.000281213638757453	0.000451277885878384	0.000308555399719495
canarito14	0.000281127693497478	0.000210634917917199	0.000981767180925666
cinversion1	0.000277658234167621	0.00712873568523374	0.000504908835904628
mautoservicio_lag3	0.000275284292362385	0.00249387732008718	0.000813464235624124
ctarjeta_master_transacciones_lag1	0.000273507370151687	0.00017424956816428	0.000392706872370266
ctarjeta_visa_debitos_automaticos_lag1	0.000270141483685819	0.000479695838654435	0.000841514726507714
tcallcenter_delta3	0.000267398989381303	0.00049369498636404	0.000476858345021038
canarito58	0.000266859164933527	0.000202526267382591	0.000897615708274895
Master_mpagospesos_lag1	0.000265871625982182	0.000279186040414328	0.000813464235624124
Master_mlimitecompra_lag1	0.000263688949779288	6.87452217961007e-05	0.000645161290322581
ctarjeta_visa_delta1	0.000263441605318923	2.66793900609852e-05	0.000112201963534362
ctarjeta_debito_transacciones_lag3	0.000260270054599936	0.00127802177897861	0.000841514726507714
cprestamos_personales_delta3	0.000260225363513395	0.000716008191378864	0.000448807854137447
mextraccion_autoservicio_lag3	0.000260072997531224	0.000182791056405306	0.000785413744740533
mtransferencias_recibidas_delta1	0.000258529247877058	0.00050133237722978	0.000757363253856943
ctransferencias_emitidas_lag6	0.000256815439863358	0.00134875735790388	0.00061711079943899
cextraccion_autoservicio_delta6	0.000253689386112307	0.00116060612687971	0.000757363253856943
cpagomiscuentas_delta3	0.000252078236845217	0.000443498992769063	0.000561009817671809
mtarjeta_visa_consumo_lag1	0.000251633960095966	0.000285710064769505	0.000785413744740533
Visa_mconsumosdolares_lag1	0.000249070213593771	0.000106636737345586	0.000785413744740533
Master_msaldototal_delta3	0.000248991958135951	0.000201585613188665	0.000757363253856943
Master_mfinanciacion_limite_delta6	0.000248436661830914	0.00016374420783616	0.000757363253856943
mcuenta_debitos_automaticos_delta3	0.000246821084702614	0.00137095828899559	0.000785413744740533
cproductos_lag3	0.000244926552037659	0.000640102558160235	0.000673211781206171
Visa_mconsumototal_lag6	0.000243158296276611	0.000157282106255415	0.000645161290322581
Master_mpagominimo_delta1	0.000242990712763702	0.00231474592451937	0.0005890603085554
mtarjeta_master_consumo_lag1	0.000242178190557665	0.00411692023956378	0.000701262272089762
Visa_msaldodolares_delta6	0.000241563319877042	0.00269645531412472	0.000813464235624124
Master_mpagominimo_lag1	0.000240956676252838	0.00072422601499771	0.00061711079943899
matm_delta3	0.000238287193849393	0.000596985655717749	0.000785413744740533
Visa_mconsumosdolares_delta3	0.000238147284819553	0.000103748002615475	0.000729312762973352
mautoservicio_delta3	0.000238036286854883	0.000355109827699357	0.0005890603085554
matm_delta6	0.000237948678798569	0.000935978775770612	0.000673211781206171
Visa_mlimitecompra_delta3	0.000235550340714646	0.00112094434117042	0.00061711079943899
Master_mpagospesos	0.000233764672980341	0.000229214112762174	0.000392706872370266
mtransferencias_recibidas_lag3	0.000231118574596766	0.00168149117967941	0.000673211781206171
Master_msaldopesos_lag1	0.000228847066373644	0.000312280530432092	0.000645161290322581
ctarjeta_debito_transacciones_lag6	0.000228519334543053	0.00277341152067904	0.000869565217391304
Master_status_delta1	0.000228059423582566	0.000159457734336198	0.000168302945301543
ctransferencias_emitidas_lag3	0.000227517182612219	0.000663291766784431	0.0005890603085554
mcheques_depositados	0.000226912338060748	0.00275044501022554	0.000420757363253857
Master_msaldopesos_delta3	0.000225128340413287	0.000361154137067069	0.000645161290322581
Master_msaldopesos_lag6	0.000224582539432432	0.00056139125128242	0.000673211781206171
cliente_vip_lag1	0.000220942057433327	0.000452795118194879	0.000280504908835905
minversion2	0.000219750551134525	0.00602671136285352	0.000561009817671809
tmobile_app_delta1	0.000218855221110036	9.18302310528797e-05	0.000420757363253857
mcheques_emitidos_rechazados_lag1	0.000218107935760068	0.00135506415517687	0.000364656381486676
mtarjeta_master_consumo_lag6	0.000217140644789091	5.13543722427784e-05	0.000224403927068724
Master_mpagospesos_delta6	0.000213509999365963	0.000131874371242847	0.000645161290322581
mcuenta_debitos_automaticos_lag3	0.000213416425151523	0.00526137446975048	0.000701262272089762
tmobile_app_delta3	0.000213288130179278	0.000273417647987306	0.000504908835904628
internet_delta1	0.000210796519595731	0.000165698629861293	0.000448807854137447
mtransferencias_recibidas_lag6	0.00021058980204482	0.000500330546318946	0.000532959326788219
Master_mpagospesos_delta3	0.000209928528971408	0.0012786668700504	0.0005890603085554
Visa_delinquency_delta6	0.000209165211236374	5.36661558215586e-05	0.000224403927068724
Master_mconsumospesos_delta6	0.000209136671706643	0.000131864423809204	0.000504908835904628
matm_other_delta6	0.000209036542205054	0.000392624459856669	0.000561009817671809
cextraccion_autoservicio	0.000208091914054591	0.000930874871910985	0.000224403927068724
Master_mpagominimo_lag6	0.00020378869667467	0.00062331974548838	0.000645161290322581
Visa_mfinanciacion_limite_delta1	0.00020203886262206	0.002975484931145	0.000673211781206171
Visa_mpagado	0.000201937391386832	0.000946873205097119	0.0005890603085554
mplazo_fijo_dolares	0.000201748897298656	0.00182026247969615	0.000308555399719495
Master_msaldototal_lag6	0.00020148329348383	0.00027399310702359	0.000476858345021038
ctransferencias_recibidas_delta6	0.00019965127354907	0.000431258800013493	0.00061711079943899
Master_mfinanciacion_limite_delta3	0.000199484902783911	0.000225400515389046	0.000476858345021038
tcallcenter	0.000198146923755997	0.000118991947302661	0.000308555399719495
ctarjeta_debito_transacciones_delta3	0.000197179577265007	0.00016026310343257	0.000561009817671809
cliente_edad_delta6	0.000197099092874962	6.18318797566964e-05	0.0005890603085554
ctarjeta_debito_transacciones_delta1	0.000196784953633326	0.000561769253760878	0.000673211781206171
Master_mpagominimo_delta3	0.000196267265407156	0.000333884118133493	0.000420757363253857
Visa_status_lag1	0.000195929785327882	0.00120765599589904	0.000336605890603086
mcheques_emitidos	0.000194497998228505	0.003550804952044	0.000392706872370266
internet_lag1	0.00019386656183421	0.000574889794393909	0.000476858345021038
Visa_mconsumototal_lag3	0.000192655686061098	0.000248051070481439	0.000532959326788219
Master_msaldopesos_lag3	0.000191934179942858	0.000140105375211271	0.000532959326788219
ctransferencias_emitidas_delta6	0.000190737048737725	0.000334765336411399	0.000561009817671809
ctransferencias_recibidas	0.000190264300036132	0.000187278343721949	0.000448807854137447
ctransferencias_emitidas	0.000188113737393682	0.000215289695147816	0.000448807854137447
tmobile_app_lag1	0.000187984939376474	0.000556056815648101	0.000448807854137447
Master_mlimitecompra_delta3	0.00018771623877872	0.00160474026328692	0.000645161290322581
Master_mpagospesos_lag3	0.000187288044887273	9.30096236542529e-05	0.000532959326788219
mextraccion_autoservicio_delta1	0.000187233128304263	0.000245756819254456	0.0005890603085554
mcheques_emitidos_rechazados	0.000187047040083301	0.000773653445000796	0.000364656381486676
ctarjeta_visa_debitos_automaticos	0.000185720731474206	0.000144994414504197	0.00061711079943899
Visa_mfinanciacion_limite_delta3	0.000185635781087992	9.46341639111787e-05	0.000532959326788219
mtransferencias_emitidas_lag3	0.000183630812668597	0.000338024115673053	0.00061711079943899
Master_mconsumospesos_delta1	0.000183160760613274	0.00179954831690541	0.000532959326788219
Visa_Fvencimiento_delta6	0.000181746220609542	7.45790185993298e-05	0.000364656381486676
mprestamos_prendarios_delta6	0.000181625771904942	0.000694282871958249	0.000280504908835905
Visa_mfinanciacion_limite_delta6	0.00018104757976358	0.000451189851090638	0.000561009817671809
ctarjeta_debito_transacciones_delta6	0.000180680918029175	0.000440579794023418	0.00061711079943899
ccomisiones_otras_delta1	0.000179483847671732	0.000218950102042832	0.0005890603085554
mttarjeta_master_debitos_automaticos_delta6	0.000176972435791555	0.000677216681770471	0.000561009817671809
Master_msaldototal_lag3	0.000174113190751766	0.000398642657211067	0.000532959326788219
mpagomiscuentas_lag1	0.000173663464068345	0.00229777846261051	0.000504908835904628
Master_status	0.000173367929358622	0.000132040990756378	0.000336605890603086
ctransferencias_recibidas_lag3	0.000173222823319114	0.000492018346423406	0.000476858345021038
ctransferencias_emitidas_delta1	0.000172737612337512	0.000576482254177334	0.000448807854137447
Master_msaldototal_delta1	0.000170395405827583	0.00023580416320816	0.000561009817671809
Master_msaldopesos_delta6	0.000167754674378564	0.000213869201623506	0.0005890603085554
Visa_msaldodolares_delta3	0.00016650866341038	0.000918343219349656	0.000504908835904628
ctransferencias_recibidas_lag6	0.000165701206984892	0.000423754829101498	0.000476858345021038
cpayroll_trx_delta3	0.000163440488992105	0.00215924503060077	0.000280504908835905
mcuenta_debitos_automaticos_lag1	0.000161610694624721	0.00027369667350101	0.000504908835904628
mpagomiscuentas_delta3	0.000160474164074195	0.000323539781887479	0.000561009817671809
Master_delinquency	0.000160385775092451	0.000233814179107751	8.41514726507714e-05
catm_trx_lag3	0.000160081057709122	0.00120356896844364	0.000504908835904628
ccomisiones_mantenimiento_lag1	0.000159816018067353	0.000258626684559668	0.000392706872370266
mextraccion_autoservicio_delta3	0.000159039909699104	0.000747740131673291	0.000504908835904628
mextraccion_autoservicio_delta6	0.000157802573873098	0.000277451954044402	0.000561009817671809
ctransferencias_recibidas_delta3	0.000157698739952887	0.00200474086953326	0.000561009817671809
ctarjeta_visa	0.000157568239882766	0.000242746974519734	0.000280504908835905
matm_lag1	0.000156248342152707	0.000304575497017575	0.000504908835904628
cplazo_fijo_delta6	0.000154536314424665	0.000789592963985513	0.000364656381486676
ccaja_seguridad_delta3	0.000154455409989272	0.00128643805389865	0.000252454417952314
Visa_msaldodolares	0.000153420343663871	0.000292517217954763	0.000420757363253857
Visa_mlimitecompra_delta1	0.000152661283584757	0.000179889016982697	0.000504908835904628
Master_mpagospesos_delta1	0.000152026766670973	0.000425033944725148	0.000532959326788219
cpayroll_trx_delta1	0.000151411764200421	0.00014345181623191	0.000280504908835905
Visa_mpagado_delta6	0.000150810121303012	0.000462937645880847	0.000420757363253857
ctarjeta_visa_debitos_automaticos_delta1	0.000150297752623104	0.000316593115945369	0.000392706872370266
mpagomiscuentas_lag6	0.000149908471811225	8.11522827510425e-05	0.000448807854137447
ccallcenter_transacciones_lag1	0.000149262699476696	0.000216957879769854	0.000448807854137447
ccajas_otras_lag1	0.000145759672691115	0.000630022823649142	0.000392706872370266
mttarjeta_master_debitos_automaticos_delta3	0.000145363285037214	0.00168423045421903	0.000448807854137447
catm_trx_delta3	0.000143174832509772	0.00013467693632902	0.000420757363253857
ccaja_ahorro_lag3	0.000142478439943918	0.000113951333989591	0.000308555399719495
mtransferencias_recibidas_delta3	0.000142410817129328	0.000197607758817497	0.000448807854137447
ctarjeta_master_transacciones_delta6	0.000140956248878904	0.000261076364437333	0.000392706872370266
ctarjeta_debito_delta6	0.000140567149488481	0.0028171976367199	0.000448807854137447
Master_cconsumos_delta6	0.000138959112706948	0.000314823840528928	0.000504908835904628
mcaja_ahorro_adicional	0.000138428335217192	0.00043683682342916	0.000336605890603086
matm_other_lag6	0.000138240735898512	0.0013889355397622	0.000420757363253857
ccuenta_debitos_automaticos	0.000137823202971109	0.000619007035632183	0.000336605890603086
matm_other_delta3	0.000137799626033215	0.000556279638161718	0.000448807854137447
Master_mpagominimo_lag3	0.000137675583950019	5.45069626502867e-05	0.000252454417952314
Master_cconsumos_lag3	0.000136874895638395	0.000255670680309542	0.000420757363253857
mpagomiscuentas_delta1	0.000136768447791124	0.000110992221166451	0.000308555399719495
Master_status_lag1	0.000136766932487345	0.000405939099788672	0.000196353436185133
mtarjeta_master_consumo_lag3	0.000136464652937298	5.99442298798965e-05	0.000364656381486676
Master_msaldopesos_delta1	0.000135900123485916	0.000450266977934349	0.000420757363253857
matm_other_lag1	0.000135282216589652	0.000455041248711611	0.000448807854137447
ctarjeta_master_transacciones_lag3	0.000133919283559288	0.000285376950085364	0.000448807854137447
mextraccion_autoservicio_lag1	0.000133899590779046	0.000270524561254976	0.000392706872370266
cextraccion_autoservicio_lag1	0.000133826670009309	9.23135519850397e-05	0.000364656381486676
ctarjeta_debito_transacciones_lag1	0.000133597503586214	0.000184279441164235	0.000420757363253857
Visa_fultimo_cierre_delta1	0.00013287966459285	0.000402424547139456	0.000420757363253857
Visa_mconsumototal_delta6	0.000132474319710243	6.0164565535103e-05	0.000420757363253857
ccajas_depositos_lag1	0.000131548969061544	0.00156575055106317	0.000308555399719495
mautoservicio_delta1	0.000130867747198943	0.000217534333549502	0.000448807854137447
Visa_status_lag6	0.000130857631340478	0.00104264908570475	0.000308555399719495
Master_fechaalta_delta3	0.000130790449881947	5.64514372417759e-05	0.000392706872370266
Master_mconsumospesos_delta3	0.000130310562372264	0.000162656953338911	0.000448807854137447
cextraccion_autoservicio_delta3	0.000129958221155868	0.000406179703339927	0.000392706872370266
Visa_mpagosdolares	0.000129764357329095	0.000450521259206865	0.000392706872370266
ccaja_ahorro_lag1	0.000129223733449217	0.000308212651786449	0.000280504908835905
Master_msaldototal_delta6	0.000128749959870623	0.000475689758440303	0.000392706872370266
Visa_mconsumototal_lag1	0.000128615607889322	0.000300668393768197	0.000420757363253857
ctarjeta_visa_delta3	0.000127172618365576	8.0100963357831e-05	0.000168302945301543
Master_cconsumos_lag6	0.000127079924059215	0.000223817754353423	0.000392706872370266
ccajas_transacciones_lag6	0.000126935150578975	0.00083561911774	0.000336605890603086
ccuenta_debitos_automaticos_lag6	0.000126530241724749	5.17700506261617e-05	0.000364656381486676
Master_fultimo_cierre_delta1	0.000126523416408448	0.000197643196549853	0.000392706872370266
ctarjeta_debito_lag1	0.000125854596258569	0.000689529490791639	0.000364656381486676
ccheques_emitidos_rechazados_delta3	0.000125564110505148	0.0015038976573529	0.000168302945301543
ccajas_consultas	0.000125491339471203	0.000634384151587272	0.000364656381486676
mpagomiscuentas_lag3	0.00012494261583837	0.000145523369288197	0.000392706872370266
thomebanking_delta6	0.00012436567682295	0.000425748916518285	0.000252454417952314
mprestamos_hipotecarios	0.000123328533263945	0.00337378290978032	0.000280504908835905
cextraccion_autoservicio_lag3	0.000123140369772208	0.000265497252634404	0.000364656381486676
mcuenta_debitos_automaticos_delta1	0.000121549391093953	0.000557450948473256	0.000392706872370266
Visa_fechaalta_delta3	0.000120677366295782	0.000719744074426651	0.000336605890603086
ccajas_consultas_lag3	0.00012034979625836	0.000157491997105295	0.000392706872370266
catm_trx_other_lag1	0.000119535630884273	0.000298550833831309	0.000336605890603086
internet_lag6	0.000119531484548783	3.99372052782986e-05	0.000308555399719495
mextraccion_autoservicio	0.000119116499092667	0.000545724167636618	0.000308555399719495
tpaquete4_lag1	0.000119099360793815	0.00039583685920896	0.000224403927068724
Visa_mpagado_delta3	0.000119005122582456	0.000243394676792855	0.000364656381486676
catm_trx_other_lag3	0.000118940440646111	0.000151469323405758	0.000308555399719495
cextraccion_autoservicio_delta1	0.000118526991524082	0.000467768617029878	0.000364656381486676
Visa_mconsumototal	0.000117400147813742	0.000338559909317683	0.000280504908835905
Visa_mpagosdolares_lag6	0.000116821796402849	0.000908683142195404	0.000364656381486676
Visa_Fvencimiento_delta3	0.000116385291333752	7.69483729503226e-05	0.000336605890603086
Master_mconsumospesos_lag3	0.000116295770921447	0.000192275312669907	0.000392706872370266
ccajas_consultas_delta3	0.000116126875678138	0.000889121265249359	0.000392706872370266
mcheques_depositados_delta3	0.00011511575782607	0.00195757747542746	0.000336605890603086
mplazo_fijo_dolares_delta1	0.000115084565112704	0.00157042783436241	0.000336605890603086
catm_trx_other_lag6	0.00011389754387755	0.000340464221145836	0.000364656381486676
Master_cconsumos_lag1	0.000113829946299328	0.000298944876546517	0.000336605890603086
matm_delta1	0.000113808052907676	0.000183725866481966	0.000336605890603086
mcheques_depositados_lag1	0.000112782635007099	0.00105742301415227	0.000392706872370266
internet_delta6	0.000112651345599424	0.00019856134467516	0.000308555399719495
Visa_msaldodolares_lag1	0.000112342123243756	0.000151880774129843	0.000336605890603086
Visa_delinquency_lag1	0.000111832258852903	5.1743689927006e-05	0.000140252454417952
ctransferencias_recibidas_delta1	0.000111281369378769	0.00153393567404074	0.000364656381486676
mcajeros_propios_descuentos_delta1	0.00011066937255981	0.00021308136487893	0.000280504908835905
cpagomiscuentas_lag6	0.000110512782850616	0.000938635983982668	0.000280504908835905
cpagomiscuentas_lag3	0.000110485809658211	0.000202635689152671	0.000308555399719495
Visa_mconsumototal_delta1	0.00010862632077659	7.24850838173451e-05	0.000308555399719495
ccaja_ahorro_lag6	0.00010775383359205	0.000490288860741539	0.000280504908835905
ctarjeta_debito_lag6	0.000107180047720783	0.000762462209122948	0.000336605890603086
ctarjeta_visa_delta6	0.000106531549017148	5.48067534317217e-05	0.000196353436185133
Master_cconsumos_delta1	0.000105725287954356	0.000322427534463201	0.000364656381486676
cpagomiscuentas_lag1	0.000105694740731238	0.000131492389790932	0.000280504908835905
Visa_mpagosdolares_delta3	0.000105592356219843	0.000498676661132771	0.000336605890603086
Visa_mpagado_lag6	0.0001055502953238	0.000190917736663392	0.000308555399719495
ctarjeta_debito_lag3	0.000105025579890373	0.000240547721284047	0.000224403927068724
mtarjeta_visa_descuentos_delta6	0.000105014275118506	0.00416936671567771	0.000392706872370266
ctransferencias_emitidas_lag1	0.000104865574017978	0.000284587869911583	0.000280504908835905
mplazo_fijo_dolares_lag6	0.000103196758525231	0.000268513065829313	0.000280504908835905
Visa_mpagosdolares_delta1	0.000103011997456895	0.000129864616618072	0.000336605890603086
mttarjeta_master_debitos_automaticos_lag3	0.000102899780855987	0.000314723620134969	0.000308555399719495
ccheques_emitidos_rechazados_lag1	0.000102633385179971	0.000860525502096928	0.000140252454417952
Visa_fechaalta_delta6	0.000102531192184578	0.000297246725280629	0.000308555399719495
cpagomiscuentas_delta1	0.00010226447937152	0.00110512593219031	0.000280504908835905
thomebanking_delta3	0.000101897624438687	0.00010699322849879	0.000308555399719495
Master_mconsumospesos_lag1	0.000101411565234669	6.92214551817897e-05	0.000336605890603086
mforex_sell_delta6	0.000101215350219483	0.00124643544424414	0.000336605890603086
mpagodeservicios_delta3	0.000100607454030145	0.000540255068619349	0.000140252454417952
Master_mfinanciacion_limite_delta1	0.000100366153960651	0.000273582899728711	0.000308555399719495
catm_trx_lag1	9.89889985537141e-05	7.5459739505553e-05	0.000308555399719495
Master_cconsumos_delta3	9.86222745695983e-05	0.000527990504651352	0.000336605890603086
cextraccion_autoservicio_lag6	9.84845913875382e-05	9.5830218463905e-05	0.000364656381486676
minversion2_delta1	9.83625328829756e-05	0.00189206653733767	0.000280504908835905
ctarjeta_debito	9.7650092790235e-05	0.000387696874258375	0.000308555399719495
Visa_msaldodolares_lag6	9.67627685833267e-05	0.000207091766396257	0.000308555399719495
ccuenta_debitos_automaticos_lag3	9.65608501486594e-05	0.000758377544183031	0.000308555399719495
cprestamos_personales_lag6	9.60076661277398e-05	0.000339326856451607	0.000280504908835905
ccajas_transacciones_delta6	9.58990302872439e-05	0.000480597946542992	0.000308555399719495
Master_fultimo_cierre_delta6	9.58932808814902e-05	0.000239977235964585	0.000308555399719495
ccajas_consultas_delta1	9.57729409736826e-05	0.000450639136295542	0.000308555399719495
cpagodeservicios_delta6	9.3302876361103e-05	0.00101179438471477	0.000308555399719495
mforex_buy_delta1	9.30592971670497e-05	0.000895145804092705	0.000280504908835905
matm_other_delta1	9.24858031964547e-05	0.000118055645110954	0.000336605890603086
mprestamos_prendarios_lag1	9.23077283639847e-05	0.00155886021246407	0.000140252454417952
mplazo_fijo_dolares_lag1	9.17918790279305e-05	0.00031856768152363	0.000224403927068724
ccajas_depositos_lag6	9.04966459232855e-05	0.0016343736681113	0.000364656381486676
catm_trx_other_delta6	9.03129773093396e-05	0.000102621082726572	0.000308555399719495
matm_lag3	9.02652985170681e-05	6.63855661929105e-05	0.000308555399719495
Visa_Finiciomora_lag3	8.96332856119352e-05	0.000647128679228574	0.000252454417952314
ccomisiones_mantenimiento_lag6	8.94159354177941e-05	9.32428909731961e-05	0.000252454417952314
cseguro_vida_lag6	8.86642314599508e-05	0.000244491257009145	0.000280504908835905
Master_Fvencimiento_delta6	8.82627393297359e-05	7.61249741304709e-05	0.000280504908835905
mforex_buy_delta6	8.82013008276644e-05	0.00238464430256061	0.000336605890603086
matm_lag6	8.69385763728464e-05	0.000105621228713492	0.000336605890603086
ccuenta_debitos_automaticos_delta1	8.6567698201926e-05	0.00167077543112973	0.000308555399719495
Visa_msaldodolares_delta1	8.60557834962629e-05	0.000118325966620219	0.000252454417952314
Master_fechaalta_delta6	8.59262065164528e-05	1.6074182367667e-05	0.000252454417952314
mforex_sell_delta3	8.55081778345934e-05	6.6654022558368e-05	0.000224403927068724
mcheques_depositados_rechazados_delta3	8.4940653386974e-05	0.00135716468013364	0.000252454417952314
ccajas_extracciones	8.48691609957444e-05	0.000791091171835164	0.000252454417952314
cpagomiscuentas	8.47807237844945e-05	0.000675053612324663	0.000224403927068724
matm_other	8.47329659182656e-05	0.000210658916100864	0.000252454417952314
matm_other_lag3	8.44552054639034e-05	6.18803734957091e-05	0.000280504908835905
ctransferencias_recibidas_lag1	8.43165237628281e-05	6.20583082150096e-05	0.000224403927068724
mpagodeservicios_lag6	8.42545729624581e-05	0.000163241365065474	0.000280504908835905
minversion2_lag6	8.40956516931376e-05	0.00037567664412925	0.000280504908835905
Visa_mpagado_lag3	8.37445801465255e-05	0.000777260135754136	0.000308555399719495
cliente_vip	8.36971963393718e-05	7.87525887274366e-06	5.61009817671809e-05
Master_Fvencimiento_delta3	8.36186882374536e-05	4.80687349102864e-05	0.000196353436185133
ccheques_emitidos	8.33534523128122e-05	0.00100435208789136	0.000140252454417952
catm_trx_delta1	8.30254036255843e-05	0.000839609406403222	0.000280504908835905
Visa_mconsumototal_delta3	8.24263101622911e-05	7.51393077993074e-05	0.000280504908835905
Master_msaldodolares_lag6	8.15122289545423e-05	0.000198241907712279	0.000280504908835905
ccajas_transacciones_lag1	8.13881672430588e-05	0.000130565537661186	0.000112201963534362
Visa_mpagosdolares_lag3	8.10770243996807e-05	0.000666426078782619	0.000308555399719495
mttarjeta_master_debitos_automaticos_lag6	8.1040186590888e-05	0.000201824600281954	0.000308555399719495
mcheques_emitidos_rechazados_lag3	8.07597715508708e-05	0.00116239193990458	0.000224403927068724
mcheques_depositados_lag6	8.02737987113171e-05	0.00220990581803274	0.000308555399719495
tpaquete4_delta6	7.95728128458313e-05	0.00185600423049233	0.000224403927068724
ctarjeta_debito_delta1	7.94753244705001e-05	0.00182013154660082	0.000196353436185133
ccajas_transacciones_delta3	7.94664036943273e-05	0.000170156447905766	0.000252454417952314
Visa_mpagosdolares_delta6	7.90271377664196e-05	5.25782796097068e-05	0.000224403927068724
ctarjeta_master_transacciones_delta1	7.81486636738499e-05	9.06431291904327e-05	0.000224403927068724
ccaja_seguridad_delta6	7.76094224666104e-05	0.000423652992249571	0.000168302945301543
ccajas_extracciones_lag1	7.59735920302637e-05	0.00185174772363622	0.000308555399719495
ctarjeta_debito_delta3	7.52309955977267e-05	0.000258897627783536	0.000140252454417952
ccajas_extracciones_delta3	7.48314233944136e-05	0.000151798459116441	0.000280504908835905
catm_trx_lag6	7.42430881953885e-05	0.000102558538237538	0.000252454417952314
cseguro_accidentes_personales_lag1	7.40734302529159e-05	0.000280320793907226	0.000196353436185133
mpagodeservicios_delta6	7.2643615516008e-05	0.000440070982792546	0.000224403927068724
Visa_mpagosdolares_lag1	7.25616522747172e-05	0.000203161535363658	0.000280504908835905
minversion2_delta6	7.23722491164352e-05	0.000577419675455326	0.000252454417952314
mcajeros_propios_descuentos	7.20018002441985e-05	0.000370348549983879	0.000224403927068724
mprestamos_prendarios_delta1	7.1983972712058e-05	0.00215611034557382	0.000224403927068724
Master_status_delta3	7.17614849539188e-05	0.000221221722858276	0.000196353436185133
mcaja_ahorro_adicional_delta3	7.12915534723614e-05	0.000308613160333526	0.000252454417952314
mforex_buy_lag1	7.12125827036712e-05	0.00234170259929317	0.000280504908835905
thomebanking_lag6	7.12018488345602e-05	8.60041435107244e-05	0.000224403927068724
ccallcenter_transacciones_lag6	7.10589072343331e-05	0.000496129620748319	0.000280504908835905
mforex_buy_lag6	7.01916190222903e-05	0.000316876493461292	0.000168302945301543
ccajas_consultas_lag1	6.99917853921381e-05	0.000361920959858073	0.000280504908835905
tmobile_app_lag3	6.9669031856015e-05	3.41047762471956e-05	0.000224403927068724
ccomisiones_mantenimiento_lag3	6.94822319694369e-05	0.000161493849660129	0.000224403927068724
ccajeros_propios_descuentos_lag3	6.9386729135568e-05	9.22084822171789e-05	0.000112201963534362
mforex_sell	6.89124154986692e-05	0.000285980883650453	0.000196353436185133
cpayroll_trx_delta6	6.88922937001478e-05	0.000103698016761416	0.000196353436185133
mprestamos_prendarios_lag6	6.88411998662905e-05	0.000276494637899123	0.000168302945301543
ctarjeta_master_transacciones_lag6	6.87115956872824e-05	2.16641427037066e-05	0.000168302945301543
cseguro_vida_lag1	6.86755312330092e-05	0.000585855099185127	0.000224403927068724
Visa_mpagado_lag1	6.75909870426045e-05	0.000990409764896446	0.000252454417952314
Master_Fvencimiento_delta1	6.74897179787356e-05	3.40196013466219e-05	0.000168302945301543
ccheques_depositados_delta6	6.72622777233069e-05	0.0005446758324735	0.000196353436185133
mcheques_depositados_delta6	6.61122625394074e-05	0.000578543984142898	0.000252454417952314
matm	6.60168314889891e-05	3.65528396668936e-05	0.000224403927068724
mforex_buy_delta3	6.57178309845376e-05	0.000283588028487477	0.000224403927068724
catm_trx_delta6	6.55237509662007e-05	0.000235161434651861	0.000196353436185133
cprestamos_hipotecarios	6.46659437777311e-05	0.000731513504885036	8.41514726507714e-05
Master_msaldodolares_delta6	6.46569871098329e-05	0.00136937080292898	0.000252454417952314
mtarjeta_master_consumo_delta1	6.45078485789017e-05	0.000196885077763287	0.000224403927068724
thomebanking_lag1	6.39973179478971e-05	3.56130558734114e-05	0.000168302945301543
Master_mpagado	6.35513374633089e-05	0.000125196907723718	0.000196353436185133
mprestamos_hipotecarios_lag1	6.35219065289302e-05	0.000593555656254504	8.41514726507714e-05
ccajas_depositos	6.31444565270184e-05	0.00158951111540728	0.000168302945301543
mcaja_ahorro_adicional_delta1	6.26028559996457e-05	0.000701643972854537	0.000224403927068724
mprestamos_prendarios_lag3	6.20654553649466e-05	0.00112375871883404	0.000196353436185133
mplazo_fijo_dolares_lag3	6.16949411585536e-05	0.000149879101794903	0.000196353436185133
thomebanking_delta1	6.15629521426387e-05	0.00012260746640336	0.000196353436185133
cpayroll_trx_lag3	6.1072788944151e-05	7.47947535664761e-06	0.000112201963534362
mcheques_emitidos_lag6	6.10180394819865e-05	0.000465367803919987	0.000196353436185133
Master_status_delta6	6.04464211344449e-05	0.00086476646608797	0.000168302945301543
cliente_antiguedad_delta3	6.03661136793898e-05	0.00498812530642051	0.000280504908835905
ctarjeta_master_debitos_automaticos_delta3	6.02353085296031e-05	0.000825025846967054	0.000224403927068724
catm_trx_other_delta3	5.97092297714215e-05	9.1947486426954e-05	0.000224403927068724
Master_delinquency_delta6	5.96674232019014e-05	7.1538709849074e-05	0.000140252454417952
ccajas_otras_delta3	5.96467192844595e-05	0.000257225837216803	0.000196353436185133
Master_cconsumos	5.94379466518677e-05	7.05800259316688e-05	0.000196353436185133
Master_mpagosdolares_lag6	5.93271940407887e-05	0.000651398490777183	0.000224403927068724
Master_mpagado_delta1	5.92951491793501e-05	0.000170791467200991	0.000196353436185133
cforex_sell_delta6	5.92878777401185e-05	2.96089092690351e-05	0.000140252454417952
Master_mconsumosdolares_delta1	5.89951538011367e-05	0.000183117705257579	0.000168302945301543
Master_mconsumospesos	5.8782557017371e-05	0.000358380792567224	0.000196353436185133
mforex_sell_lag1	5.86539620127341e-05	0.000129169415349303	0.000196353436185133
tcallcenter_delta1	5.85808258926453e-05	5.12612393952898e-05	0.000140252454417952
Master_Finiciomora_lag3	5.85103395913418e-05	0.000315485966580832	0.000168302945301543
mcheques_emitidos_delta3	5.83575928203969e-05	0.00116781751889966	0.000196353436185133
ctarjeta_visa_descuentos_delta3	5.74371024160371e-05	0.00039959164238067	0.000196353436185133
mtarjeta_master_descuentos_lag1	5.67776157971731e-05	0.00397436182721599	0.000280504908835905
Master_msaldodolares_delta1	5.63575583916194e-05	4.59872344203562e-05	0.000140252454417952
catm_trx	5.62781058886782e-05	0.000201988484251233	0.000196353436185133
Visa_Finiciomora_lag6	5.59702219017997e-05	0.00165873468441871	0.000168302945301543
Master_mlimitecompra_delta1	5.57942461744541e-05	1.21984135342665e-05	0.000168302945301543
mforex_sell_lag6	5.56851829981033e-05	0.00121663504687747	0.000196353436185133
Master_mpagado_delta6	5.54380151923238e-05	0.0003085524809883	0.000196353436185133
Master_mpagosdolares_lag3	5.53163851452325e-05	0.00249547549964495	0.000252454417952314
cseguro_vivienda_lag6	5.52623577236365e-05	0.000457986808156411	0.000196353436185133
mcaja_ahorro_adicional_lag1	5.49970943193928e-05	6.23803563792222e-05	0.000140252454417952
ccheques_depositados_rechazados	5.49469608695927e-05	7.1452540205136e-05	8.41514726507714e-05
mforex_sell_delta1	5.48804162087827e-05	8.14009685921333e-05	0.000196353436185133
cseguro_vida_lag3	5.46853502896152e-05	0.00102387255864487	0.000196353436185133
active_quarter_lag3	5.46644032618148e-05	0.000128789174698275	8.41514726507714e-05
mcheques_depositados_rechazados_lag1	5.45279490909438e-05	0.00124024863788949	0.000196353436185133
thomebanking_lag3	5.37128020220877e-05	1.87422084138099e-05	0.000140252454417952
ccajas_depositos_delta1	5.3698637128357e-05	0.000669343661070297	0.000168302945301543
mcheques_depositados_delta1	5.36983326094998e-05	0.000876664094097437	0.000196353436185133
Visa_delinquency_delta1	5.32283618713678e-05	3.67363698176186e-05	0.000140252454417952
mcheques_emitidos_delta6	5.32134424101926e-05	0.000691654138274998	0.000196353436185133
Visa_fultimo_cierre_delta6	5.26552461659094e-05	0.000114833795696701	0.000196353436185133
Visa_msaldodolares_lag3	5.25468548377924e-05	0.000213333159293034	0.000196353436185133
tcuentas_lag3	5.24095016913631e-05	0.000574754633639276	0.000140252454417952
Visa_fultimo_cierre_delta3	5.09093918887508e-05	0.000371114253688598	0.000168302945301543
internet_lag3	5.07478695909591e-05	8.56682932823313e-05	0.000168302945301543
mprestamos_hipotecarios_lag3	5.06630630520511e-05	0.000857132681166926	0.000112201963534362
cprestamos_hipotecarios_lag3	5.03422353313161e-05	0.000233142478650965	5.61009817671809e-05
ccuenta_debitos_automaticos_lag1	5.00169901243225e-05	0.00123876199393145	0.000224403927068724
ctarjeta_visa_descuentos_lag3	4.98295366157774e-05	5.21732947174904e-05	0.000168302945301543
ctarjeta_master_debitos_automaticos_delta6	4.96647666776502e-05	0.000363115149266991	0.000140252454417952
active_quarter_delta6	4.9131615286747e-05	2.2987897435833e-05	8.41514726507714e-05
minversion1_dolares_delta3	4.9023113759817e-05	0.0021570186706084	0.000168302945301543
mplazo_fijo_pesos_delta6	4.86381548163973e-05	0.00320302327436699	0.000224403927068724
ccheques_emitidos_delta3	4.83285485875105e-05	0.000254476366557703	0.000112201963534362
Master_mconsumototal_lag3	4.75362443586036e-05	1.91688289742012e-05	0.000168302945301543
mtarjeta_master_descuentos_lag3	4.75057812567171e-05	2.0882274419317e-05	8.41514726507714e-05
minversion1_dolares_delta6	4.67428900163262e-05	0.00227426223210527	0.000140252454417952
mtarjeta_visa_descuentos_delta1	4.67013175842332e-05	0.000550226997818329	0.000140252454417952
Master_mconsumototal_delta1	4.61866330468281e-05	9.28980880545237e-05	0.000140252454417952
Visa_fechaalta_delta1	4.60784666028027e-05	8.3431985856322e-05	0.000112201963534362
cprestamos_prendarios_lag1	4.58836384663156e-05	0.000343853063102381	5.61009817671809e-05
minversion2_lag3	4.56940729540572e-05	0.000329389121555777	0.000140252454417952
mcheques_depositados_rechazados_lag3	4.55988272507519e-05	0.000541429611846821	0.000112201963534362
ccheques_emitidos_rechazados_delta1	4.54042282044179e-05	0.00174759946115951	0.000140252454417952
ccajas_transacciones_delta1	4.53375649326718e-05	0.0001045972647628	0.000112201963534362
mtarjeta_visa_descuentos_lag3	4.48805998977035e-05	0.000201993209282213	0.000140252454417952
ccajas_otras_delta6	4.4559399800318e-05	0.00111310626083092	0.000168302945301543
mpagodeservicios_lag1	4.44923722836405e-05	0.000497018299601457	0.000140252454417952
tpaquete3_lag6	4.33270232012996e-05	0.000261355762979798	0.000112201963534362
ccajeros_propios_descuentos_delta3	4.24133101641396e-05	0.000125481031297164	0.000112201963534362
cforex_buy_delta3	4.1888565007878e-05	0.000716022117785965	0.000168302945301543
catm_trx_other	4.16967010231769e-05	0.000108359384166822	0.000112201963534362
mcaja_ahorro_adicional_lag6	4.1608258203845e-05	0.00017586826430394	0.000140252454417952
Master_mconsumosdolares_lag3	4.10596195334555e-05	3.29098407807541e-05	0.000168302945301543
ctarjeta_visa_descuentos_delta1	4.06859810645328e-05	3.49573956533754e-05	8.41514726507714e-05
tcallcenter_lag6	4.0399867932713e-05	1.99474643426566e-05	0.000140252454417952
Master_mconsumototal_delta3	4.03346790257471e-05	3.59196855154764e-05	0.000112201963534362
tpaquete3_lag1	3.9180111761619e-05	8.18063265131113e-05	0.000140252454417952
mcheques_emitidos_rechazados_delta3	3.8849615146561e-05	0.00104904143090707	0.000112201963534362
cplazo_fijo_lag6	3.87683192670383e-05	2.65901118440336e-05	0.000112201963534362
mtarjeta_visa_descuentos_lag6	3.87103039382716e-05	0.00219478037214884	0.000196353436185133
tcuentas_lag1	3.86582286900495e-05	0.000187271007489637	8.41514726507714e-05
Master_fechaalta_delta1	3.82099954388877e-05	1.07223387244719e-05	0.000112201963534362
cliente_vip_delta1	3.81323969678838e-05	4.84232365767614e-05	0.000112201963534362
ccallcenter_transacciones_lag3	3.80139542742456e-05	9.62723818893645e-05	0.000140252454417952
Visa_madelantopesos	3.78481406720424e-05	0.000353214095532721	0.000112201963534362
ccheques_emitidos_delta6	3.77416168352597e-05	0.000858823371857582	0.000112201963534362
ccheques_emitidos_rechazados_delta6	3.74451887580607e-05	8.27851539836448e-05	5.61009817671809e-05
Master_mpagosdolares_lag1	3.7319485841355e-05	4.56122161719912e-05	0.000140252454417952
Master_delinquency_delta3	3.7316403639441e-05	4.26542224351364e-05	8.41514726507714e-05
ctarjeta_master_debitos_automaticos_lag3	3.72273944038185e-05	4.00732364333753e-05	0.000112201963534362
cforex_buy_delta1	3.72176425098806e-05	0.00102826509665605	0.000112201963534362
mforex_sell_lag3	3.69777691364692e-05	0.000122548652201942	0.000112201963534362
cpagodeservicios_lag6	3.68704601681947e-05	0.00017271530086767	0.000112201963534362
mpagodeservicios	3.66255866287961e-05	0.00233399520336316	0.000168302945301543
mcheques_depositados_rechazados_lag6	3.6536040699718e-05	0.000411321158761559	0.000112201963534362
Master_mconsumosdolares_delta3	3.65355191480841e-05	3.92219847993214e-05	0.000112201963534362
cseguro_vida	3.6431401178516e-05	0.000571118846642528	0.000140252454417952
cplazo_fijo_lag1	3.61406703519072e-05	2.41035021189664e-05	2.80504908835905e-05
Master_msaldodolares	3.55677223281032e-05	0.00125806088560054	0.000140252454417952
ctarjeta_master_descuentos_lag1	3.55475483744184e-05	0.000138755881494592	0.000140252454417952
ccajas_transacciones	3.54873220592896e-05	1.9583015242538e-05	8.41514726507714e-05
Master_mconsumototal_lag1	3.54344417708842e-05	1.52138537004133e-05	0.000112201963534362
mcheques_emitidos_lag3	3.53793148847954e-05	0.000894621823025526	0.000112201963534362
Master_status_lag6	3.51407953023994e-05	0.000642049395267215	0.000112201963534362
cinversion2_delta1	3.50187522200625e-05	0.00159306396567602	0.000140252454417952
mcheques_depositados_rechazados	3.45707113261162e-05	0.0006527427620912	8.41514726507714e-05
cforex_delta6	3.38986323197383e-05	0.000155044431057279	0.000112201963534362
ccheques_emitidos_lag1	3.37057835558231e-05	0.00111828427307119	0.000112201963534362
ccheques_emitidos_lag6	3.36466564247831e-05	0.000906989591617575	0.000112201963534362
tcallcenter_lag3	3.34193619794886e-05	1.70420676611925e-05	0.000112201963534362
ccajas_depositos_delta3	3.33185968017951e-05	0.0001369747935007	0.000140252454417952
tpaquete4_delta3	3.26049955556588e-05	0.000376627494442661	8.41514726507714e-05
cseguro_vivienda_lag3	3.25800132323941e-05	8.63702090688101e-05	0.000112201963534362
ccajas_transacciones_lag3	3.25782040651134e-05	6.81685193306111e-06	0.000112201963534362
ccheques_emitidos_lag3	3.24665774344415e-05	0.000162745858527101	8.41514726507714e-05
ccheques_emitidos_rechazados_lag3	3.24453727152693e-05	0.000778440771784715	8.41514726507714e-05
cinversion2_delta6	3.20359227165756e-05	0.000608953164448563	8.41514726507714e-05
cinversion1_delta6	3.18752225636176e-05	0.000763713098903634	0.000112201963534362
ccajas_extracciones_delta1	3.18644460730828e-05	0.000835414200606941	0.000140252454417952
mtarjeta_visa_descuentos	3.18268940750366e-05	0.00174331074948697	0.000112201963534362
ccajeros_propios_descuentos	3.15528935593084e-05	0.000556331240473745	0.000112201963534362
Master_mconsumototal_lag6	3.14885806347641e-05	7.84341465079198e-05	0.000140252454417952
cliente_vip_delta6	3.12522162383134e-05	4.36754508415759e-06	5.61009817671809e-05
ctarjeta_master_lag3	3.11829597894112e-05	0.000352471146582462	0.000112201963534362
minversion2_delta3	3.09680412596622e-05	0.000175435799626283	0.000112201963534362
cseguro_vida_delta6	3.03842236511608e-05	0.000314107127934904	0.000112201963534362
ctarjeta_master_descuentos_delta3	3.03141630032875e-05	0.000662418009081759	0.000112201963534362
cseguro_vivienda_delta3	2.98571486171968e-05	0.000405407036431658	0.000112201963534362
mtarjeta_visa_descuentos_lag1	2.97229727296729e-05	0.00306763733470502	0.000196353436185133
ccajas_depositos_delta6	2.93482123639291e-05	0.000453023784825762	0.000112201963534362
mforex_buy_lag3	2.93231302168033e-05	6.83435941627391e-05	8.41514726507714e-05
Master_mpagado_delta3	2.93149928896977e-05	0.000168742047184562	0.000112201963534362
cpayroll_trx_lag6	2.92250751447774e-05	1.89039785534395e-05	0.000112201963534362
ctarjeta_master_debitos_automaticos	2.92156945058736e-05	1.97965120371145e-05	8.41514726507714e-05
cplazo_fijo_delta3	2.90856582241407e-05	0.000147596290116609	8.41514726507714e-05
ccaja_seguridad_delta1	2.89647384406455e-05	0.000831263882604976	8.41514726507714e-05
Master_mconsumototal_delta6	2.88860161099917e-05	4.81061621293706e-05	0.000112201963534362
mtarjeta_visa_descuentos_delta3	2.86708698921101e-05	9.11562924235236e-05	0.000112201963534362
cforex_buy_lag1	2.85355443477587e-05	0.00075481860111118	0.000112201963534362
Master_mconsumototal	2.85154421775245e-05	1.85704908405367e-05	0.000112201963534362
cseguro_accidentes_personales	2.8473879279171e-05	1.60067885047314e-05	8.41514726507714e-05
ccaja_seguridad_lag6	2.83926989261393e-05	0.000399286380510731	5.61009817671809e-05
active_quarter_lag1	2.83630888135379e-05	1.04845950603891e-05	5.61009817671809e-05
cpayroll2_trx_lag3	2.79198975085748e-05	0.00248202234169946	0.000140252454417952
minversion1_pesos	2.73692632021753e-05	0.000571129540133695	5.61009817671809e-05
cliente_edad_delta3	2.73683311389327e-05	8.49436227413926e-06	0.000112201963534362
cpagodeservicios	2.72085871639703e-05	0.000369197134539629	8.41514726507714e-05
cseguro_auto	2.71279967811739e-05	0.000135186866646177	8.41514726507714e-05
ccajas_otras_lag6	2.67253886426241e-05	0.000525181598076231	0.000112201963534362
cforex_delta3	2.64100052479773e-05	6.30898570838543e-05	5.61009817671809e-05
catm_trx_other_delta1	2.64075360094352e-05	2.89426799007528e-05	8.41514726507714e-05
minversion1_dolares_lag6	2.62458544421123e-05	0.000899728462429406	8.41514726507714e-05
mcheques_emitidos_rechazados_lag6	2.62239582464191e-05	0.000225315713517234	8.41514726507714e-05
Master_delinquency_lag1	2.61862326782323e-05	0.000272226691494322	5.61009817671809e-05
ccajas_extracciones_delta6	2.60068374228353e-05	3.50089979654018e-05	8.41514726507714e-05
ccheques_depositados	2.56095973404573e-05	0.000619358055696882	8.41514726507714e-05
cseguro_vivienda_lag1	2.55818328476702e-05	4.72052976700191e-05	8.41514726507714e-05
ccajas_depositos_lag3	2.55457812919858e-05	6.4125260583236e-05	0.000112201963534362
active_quarter_delta1	2.54099928004583e-05	5.33340358807819e-05	8.41514726507714e-05
Master_msaldodolares_lag3	2.5408649945203e-05	0.000103091969366678	0.000112201963534362
Visa_madelantopesos_lag3	2.5345572200738e-05	2.40868401676134e-05	5.61009817671809e-05
cseguro_vivienda_delta6	2.52776089755646e-05	0.000120622580362693	8.41514726507714e-05
mcajeros_propios_descuentos_lag3	2.4835683134324e-05	0.000132153894128233	8.41514726507714e-05
mcajeros_propios_descuentos_lag1	2.46911651022227e-05	0.000122277211606391	0.000112201963534362
mttarjeta_master_debitos_automaticos	2.46211616567867e-05	5.31840783186041e-05	0.000112201963534362
mcheques_emitidos_rechazados_delta1	2.4593032638664e-05	0.00010078764636313	5.61009817671809e-05
minversion1_pesos_delta3	2.4348910862669e-05	0.00200422932275814	0.000140252454417952
cseguro_vivienda	2.39664163909216e-05	0.000418991749187085	5.61009817671809e-05
mttarjeta_master_debitos_automaticos_delta1	2.37730115856677e-05	0.000313184752150299	8.41514726507714e-05
cforex_lag3	2.37689283411015e-05	6.52924675783957e-06	5.61009817671809e-05
Master_Finiciomora_lag6	2.37520805409014e-05	0.000460657818432647	8.41514726507714e-05
ccajas_otras_lag3	2.36815347939277e-05	0.00101210026829931	0.000112201963534362
cliente_vip_delta3	2.36528331906242e-05	2.92355074786372e-05	5.61009817671809e-05
ccheques_depositados_rechazados_delta3	2.3575021612501e-05	0.00014498384535595	8.41514726507714e-05
cforex_buy_lag6	2.35315606587658e-05	0.000171844776080932	8.41514726507714e-05
cprestamos_prendarios_lag3	2.33522321395456e-05	0.000181364345734968	8.41514726507714e-05
cforex_sell_delta3	2.33275963957537e-05	0.000141498264607221	8.41514726507714e-05
cforex_lag6	2.33147617390937e-05	1.76285932174052e-05	0.000112201963534362
mcaja_ahorro_adicional_lag3	2.32595745661225e-05	6.70052913089088e-05	8.41514726507714e-05
Master_fultimo_cierre_delta3	2.30757486454742e-05	1.54799475503805e-05	8.41514726507714e-05
Master_mpagado_lag6	2.25728612695434e-05	0.000114817755459951	8.41514726507714e-05
cpagodeservicios_lag1	2.22272909710528e-05	6.51341790405414e-05	8.41514726507714e-05
mtarjeta_master_descuentos_lag6	2.21216540524519e-05	8.43435438068405e-05	5.61009817671809e-05
Master_madelantopesos_lag6	2.1592295687867e-05	7.00273216498445e-05	8.41514726507714e-05
ctarjeta_visa_lag1	2.13968206591113e-05	2.87753143296987e-05	5.61009817671809e-05
mcajeros_propios_descuentos_delta3	2.11387591538814e-05	5.71422865083262e-05	8.41514726507714e-05
minversion1_pesos_lag1	2.10695279413485e-05	0.000201503173832344	8.41514726507714e-05
ctarjeta_visa_descuentos_lag1	2.10381367018769e-05	2.19991225316559e-05	5.61009817671809e-05
tpaquete4_lag3	2.05516400674565e-05	0.000124031441529446	5.61009817671809e-05
minversion1_pesos_delta6	2.05052331882019e-05	0.000513520345958721	5.61009817671809e-05
cforex	2.04301891985878e-05	7.84080344946052e-05	8.41514726507714e-05
ccajas_otras_delta1	2.0427769311168e-05	0.000218731258502672	8.41514726507714e-05
Master_msaldodolares_lag1	2.00576241165762e-05	3.46717799648826e-06	2.80504908835905e-05
ccajas_extracciones_lag3	1.99180434399427e-05	0.000409256817594664	8.41514726507714e-05
mforex_buy	1.97573559051694e-05	0.000522027266867835	8.41514726507714e-05
minversion2_lag1	1.9644533911801e-05	0.000927161619274737	0.000112201963534362
mcajeros_propios_descuentos_delta6	1.96037424051383e-05	2.98977578734621e-05	5.61009817671809e-05
ccajas_consultas_lag6	1.95520757056961e-05	6.87976945085709e-05	8.41514726507714e-05
ccajas_extracciones_lag6	1.9436632214357e-05	0.000527964019609276	8.41514726507714e-05
Master_mconsumosdolares	1.94111726433069e-05	0.000575307089235259	5.61009817671809e-05
Master_mpagado_lag1	1.92322720207498e-05	0.000152271086557435	8.41514726507714e-05
ccheques_emitidos_rechazados	1.90071871597969e-05	0.000368781953527927	5.61009817671809e-05
cinversion1_delta3	1.89960539952415e-05	3.52854122777742e-05	5.61009817671809e-05
Master_mpagosdolares	1.87770578290084e-05	4.79226319786455e-05	8.41514726507714e-05
ccheques_depositados_rechazados_delta6	1.87651944921655e-05	3.27092756499144e-05	2.80504908835905e-05
mtarjeta_master_descuentos_delta6	1.86601635268339e-05	3.28777603072534e-05	5.61009817671809e-05
mpagodeservicios_lag3	1.83308687237667e-05	0.000534657274679315	8.41514726507714e-05
cpagodeservicios_delta3	1.80842639694285e-05	3.35623924277765e-05	5.61009817671809e-05
mprestamos_prendarios_delta3	1.79037364422585e-05	5.72370358137818e-05	5.61009817671809e-05
tcallcenter_lag1	1.68728021517385e-05	8.16158331588358e-05	5.61009817671809e-05
mcheques_emitidos_lag1	1.67568662707923e-05	0.000134797051590267	5.61009817671809e-05
cseguro_accidentes_personales_lag3	1.67501735856319e-05	1.65965469768783e-05	5.61009817671809e-05
mpagodeservicios_delta1	1.67289312923098e-05	3.09889913441686e-05	5.61009817671809e-05
Visa_cadelantosefectivo_delta3	1.64678537605344e-05	5.7073400530344e-07	2.80504908835905e-05
cplazo_fijo_delta1	1.64250708239233e-05	0.000117336818687281	5.61009817671809e-05
active_quarter_lag6	1.63683585330291e-05	0.000117024593613791	5.61009817671809e-05
ctarjeta_master_debitos_automaticos_lag6	1.62436123551272e-05	6.37518587928381e-06	5.61009817671809e-05
cinversion2_delta3	1.60854773389149e-05	0.000426302739886394	5.61009817671809e-05
cinversion2_lag6	1.56915067683926e-05	0.00168841521520998	8.41514726507714e-05
ccajeros_propios_descuentos_lag1	1.53458386088696e-05	0.000987477385801223	8.41514726507714e-05
Master_mconsumosdolares_delta6	1.51578901870804e-05	2.20019824188284e-05	5.61009817671809e-05
Visa_cadelantosefectivo	1.50229773975705e-05	0.000230033035236886	2.80504908835905e-05
ccheques_depositados_lag1	1.49096885313685e-05	0.000518309413543527	5.61009817671809e-05
cprestamos_prendarios	1.46858576375698e-05	0.000245494082663343	5.61009817671809e-05
ctarjeta_visa_descuentos	1.43495605832111e-05	1.80019950078031e-05	5.61009817671809e-05
minversion1_pesos_lag3	1.40556979231619e-05	0.000584159061748887	5.61009817671809e-05
mttarjeta_master_debitos_automaticos_lag1	1.4033310179074e-05	0.000106860305916727	5.61009817671809e-05
ctarjeta_master_delta1	1.39093205314453e-05	1.78803876315097e-05	5.61009817671809e-05
mpayroll2_lag3	1.38659947324883e-05	0.00098494153627962	5.61009817671809e-05
Visa_Fvencimiento_delta1	1.37091400414161e-05	4.54025740079517e-06	5.61009817671809e-05
ctarjeta_master_debitos_automaticos_lag1	1.36747181943857e-05	1.77387610450084e-05	5.61009817671809e-05
cforex_sell_lag1	1.35259531617214e-05	3.94701732687301e-06	5.61009817671809e-05
Master_mconsumosdolares_lag6	1.32897525212675e-05	1.61509019496435e-06	2.80504908835905e-05
ctarjeta_master_lag6	1.30191462972213e-05	7.09653646424391e-05	5.61009817671809e-05
Master_mpagosdolares_delta3	1.28395794345125e-05	3.15495292299873e-06	2.80504908835905e-05
ccuenta_corriente_lag6	1.28395143807603e-05	0.000906632478749769	5.61009817671809e-05
mcheques_emitidos_rechazados_delta6	1.27514506677773e-05	4.36556803172092e-05	2.80504908835905e-05
cforex_sell_lag3	1.26098684666476e-05	1.1864304106761e-05	5.61009817671809e-05
mcheques_depositados_lag3	1.259735234905e-05	0.000233937775970773	5.61009817671809e-05
active_quarter	1.25443924258789e-05	9.02605260239144e-07	2.80504908835905e-05
ctarjeta_master_lag1	1.22296724673428e-05	8.26194048705578e-05	2.80504908835905e-05
cseguro_vida_delta3	1.2174712141292e-05	3.36258073172546e-05	5.61009817671809e-05
Master_mconsumosdolares_lag1	1.20680946495385e-05	1.1939531573691e-05	5.61009817671809e-05
Master_delinquency_delta1	1.20230606287784e-05	1.11520678578769e-05	5.61009817671809e-05
Visa_cadelantosefectivo_lag1	1.19804291103835e-05	1.92129707109949e-05	2.80504908835905e-05
ccajeros_propios_descuentos_lag6	1.16672067901682e-05	0.000533944292372908	5.61009817671809e-05
mpayroll2_lag6	1.15703815705436e-05	0.000862796003826087	5.61009817671809e-05
cpagodeservicios_lag3	1.12592062002894e-05	3.92761983126792e-06	2.80504908835905e-05
Master_msaldodolares_delta3	1.12352664194843e-05	2.13637302076688e-05	2.80504908835905e-05
minversion1_dolares_lag3	1.11899609675513e-05	0.000454593365511806	2.80504908835905e-05
cseguro_accidentes_personales_lag6	1.03975557931668e-05	2.33055935978265e-06	2.80504908835905e-05
ccheques_depositados_rechazados_lag3	9.96911290287535e-06	6.35938189408249e-05	2.80504908835905e-05
minversion1_pesos_lag6	9.93997442997736e-06	9.30628424242464e-05	2.80504908835905e-05
cseguro_auto_lag1	9.8237682394747e-06	4.14727160041139e-05	2.80504908835905e-05
cseguro_vivienda_delta1	9.52006367577019e-06	0.000241023457298054	2.80504908835905e-05
mcajeros_propios_descuentos_lag6	9.1276633682317e-06	7.51145635581189e-05	2.80504908835905e-05
Visa_delinquency_lag3	8.8146191046226e-06	1.08750318309017e-06	2.80504908835905e-05
mprestamos_hipotecarios_delta3	8.6515001858613e-06	0.000102850619757899	2.80504908835905e-05
mtarjeta_master_descuentos_delta3	8.64211169564256e-06	8.86813709329877e-07	2.80504908835905e-05
cprestamos_prendarios_delta6	8.62668666586738e-06	0.000105965409917562	2.80504908835905e-05
ccheques_depositados_lag6	8.58451557101173e-06	0.000180121538244116	2.80504908835905e-05
tpaquete4_delta1	8.55435586636604e-06	0.000124375498390595	2.80504908835905e-05
ccheques_depositados_rechazados_lag6	8.4510875212338e-06	1.92404504964354e-05	2.80504908835905e-05
cforex_buy_delta6	7.96124846989057e-06	8.33446971260992e-05	2.80504908835905e-05
Visa_madelantopesos_lag6	7.8779819103232e-06	1.72836659558122e-05	2.80504908835905e-05
Master_mpagosdolares_delta6	7.85044061920306e-06	0.000126138059289326	2.80504908835905e-05
ctarjeta_visa_lag6	7.76815771723343e-06	4.16872075420548e-06	2.80504908835905e-05
ctarjeta_master_debitos_automaticos_delta1	7.66547878152834e-06	6.37247520361592e-05	2.80504908835905e-05
cforex_buy_lag3	7.66313235998391e-06	2.70632366567089e-06	2.80504908835905e-05
cforex_buy	7.64752562834917e-06	8.45233436699491e-06	2.80504908835905e-05
mcheques_emitidos_delta1	7.45445450397933e-06	7.41818673111078e-05	2.80504908835905e-05
cseguro_accidentes_personales_delta3	7.4357661312388e-06	1.80767251030509e-05	2.80504908835905e-05
cliente_vip_lag3	7.43305967082451e-06	5.55589037581009e-06	2.80504908835905e-05
tcuentas_delta6	7.40640501748203e-06	7.69435235764214e-05	2.80504908835905e-05
active_quarter_delta3	7.32263429133521e-06	4.46733027789528e-05	2.80504908835905e-05
ccheques_depositados_rechazados_delta1	7.26522603745423e-06	0.000297932600830357	2.80504908835905e-05
ctarjeta_master_delta3	7.21417398380855e-06	2.2080318458772e-05	2.80504908835905e-05
cinversion2_lag3	7.00190639446126e-06	0.000541841435599667	2.80504908835905e-05
mtarjeta_master_descuentos	6.88959445615852e-06	2.77483661489141e-05	2.80504908835905e-05
ctarjeta_master_descuentos	6.79526202902074e-06	1.25663442361604e-05	2.80504908835905e-05
cseguro_auto_lag3	6.6694009644003e-06	5.185858278559e-05	2.80504908835905e-05
ccajeros_propios_descuentos_delta1	6.63336342892117e-06	1.48741488414833e-05	2.80504908835905e-05
cforex_lag1	6.11954982666395e-06	3.94291401049501e-06	2.80504908835905e-05
cinversion2	6.11628480127398e-06	0.000415601166429653	2.80504908835905e-05
Visa_cadelantosefectivo_lag6	6.10181651030252e-06	1.11106616653353e-05	2.80504908835905e-05
mprestamos_hipotecarios_delta6	6.06737167013558e-06	0.000551739380760923	2.80504908835905e-05
tcuentas_delta3	5.94819207451137e-06	0.00013436682508518	2.80504908835905e-05
ctarjeta_visa_lag3	5.77903773781004e-06	2.37763558950115e-05	2.80504908835905e-05
ctarjeta_master_descuentos_delta1	5.6483228781449e-06	4.54684757558407e-06	2.80504908835905e-05
ctarjeta_master_descuentos_delta6	5.48402177568005e-06	7.0813293250612e-06	2.80504908835905e-05
minversion1_dolares	5.41353715680114e-06	0.000472137529886161	2.80504908835905e-05
ccuenta_corriente_lag3	5.3544257283909e-06	0.000414485437403599	2.80504908835905e-05
cliente_vip_lag6	5.09202188520243e-06	0.000109460192042411	2.80504908835905e-05
mcaja_ahorro_adicional_delta6	4.95601748251459e-06	0.000460875169857761	2.80504908835905e-05
ctarjeta_visa_descuentos_lag6	4.94166303560946e-06	1.17235479207036e-05	2.80504908835905e-05
ccajas_otras	4.10302987978897e-06	0.00039412241902048	2.80504908835905e-05
Master_Finiciomora_delta3	3.89595088798686e-06	0.000541147104731342	2.80504908835905e-05
mplazo_fijo_pesos_delta3	3.87067245798808e-06	0.000444237714060023	2.80504908835905e-05
ctarjeta_master_descuentos_lag3	3.52194116403017e-06	0.000483980571353509	2.80504908835905e-05
cforex_delta1	3.48524467890604e-06	4.25053839592436e-06	2.80504908835905e-05
