Feature	Gain	Cover	Frequency
ctrx_quarter	0.145539248134252	0.0194926612179946	0.00403305785123967
mcaja_ahorro	0.0493981409898934	0.0120278335145318	0.0030633608815427
mdescubierto_preacordado_delta1	0.0426994391219878	0.00326438287701691	0.000815426997245179
mdescubierto_preacordado	0.0204665852305912	0.00190785420402475	0.00105234159779614
mtarjeta_visa_consumo	0.0203748710782491	0.0113916714024968	0.00166391184573003
mcuentas_saldo	0.0192402500467616	0.00787168831972803	0.00346005509641873
foto_mes	0.0188313488260384	0.014870886913628	0.00689807162534435
mcuenta_corriente_deflactada	0.0140511244628849	0.00178166636273101	0.00303030303030303
ctarjeta_visa_transacciones	0.0130072670371597	0.0149549576878319	0.00272176308539945
mcaja_ahorro_deflactada	0.0117556409829378	0.00379050447094148	0.00202203856749311
mprestamos_personales_delta1	0.0103407921688067	0.00887256623827434	0.00391735537190083
Visa_status	0.0103127102543926	0.00373302258163014	0.000633608815426997
cpayroll_trx	0.0101737408817002	0.0138392161556425	0.00115151515151515
Visa_Finiciomora	0.00917403453320339	0.00713179881506921	0.00164738292011019
mprestamos_personales	0.00885941009631243	0.00839705412335202	0.00301928374655647
ctarjeta_visa	0.00853668913181699	0.00194029715526717	0.00040771349862259
ctrx_quarter_delta1	0.00841552011913922	0.00895508239128887	0.00709641873278237
mtarjeta_visa_consumo_deflactada	0.00684201363028591	0.0035942668885815	0.00127272727272727
mpayroll	0.00652063671395521	0.0103394648203947	0.00152066115702479
mprestamos_personales_deflactada	0.0053775041965351	0.00556646349384121	0.00274380165289256
mcuentas_saldo_deflactada	0.00500495538769722	0.00827306056287794	0.00334986225895317
cproductos_delta1	0.00484324312042298	0.00966593212576957	0.00179614325068871
Visa_mfinanciacion_limite	0.00454785661884166	0.00169339570128573	0.00219834710743802
Visa_mpagospesos	0.0044537837865635	0.00282232562245511	0.00200550964187328
mdescubierto_preacordado_deflactada	0.00436648948286502	0.00494381521591081	0.00396143250688705
mpayroll_deflactada	0.00418797090612137	0.00888979230793484	0.00120110192837466
Master_Finiciomora	0.00380936973701233	0.00324581720698991	0.000947658402203857
cproductos	0.00361132795353919	0.00510603646767009	0.00267768595041322
cliente_edad	0.00349586044623277	0.00622378318133886	0.00620936639118457
cliente_edad_lag1	0.00348659004743053	0.00537049514280518	0.00589531680440771
ccaja_ahorro	0.00343720867700907	0.00649228038703913	0.00220936639118457
Visa_Finiciomora_delta1	0.00340417008544687	0.00186985142864827	0.000462809917355372
mactivos_margen	0.00337243895723325	0.00325857780044797	0.00446831955922865
mrentabilidad_annual_delta1	0.00333823790707719	0.00238356950209053	0.00563085399449036
Visa_delinquency	0.00331350791604049	0.000971078533586566	0.000203856749311295
mcuentas_saldo_delta1	0.00325438894925147	0.00703130590140165	0.00517355371900827
mcuenta_corriente	0.0031135717433932	0.00397182718430952	0.00287603305785124
numero_de_cliente	0.00310796636444897	0.00655650459359817	0.00601652892561983
mrentabilidad_annual_lag1	0.00306347909752189	0.00302913449534944	0.00548209366391185
mrentabilidad_annual	0.00305019407746413	0.00169125963756633	0.00430853994490358
Master_fechaalta	0.00282690026332849	0.00193465926315509	0.00400550964187328
mactivos_margen_deflactada	0.00272761631580756	0.0028467135488627	0.00344903581267218
ctarjeta_visa_delta1	0.00271516280182808	0.00051705617762284	5.50964187327824e-05
mcuenta_corriente_delta1	0.00265764519349221	0.00358690093810023	0.004
mrentabilidad	0.00265762040742637	0.000856990986064188	0.00291460055096419
mcaja_ahorro_lag1	0.0026464661291816	0.00285938976091371	0.00347107438016529
mrentabilidad_annual_deflactada	0.00254613123348651	0.00206436004204834	0.0042038567493113
chomebanking_transacciones	0.00252642529622802	0.00171939446268335	0.00415426997245179
Visa_fechaalta	0.00252482021495063	0.00260966820746131	0.00392837465564738
Visa_fechaalta_lag1	0.00250396182429547	0.00190670066769611	0.00405509641873278
Visa_mpagominimo_deflactada	0.00248994120695414	0.00838377758918997	0.00223691460055096
Master_status	0.00248963095984611	0.00108424802354142	0.000490358126721763
Visa_Fvencimiento_lag1	0.0024500403241737	0.00179696562242039	0.00452341597796143
mcuenta_corriente_lag1	0.00244696507175571	0.00278904007126313	0.0036198347107438
Visa_status_lag1	0.00240921799045468	0.000219931395811994	0.000209366391184573
Visa_Fvencimiento	0.00238382073780807	0.00176661077711926	0.00440771349862259
Master_Fvencimiento_lag1	0.00235605122511342	0.00137224759359302	0.00444628099173554
ctarjeta_master	0.00232283128070599	0.000729694713035645	0.000269972451790634
Visa_status_delta1	0.00230556039709912	0.000548796881299231	0.000225895316804408
mcuentas_saldo_lag1	0.00227285353598766	0.00108354638303587	0.00352066115702479
Master_fechaalta_lag1	0.00223644719367987	0.00349056262496208	0.00407162534435262
Visa_fultimo_cierre_lag1	0.00223629025828556	0.00244709225026216	0.00292561983471074
ctrx_quarter_lag1	0.00223361414146223	0.00165474349260519	0.00321763085399449
ccomisiones_mantenimiento	0.00220815609385349	0.000861641797831903	0.000738292011019284
mcomisiones_mantenimiento_deflactada	0.00217789468121334	0.00442092300163443	0.00252341597796143
mactivos_margen_lag1	0.0021726194664717	0.00310266554616406	0.00419283746556474
canarito88	0.00217123686784686	0.00164458743144079	0.00451790633608816
mrentabilidad_lag1	0.0021661353430222	0.00151936530196244	0.00388980716253444
mcaja_ahorro_dolares_delta1	0.00215599948128741	0.00530614108600896	0.0031129476584022
mautoservicio	0.0021516909972699	0.00874246510299295	0.00139393939393939
mttarjeta_visa_debitos_automaticos_delta1	0.00210886252718103	0.00400932409618602	0.00345454545454545
canarito41	0.00210649669932974	0.00124121079599011	0.00471625344352617
mes	0.00209656129705548	0.00641580679265425	0.00315702479338843
canarito45	0.00209541736089508	0.000982699492401029	0.00440220385674931
Master_Fvencimiento	0.00206428777353171	0.00190421596914167	0.0037465564738292
Visa_Finiciomora_lag1	0.0020600837116157	0.00180351185913229	0.00125619834710744
canarito52	0.00205257901724639	0.00135760505193349	0.00435261707988981
canarito43	0.00204363358919157	0.00110391162315688	0.00449035812672176
canarito54	0.00204361209819142	0.00114252570843912	0.00453443526170799
canarito19	0.00203754417045146	0.000949058385884505	0.00451239669421488
canarito40	0.00203378890044323	0.000641209455709837	0.00439669421487603
canarito8	0.00203363246232893	0.000738386180080221	0.00452341597796143
canarito46	0.00203330295505384	0.000909564852081415	0.00429201101928375
canarito28	0.00202656577567712	0.000913566898311596	0.00443526170798898
canarito37	0.00202014954165407	0.00119296211449784	0.00433608815426997
canarito97	0.00200836313915843	0.0012027007001685	0.00440220385674931
canarito5	0.00200213934081093	0.00188279930026515	0.0043801652892562
canarito69	0.00200123977165369	0.000815484925349866	0.00442424242424242
canarito63	0.00199512643158396	0.000823403361576162	0.00438567493112948
canarito64	0.00199478929740079	0.00112287479638775	0.00421487603305785
canarito56	0.00199059759297612	0.00116241768420806	0.00435261707988981
canarito75	0.00198930272177902	0.00114693727767073	0.00438567493112948
canarito95	0.00198782547229503	0.00109789674648522	0.00414325068870523
canarito4	0.0019841783313435	0.00114630581335694	0.00428099173553719
canarito25	0.00197982677247929	0.0013760066335121	0.00431404958677686
canarito34	0.0019782987987216	0.00101213536954392	0.00442424242424242
canarito82	0.0019768756940683	0.00205838693113788	0.00428650137741047
Visa_mpagospesos_lag1	0.0019725646898472	0.00436908361809485	0.00323415977961433
canarito91	0.00196651562957876	0.00356562055430202	0.0042534435261708
cliente_antiguedad_lag1	0.00195993510252307	0.00193954591792021	0.00354820936639118
canarito87	0.00195466534148871	0.00112735611686878	0.00434159779614325
canarito18	0.00194686512616966	0.000776926932456194	0.00419834710743802
canarito26	0.00194481067661121	0.000934201430462593	0.00426446280991736
canarito73	0.00193960123260408	0.000613388662980359	0.00406060606060606
canarito44	0.00193865191111349	0.0015047646474762	0.00431404958677686
canarito53	0.00193743003161405	0.00109614385934231	0.00422589531680441
canarito99	0.00193644158747144	0.000930211464736012	0.0042038567493113
canarito60	0.00193273340667093	0.000967833127541641	0.00412121212121212
canarito16	0.00192930382751147	0.000703394242578274	0.00428099173553719
mpasivos_margen_lag1	0.00192329996309906	0.000998259788097842	0.00348760330578512
chomebanking_transacciones_delta1	0.00192230564842263	0.00195147520275368	0.00372451790633609
canarito13	0.00191846712565031	0.00178628961395282	0.00420936639118457
canarito1	0.00191762469583504	0.000806666461252374	0.00403305785123967
canarito57	0.00191440277548716	0.00278742310496222	0.00432506887052342
Visa_mpagominimo_lag1	0.00191436694190588	0.00198274033524817	0.00260055096418733
canarito92	0.00191209336879086	0.00104596144738943	0.00411570247933884
canarito107	0.00191001467875897	0.00126918675337889	0.0040771349862259
canarito51	0.00190965720319877	0.00233711359161486	0.00422038567493113
canarito6	0.00190945976515131	0.00101499990584219	0.00423140495867769
canarito72	0.00190913476981949	0.00143169684451569	0.00424242424242424
mpasivos_margen	0.00190797897032434	0.00152379872537141	0.00272176308539945
canarito66	0.0019046648979103	0.000726454163474579	0.00401652892561983
canarito9	0.00189270426685744	0.000728465415558798	0.00406611570247934
cliente_antiguedad	0.00189175031594236	0.00264700849773334	0.00328925619834711
canarito74	0.00189036717928181	0.00109738942604009	0.00411570247933884
canarito14	0.00189023734652958	0.00113258521445202	0.00419283746556474
chomebanking_transacciones_lag1	0.00189002530705946	0.000890422596008238	0.00309090909090909
ccaja_ahorro_delta1	0.0018836229138539	0.00692627551415845	0.000909090909090909
canarito65	0.00188248054117086	0.00147513086861605	0.00390082644628099
canarito24	0.00188241841794567	0.00109107611843529	0.00413774104683196
canarito79	0.0018751506227144	0.00104415313562447	0.00409917355371901
canarito77	0.00187444138011258	0.000749509349299122	0.0039504132231405
canarito67	0.00187441631953769	0.00110407905043792	0.00404407713498623
canarito96	0.00187405733445484	0.00123835342300553	0.00401101928374656
mactivos_margen_delta1	0.0018738532873339	0.00138263385209234	0.00381267217630854
canarito33	0.0018715527707709	0.00092203429933212	0.00415977961432507
mcaja_ahorro_delta1	0.00186830778904374	0.00220592247923733	0.00333884297520661
canarito61	0.00186790429117847	0.00180837866301964	0.00424242424242424
canarito49	0.00186674494805318	0.000972174277757287	0.00402754820936639
canarito27	0.00185498335938159	0.000921357062657962	0.0041763085399449
canarito23	0.0018517200099818	0.000988015399633255	0.00401652892561983
canarito17	0.00184949692955339	0.0010364769772367	0.00404407713498623
canarito36	0.00184486541126363	0.00106066791251775	0.00410468319559229
canarito47	0.00184146214668512	0.000890996571694342	0.00418181818181818
canarito100	0.00183788827924509	0.000925979281876956	0.00403856749311295
canarito78	0.00183490057128239	0.000936799285090949	0.00403856749311295
canarito71	0.00183425005346467	0.000970318918804947	0.00403856749311295
canarito68	0.00182737629971805	0.00179435368398885	0.00390082644628099
canarito29	0.00182669023824372	0.00105368271037104	0.00396694214876033
canarito42	0.00182422268990526	0.00141075520046665	0.00398347107438017
canarito80	0.00182077153430478	0.00132052828661686	0.00413223140495868
canarito109	0.00181807169851976	0.000677509608551342	0.00398898071625344
mrentabilidad_delta1	0.00181640673507696	0.00115757473779766	0.00360330578512397
canarito38	0.0018154198050414	0.000774242025354663	0.00401101928374656
canarito102	0.00180743477314629	0.00120388647140876	0.00386776859504132
canarito105	0.00180224967565803	0.000830879918477323	0.00407162534435262
canarito106	0.00179983018096134	0.000769136707403779	0.00402203856749311
canarito93	0.00179909918509216	0.000927849817341356	0.00409917355371901
canarito104	0.00179898347466899	0.00126024086728614	0.00390633608815427
canarito101	0.00179761521580413	0.000944156858137561	0.00401652892561983
canarito15	0.00179497415628939	0.000736716399517349	0.00390082644628099
canarito94	0.00179317866059756	0.000960608440034625	0.0038732782369146
canarito30	0.00179081060805929	0.00091235065263512	0.00390082644628099
canarito89	0.00179039632056293	0.000971041685015285	0.0039504132231405
canarito62	0.00178607088353392	0.000849230264151218	0.00400550964187328
canarito31	0.00178192970418883	0.000705289363992211	0.00390633608815427
canarito81	0.00177605268350855	0.000783140560729783	0.00401101928374656
canarito7	0.0017717874142875	0.00105757002217005	0.00404407713498623
canarito35	0.00177090252272426	0.00193303543707073	0.0039504132231405
canarito59	0.00176870973919748	0.000864206931900257	0.00393939393939394
canarito21	0.00176408934560206	0.00084324379791014	0.00379063360881543
canarito2	0.001760887651417	0.000798967355978367	0.00405509641873278
canarito39	0.00176087792969611	0.00105700296697344	0.00383471074380165
canarito70	0.00175385489436505	0.000883650957739232	0.00402754820936639
canarito76	0.00175194384260785	0.000685307846802124	0.00384573002754821
canarito98	0.00173907775508808	0.00163407362953412	0.00388429752066116
mpasivos_margen_delta1	0.00173706414828383	0.00139039839848635	0.00338292011019284
canarito108	0.00173641491369135	0.0027396417386293	0.00383471074380165
canarito32	0.00173335918602503	0.000998379257600777	0.00386776859504132
canarito86	0.00172947314039224	0.000801855810459644	0.0039228650137741
canarito85	0.00172858005083733	0.00100949028561003	0.00390082644628099
canarito90	0.00172601312987259	0.000790135475844213	0.00377961432506887
canarito12	0.00172377894847782	0.00106309317985096	0.00388980716253444
Visa_fultimo_cierre	0.00172093036486194	0.00411723091811295	0.00326170798898072
canarito20	0.00172039882668924	0.000670347691098206	0.00385674931129477
canarito22	0.00169840996003595	0.00146670760089259	0.00386776859504132
canarito83	0.0016875662493025	0.00100515138151817	0.00365840220385675
canarito58	0.00168662369517267	0.00076790643863016	0.00384573002754821
canarito48	0.00168309444147231	0.000683194608556863	0.00366942148760331
Visa_mpagospesos_delta1	0.00168189411715443	0.00324099939288349	0.00338842975206612
canarito103	0.00166574960153223	0.00103175325750505	0.00358126721763085
mpayroll_delta1	0.00165854189209373	0.00738428898926367	0.00227548209366391
canarito55	0.00165669160582761	0.000923979988884241	0.00377410468319559
Visa_mfinanciacion_limite_deflactada	0.00165547206527217	0.00108574970905672	0.00303030303030303
canarito11	0.0016482397417579	0.000744924646417939	0.00366391184573003
canarito10	0.00164699176576332	0.00159101264410019	0.00364187327823692
Visa_mpagominimo	0.00163934287832763	0.00513662685243839	0.00234159779614325
canarito3	0.00163605007006217	0.000850647811083656	0.00379614325068871
mcomisiones_lag1	0.00162420020837046	0.00123097533131462	0.00300275482093664
canarito50	0.00161275144706092	0.000689501663438693	0.00373002754820937
Visa_mpagominimo_delta1	0.00159140972038881	0.0017642406915839	0.00240771349862259
mpasivos_margen_deflactada	0.00157447818396442	0.000925482342166069	0.00247933884297521
cprestamos_personales_delta1	0.0015662233163801	0.0020533451724195	0.00059504132231405
canarito84	0.00155794151668281	0.000778205280420018	0.00349862258953168
mcaja_ahorro_dolares_lag1	0.00155058990591621	0.00396733754709988	0.00255096418732782
ccaja_seguridad_lag1	0.00154209990156306	0.00172757205302958	0.000402203856749311
Visa_mfinanciacion_limite_lag1	0.0015417806744476	0.00339724128100933	0.00280440771349862
mrentabilidad_deflactada	0.00153569536588721	0.000948959981380309	0.00261157024793388
ccomisiones_mantenimiento_delta1	0.00153177757604681	0.00207430812429147	0.00138292011019284
mcomisiones_otras_deflactada	0.00152763118158405	0.000891075428851004	0.00184573002754821
cmobile_app_trx	0.00152415283099885	0.0015129223262386	0.00260606060606061
Master_fultimo_cierre_lag1	0.00152394233591288	0.00158185477248699	0.00317906336088154
mttarjeta_visa_debitos_automaticos_lag1	0.00151794029971357	0.00114187961396771	0.00259504132231405
Visa_mconsumospesos_lag1	0.00150362499094459	0.000660421766562682	0.00223140495867769
Visa_msaldototal_lag1	0.00149529052490651	0.000960734951439155	0.00169146005509642
mpayroll_lag1	0.00146022592098823	0.00227821597655254	0.00134986225895317
ccaja_seguridad	0.00144869529905683	0.00855124414704738	0.000820936639118457
ccallcenter_transacciones_delta1	0.0014352115241747	0.00143968448563698	0.00168044077134986
Master_mfinanciacion_limite_lag1	0.00143360456465898	0.000930939937314885	0.00247382920110193
mcuenta_debitos_automaticos	0.00139781330155017	0.00750440634714557	0.00167493112947658
Visa_msaldopesos	0.00139184756759752	0.00204361915290083	0.00126721763085399
Master_fultimo_cierre	0.00139134054042746	0.00304672206952721	0.00280440771349862
Master_mfinanciacion_limite_deflactada	0.00138219966319332	0.000925811490359622	0.00243526170798898
ctarjeta_visa_transacciones_delta1	0.00137545591287918	0.00641285793565498	0.00211019283746556
cmobile_app_trx_delta1	0.0013576140731325	0.000915881498518867	0.00257851239669422
mcomisiones_mantenimiento_lag1	0.0013088817287895	0.00331919291102708	0.00249586776859504
Visa_msaldopesos_lag1	0.00130799604422812	0.00093983246279123	0.00166942148760331
mcomisiones_otras_lag1	0.00129382405970868	0.00126382015659638	0.00245179063360882
Visa_cconsumos_lag1	0.00127577638674387	0.00175026391315541	0.00234710743801653
Master_mfinanciacion_limite	0.00126336588206948	0.00165675298421401	0.00210468319559229
ccomisiones_otras	0.00122177381330566	0.00127371433186868	0.00240220385674931
Visa_mlimitecompra	0.00120736811211933	0.000849230992623797	0.00170798898071625
Visa_mlimitecompra_lag1	0.00119736041648552	0.000745235886327262	0.002
mcomisiones_otras	0.00119332316488383	0.00158799209325794	0.00211019283746556
cproductos_lag1	0.00117881388184859	0.00167600086881112	0.00159228650137741
Visa_msaldototal_deflactada	0.00116088868515638	0.000983563278761428	0.00141597796143251
Master_fultimo_cierre_delta1	0.00115549265832487	0.000430322471906882	0.000815426997245179
mtransferencias_recibidas_deflactada	0.00114262927060583	0.00282819911474042	0.00147658402203857
mcomisiones_delta1	0.00114047416267696	0.00109184119676125	0.00228650137741047
Visa_msaldopesos_delta1	0.00112935739781335	0.000920779869551302	0.00203856749311295
mcomisiones_mantenimiento	0.00112444084573617	0.00372931204584361	0.00181818181818182
mprestamos_personales_lag1	0.00111126098364953	0.00122018980913602	0.00135537190082645
Visa_mlimitecompra_deflactada	0.00110701601550321	0.000711127828887681	0.0021763085399449
Visa_cconsumos_delta1	0.00110572340002586	0.00215474564150824	0.00201652892561983
cmobile_app_trx_lag1	0.00109918916222761	0.0021822669105957	0.00221487603305785
internet	0.00109093889066723	0.000537766774452281	0.00105785123966942
mpagomiscuentas	0.00108817136636275	0.00643997065303779	0.00103030303030303
Visa_mconsumospesos_delta1	0.00107545791554355	0.00105899691783391	0.0021763085399449
mtransferencias_recibidas	0.00106851069009888	0.0042604480200588	0.00148760330578512
mcaja_ahorro_dolares_deflactada	0.00106403949229438	0.00325051743348089	0.00158126721763085
tpaquete3	0.00105894936727764	0.00357123841341819	0.000666666666666667
ctarjeta_visa_debitos_automaticos_lag1	0.00103426804801924	0.000604502936581417	0.00176859504132231
mcomisiones	0.00102766427187631	0.000453670139471842	0.00188980716253444
mcomisiones_mantenimiento_delta1	0.00101230904184405	0.00132584249407973	0.00177961432506887
Visa_msaldopesos_deflactada	0.00100872341106935	0.00154628369928484	0.00116804407713499
mcomisiones_deflactada	0.00100470504583089	0.00100925207507674	0.0018236914600551
mcomisiones_otras_delta1	0.000982693803340447	0.00134390169354627	0.00191735537190083
ccomisiones_otras_lag1	0.000977840893532531	0.000886931998234474	0.0020495867768595
Master_mlimitecompra_deflactada	0.000974839476238591	0.000881698711933902	0.00207162534435262
mtarjeta_master_consumo	0.00096736280103604	0.00177189875956929	0.000859504132231405
Visa_cconsumos	0.000953295337308354	0.00164291030544608	0.00176859504132231
Visa_mpagospesos_deflactada	0.000940980532259737	0.00104707394642946	0.00154820936639118
cprestamos_personales_lag1	0.000940369895784828	0.00552539658067986	0.0010137741046832
mttarjeta_visa_debitos_automaticos_deflactada	0.000939873107968329	0.00110102778233527	0.00180165289256198
mtransferencias_emitidas	0.000930511500324897	0.000989885267331124	0.00129476584022039
Visa_mconsumosdolares_lag1	0.000928592472339438	0.000563430438463621	0.00157575757575758
ctarjeta_visa_debitos_automaticos_delta1	0.000917775353567532	0.00117678953759849	0.00130027548209366
Visa_mconsumospesos	0.000916264138614641	0.00147102586492805	0.00184573002754821
tcallcenter	0.000904483581866911	0.000959298099983378	0.000683195592286501
ccallcenter_transacciones	0.000902457028855476	0.00155836590265383	0.00122314049586777
mtarjeta_visa_consumo_delta1	0.000901096217553452	0.000839586440621863	0.00160881542699725
cprestamos_personales	0.00089000131568022	0.00287625529735372	0.00114600550964187
thomebanking	0.000887643624964128	0.00160264902225091	0.000881542699724518
Visa_msaldototal_delta1	0.000871698485829272	0.000728648565706336	0.00183471074380165
mtransferencias_recibidas_lag1	0.00087035276360774	0.00322192773794441	0.00151515151515152
mcaja_ahorro_dolares	0.000852170180506137	0.00429228913153898	0.00152617079889807
mtransferencias_emitidas_lag1	0.000846753932700726	0.00117567849550361	0.00154269972451791
mtransferencias_emitidas_delta1	0.000831419328378226	0.00125170929997263	0.00166391184573003
mttarjeta_visa_debitos_automaticos	0.000820447421971978	0.000922272691983556	0.0015702479338843
Visa_msaldototal	0.000803081854155805	0.000685194872846351	0.00125619834710744
Visa_mconsumospesos_deflactada	0.000789083188872941	0.000864754925397714	0.00154820936639118
Visa_mconsumosdolares_delta1	0.000786150303827128	0.00143597255361134	0.00157575757575758
cplazo_fijo	0.000776053588069296	0.0118841148592154	0.000644628099173554
Master_mlimitecompra	0.000770293029349338	0.000727764260701633	0.00146556473829201
mtarjeta_master_consumo_deflactada	0.000769210969310651	0.000780180655229728	0.000578512396694215
Master_mlimitecompra_lag1	0.000762325221649829	0.00072474116020536	0.00148760330578512
ccomisiones_otras_delta1	0.000761545287301874	0.0013018543169998	0.00166942148760331
mautoservicio_lag1	0.000754131678448723	0.00302205768777594	0.00138292011019284
tpaquete3_delta1	0.000747200807828661	0.00303997374238073	0.00056198347107438
ctarjeta_visa_transacciones_lag1	0.000727023744084723	0.000796842887114182	0.00152066115702479
mcuenta_debitos_automaticos_deflactada	0.000711127908164455	0.00186585775985275	0.00120661157024793
mdescubierto_preacordado_lag1	0.000710901635836219	0.000337209896054027	0.000539944903581267
mtransferencias_recibidas_delta1	0.000700075796754832	0.000702449777879766	0.00154820936639118
mpagomiscuentas_deflactada	0.000685117239393283	0.00144343611941818	0.000848484848484848
Master_mpagominimo_deflactada	0.000681123222991082	0.00290129447824682	0.000809917355371901
ctransferencias_emitidas_delta1	0.00063510568295933	0.00132220286295754	0.00117355371900826
tmobile_app_delta1	0.00062164405126933	0.000804288119694451	0.000859504132231405
mtarjeta_visa_consumo_lag1	0.000618564612248379	0.000474940628184195	0.00125619834710744
ctarjeta_master_transacciones	0.00061560966924981	0.00254924025362892	0.000809917355371901
Master_msaldototal	0.000614258137905084	0.00296874757880566	0.000826446280991735
ctarjeta_debito_transacciones_delta1	0.000607269542149108	0.00103903367316435	0.00132782369146006
mtransferencias_emitidas_deflactada	0.000606971939081764	0.00105481111439571	0.00110743801652893
Master_mpagominimo	0.000596806913443747	0.00158732311260635	0.000776859504132231
Visa_mfinanciacion_limite_delta1	0.000592221147081001	0.0032904825318667	0.00120110192837466
mcuenta_debitos_automaticos_lag1	0.000583365997136122	0.000901927545564516	0.00121212121212121
mautoservicio_deflactada	0.000562530461915489	0.000450739554993086	0.000831955922865014
Visa_mpagado_delta1	0.000561577666265848	0.0010015714244414	0.00114600550964187
tmobile_app	0.000561366837275323	0.000666367984693777	0.00096969696969697
Master_mpagominimo_lag1	0.000557587879892336	0.0013040179412651	0.000942148760330578
ctarjeta_visa_debitos_automaticos	0.000552296994810275	0.000660169593638296	0.00115702479338843
Master_mpagospesos_lag1	0.000546147431839051	0.000645862574307385	0.00114600550964187
Master_mpagospesos_delta1	0.000545078229040219	0.00124664878308535	0.00120661157024793
mautoservicio_delta1	0.000537083997742025	0.000364565498335847	0.00128374655647383
ctarjeta_debito_transacciones_lag1	0.000534078935608797	0.000543077825200647	0.0010137741046832
ctarjeta_debito_transacciones	0.000523162133933272	0.00379661222786694	0.000870523415977961
ctransferencias_emitidas_lag1	0.000517326810919729	0.000949227087992562	0.00102479338842975
Master_msaldopesos_lag1	0.000517104586353027	0.00108541995380268	0.0010137741046832
mextraccion_autoservicio_delta1	0.000516382370541484	0.000735412372895119	0.00105785123966942
Master_msaldopesos	0.000506512954316769	0.00159517689689127	0.000760330578512397
ctransferencias_recibidas	0.000502506810448617	0.00326462928286671	0.000991735537190083
Master_mpagospesos_deflactada	0.000499088837948629	0.000566440487159522	0.000859504132231405
Master_msaldopesos_deflactada	0.000491734938162503	0.00108033412249328	0.000650137741046832
Master_status_lag1	0.000478215674888304	0.00149278534085898	0.000247933884297521
cpagomiscuentas_delta1	0.000476846673755828	0.00225986903041735	0.000903581267217631
Master_mpagospesos	0.000473378679551992	0.000364367718030683	0.000831955922865014
matm_other_delta1	0.000472527937185765	0.000338179432350458	0.000898071625344353
cextraccion_autoservicio	0.000471988074673684	0.000522035894759915	0.000672176308539945
Master_mfinanciacion_limite_delta1	0.000466915846296432	0.000911613377679253	0.000931129476584022
mcuenta_debitos_automaticos_delta1	0.00046337472467694	0.00165481864669291	0.00105785123966942
Master_mpagominimo_delta1	0.000463276137492111	0.00197120952491534	0.000964187327823691
Visa_mconsumosdolares_deflactada	0.000463176725016927	0.000854402055224923	0.000964187327823691
Master_msaldototal_deflactada	0.000458486587434341	0.000787734794460539	0.000528925619834711
tcallcenter_delta1	0.000451439089715282	0.000914715820980574	0.00059504132231405
ctransferencias_recibidas_lag1	0.000444221907120338	0.000747986477372989	0.000848484848484848
Visa_madelantodolares_lag1	0.000441768009977055	2.24470933393287e-05	2.20385674931129e-05
Visa_mconsumosdolares	0.000434769243582942	0.0027389279569141	0.000892561983471074
ccajas_consultas_delta1	0.000434164777390216	0.00177482758357265	0.000947658402203857
ccajas_consultas	0.00042961389896565	0.00274676201173334	0.000892561983471074
mpagomiscuentas_lag1	0.00042903487370077	0.00275335080338505	0.000837465564738292
ctransferencias_emitidas	0.000426254325506415	0.00159679532013733	0.000809917355371901
mplazo_fijo_dolares	0.000424781310282857	0.00401059673778131	0.000550964187327824
tmobile_app_lag1	0.000420602267329612	0.000502066154543187	0.000584022038567493
Visa_mpagosdolares_lag1	0.000419400704421287	0.000729012377053435	0.000732782369146006
Master_cconsumos_delta1	0.000417206916007027	0.000330082945284677	0.000490358126721763
Master_msaldototal_lag1	0.000416936768579523	0.000842671157757098	0.00084297520661157
ctransferencias_recibidas_delta1	0.000415510105132344	0.00119989602003379	0.000925619834710744
tpaquete4	0.000410221912848481	0.00262851895309084	0.00056198347107438
mtarjeta_master_consumo_lag1	0.000405320816501964	0.00362331594678501	0.00068870523415978
thomebanking_lag1	0.000404898599830276	0.000202886048057102	0.00065564738292011
Master_Finiciomora_delta1	0.000400788113709562	0.000231676255670914	0.000192837465564738
cpagomiscuentas	0.000398303064701718	0.000928876781559421	0.000787878787878788
Master_msaldopesos_delta1	0.00039629757941552	0.000681498906511393	0.000815426997245179
ctarjeta_debito	0.000393302750338616	0.00139119346560014	0.000831955922865014
mprestamos_prendarios	0.00039183419718424	0.0038300383135606	0.000352617079889807
cextraccion_autoservicio_lag1	0.000388337614140634	0.000482520567485508	0.000793388429752066
ccuenta_debitos_automaticos_lag1	0.000385822024049591	0.000991198642684783	0.000738292011019284
ctarjeta_debito_lag1	0.000384578406496905	0.000898752619241597	0.000793388429752066
matm_lag1	0.000379819548152182	0.000256963056534785	0.000716253443526171
matm_other_lag1	0.000379388064168042	0.00033887172412458	0.000694214876033058
mextraccion_autoservicio_lag1	0.000376737884041229	0.000574779130651731	0.000765840220385675
mpagomiscuentas_delta1	0.000374763920342819	0.00101531442387812	0.000859504132231405
matm_delta1	0.000374308622283564	0.000383450482176586	0.000848484848484848
ccuenta_debitos_automaticos	0.000374303351850992	0.00150310196952097	0.000798898071625344
ccuenta_debitos_automaticos_delta1	0.000373248100197202	0.00351005096621627	0.000793388429752066
Master_msaldototal_delta1	0.000370473742436179	0.000312179699656065	0.00078236914600551
mprestamos_prendarios_deflactada	0.000370000412170572	0.00372164420418445	0.000391184573002755
Master_mconsumospesos_lag1	0.000365924146027788	0.00104449539632445	0.000798898071625344
cextraccion_autoservicio_delta1	0.000365179634278405	0.000825800097066701	0.000787878787878788
Master_mconsumospesos_delta1	0.000361827477550746	0.00119563512321392	0.000815426997245179
internet_lag1	0.000361146307113207	0.000371055460541022	0.000765840220385675
mplazo_fijo_dolares_delta1	0.000348352984993683	0.00279530657450473	0.000738292011019284
Visa_mconsumototal_lag1	0.000345940505617659	0.000238907438725092	0.000705234159779614
cpagomiscuentas_lag1	0.000344482279020945	0.00051135490839639	0.000683195592286501
Master_cconsumos_lag1	0.000342059129308638	0.000705074161051202	0.000738292011019284
ccaja_ahorro_lag1	0.000337006137118584	0.00034100912337704	0.000506887052341598
ccallcenter_transacciones_lag1	0.000335531094991586	0.000385886130244046	0.000666666666666667
Visa_mlimitecompra_delta1	0.000326191396988444	0.00151903451470558	0.000743801652892562
mextraccion_autoservicio	0.00032554190093479	0.000329064115677075	0.000479338842975207
Master_Finiciomora_lag1	0.000324703596261471	0.0017890471861941	0.000600550964187328
cpayroll_trx_lag1	0.000302273471409406	0.000803817587114548	0.000385674931129477
Visa_mpagado	0.000301465609280162	0.00137271418027979	0.000650137741046832
cliente_vip_lag1	0.000301322789917685	0.000656636440924716	0.000258953168044077
Visa_fultimo_cierre_delta1	0.000301216191290461	0.000307615394007091	0.000683195592286501
mextraccion_autoservicio_deflactada	0.000298963134867475	0.000357165916703853	0.00046831955922865
catm_trx_other_lag1	0.00029046600118853	0.000339995696607732	0.00050137741046832
Master_cconsumos	0.000289922297262692	0.000846539832799297	0.000584022038567493
ctarjeta_master_transacciones_delta1	0.000286038364981783	0.002225997847978	0.000672176308539945
catm_trx_delta1	0.000285236358172245	0.000347151664868141	0.000639118457300276
Master_mconsumospesos	0.000281435628781322	0.00160932468425765	0.000567493112947658
Visa_mconsumototal_delta1	0.000281079571156806	0.000559722816567401	0.000606060606060606
catm_trx_other_delta1	0.000280532508840281	0.000492689376920037	0.000589531680440771
Visa_mpagado_deflactada	0.000279366581729697	0.000956555218605778	0.000550964187327824
Visa_mpagado_lag1	0.000277187865166695	0.00119945116611229	0.000589531680440771
mplazo_fijo_dolares_deflactada	0.000272093345889392	0.00244338875637722	0.00040771349862259
ctarjeta_master_transacciones_lag1	0.000269373053865789	0.00043608135117311	0.000534435261707989
mcheques_emitidos_rechazados_lag1	0.000262792947364604	0.000911909258958372	0.000336088154269972
Visa_msaldodolares_delta1	0.000260085909760026	0.000423780727442559	0.00059504132231405
mttarjeta_master_debitos_automaticos_delta1	0.000254180402204797	0.0011856349551814	0.000683195592286501
mtarjeta_master_consumo_delta1	0.000252465004009953	0.00113639870769637	0.00056198347107438
mcheques_emitidos_rechazados	0.000250701000535605	0.000991073284695169	0.000363636363636364
internet_delta1	0.000246620981140346	0.00029408589774203	0.000534435261707989
ccomisiones_mantenimiento_lag1	0.000244817406147118	0.000342767838300583	0.000440771349862259
Visa_msaldodolares_lag1	0.000243363511443156	0.00042117194572552	0.000534435261707989
Visa_msaldodolares	0.000242395576234392	0.000404054175655078	0.000534435261707989
Visa_mpagosdolares_delta1	0.000234648421311871	0.000372658282332686	0.000556473829201102
cinversion1	0.000231335200082416	0.00761878619429022	0.000352617079889807
Visa_mconsumototal	0.000230834490600205	0.000215191164035223	0.000418732782369146
catm_trx_lag1	0.000229605014369041	0.00141918623856428	0.000539944903581267
Master_mconsumospesos_deflactada	0.000225880957031468	0.000375237196673991	0.000523415977961433
thomebanking_delta1	0.000225008603866508	0.000636518335126091	0.000523415977961433
mcheques_depositados	0.000222254938918573	0.00252353021019672	0.000363636363636364
Master_mlimitecompra_delta1	0.000222227253454864	0.00104152086066676	0.000534435261707989
catm_trx	0.000219670997587108	0.0004235741447604	0.000473829201101928
matm_deflactada	0.00021303450852039	0.000235214689810691	0.000473829201101928
tcuentas_lag1	0.000211171904460699	0.000774967037688785	0.000181818181818182
ccajas_transacciones_delta1	0.000211171514636699	0.000276031554759351	0.000369146005509642
mcaja_ahorro_adicional_deflactada	0.000210903680863502	0.000457568378359533	0.000330578512396694
ccajas_depositos_lag1	0.000207419756570922	0.0040209201655207	0.000429752066115702
mprestamos_prendarios_delta1	0.000206017686292701	0.0012058193519847	0.000336088154269972
mforex_buy_delta1	0.000199948471700286	0.00144912215142652	0.000429752066115702
ccajas_consultas_lag1	0.00019897023320844	0.000685656360225067	0.000451790633608815
mttarjeta_master_debitos_automaticos_lag1	0.000197631127214043	0.000507114651632918	0.000479338842975207
cliente_vip_delta1	0.000193237764184263	0.000321442289202477	0.000214876033057851
matm	0.000192969648798742	0.000263855196309545	0.000385674931129477
mplazo_fijo_dolares_lag1	0.000191406548865903	0.00113088902675817	0.000413223140495868
cseguro_vida_lag1	0.00018911893377453	0.000712288042881632	0.000429752066115702
Master_status_delta1	0.00018612188162274	0.000288432525587642	0.000231404958677686
mcaja_ahorro_adicional_lag1	0.000185054062401878	0.000503295937668421	0.000303030303030303
mforex_sell_delta1	0.00018156407583728	0.000337434326314368	0.000413223140495868
ccheques_emitidos_rechazados_lag1	0.000178938754169317	0.000437126952147985	9.91735537190083e-05
Visa_mpagosdolares	0.000176031769296063	0.000321442107084332	0.000413223140495868
ccajas_extracciones_lag1	0.000174387051864977	0.0019958036697688	0.000385674931129477
ccaja_seguridad_delta1	0.000171302149867215	0.00285423970260528	0.000264462809917355
Visa_Fvencimiento_delta1	0.00017070883229832	0.000460688729945085	0.000385674931129477
ccheques_emitidos	0.00016989227394022	0.00372256475069995	0.000297520661157025
ccajas_otras_delta1	0.000169857462929056	0.000477027823534761	0.000396694214876033
ccajas_transacciones_lag1	0.000166552872487596	0.000290540603818802	0.00031404958677686
Master_delinquency	0.000165347770936545	0.000239197310105435	9.366391184573e-05
ctarjeta_debito_delta1	0.000164182742516881	0.00579206337761361	0.000347107438016529
ccajas_transacciones	0.000162227544476312	0.000129863167572296	0.000264462809917355
cpayroll_trx_delta1	0.000160282555260309	0.000170546661332974	0.000286501377410468
mcaja_ahorro_adicional	0.000159947097552078	0.00047664616460948	0.000286501377410468
mforex_sell_lag1	0.00015783364320931	0.000325878930032003	0.00031404958677686
mcaja_ahorro_adicional_delta1	0.000157814983445764	0.000877531302428318	0.000363636363636364
Master_mpagado_lag1	0.000157777048200277	0.0012536120096426	0.000352617079889807
matm_other_deflactada	0.000157766821290054	0.000209699148557055	0.00031404958677686
minversion2	0.000157477598783798	0.00209755671958571	0.000247933884297521
minversion2_deflactada	0.00015641425724926	0.00259569853164046	0.00028099173553719
matm_other	0.000155784058037765	0.000237446972616549	0.000325068870523416
active_quarter	0.00015569043559256	0.000113184180818528	0.000159779614325069
mcheques_emitidos_rechazados_deflactada	0.000153581518885787	0.000536604678570835	0.000214876033057851
ccajas_otras_lag1	0.00015269450948704	0.000395161832296878	0.00031404958677686
mforex_buy_lag1	0.000152287496958912	0.00173784078461951	0.000325068870523416
catm_trx_other	0.000150849369623157	0.000294149396268489	0.000264462809917355
mforex_sell_deflactada	0.000150211695040239	0.000622433560637784	0.000303030303030303
mforex_sell	0.000149150295875065	0.000613460235411233	0.000308539944903581
ccajas_extracciones	0.000148776672996724	0.0016286503940086	0.000325068870523416
mcheques_depositados_rechazados_lag1	0.000147595637964323	0.00141658826252383	0.000308539944903581
mttarjeta_master_debitos_automaticos_deflactada	0.000145930480314817	0.000312053795312017	0.000319559228650138
Visa_fechaalta_delta1	0.000145665023168271	8.94221337682865e-05	0.000297520661157025
Master_mconsumototal_lag1	0.000145383427066309	0.000475539129113787	0.000303030303030303
mprestamos_hipotecarios_lag1	0.000145240052136622	0.00239624881015	0.00018732782369146
active_quarter_lag1	0.000145034576299141	5.63364875931523e-05	0.000192837465564738
ccajas_depositos	0.000143594578130603	0.00169709846669809	0.000325068870523416
mprestamos_hipotecarios_deflactada	0.00014103795868572	0.00269103361662541	0.000214876033057851
Visa_mpagosdolares_deflactada	0.000140966037014134	0.000292867345235721	0.000330578512396694
mprestamos_prendarios_lag1	0.000140924467206446	0.0019373431382538	0.000181818181818182
Master_Fvencimiento_delta1	0.000140421389208422	0.000137790224057442	0.000303030303030303
mtarjeta_visa_descuentos_delta1	0.000139596087669286	0.00218487399254339	0.000369146005509642
mcheques_depositados_lag1	0.000138335141135011	0.00148023515456411	0.000325068870523416
ctarjeta_master_debitos_automaticos_delta1	0.000135649373371706	0.000387784529784588	0.000303030303030303
Visa_msaldodolares_deflactada	0.000134950298536485	0.000301970884935746	0.000275482093663912
ccheques_emitidos_rechazados	0.000133122792037314	0.000385257519114527	0.000137741046831956
mcajeros_propios_descuentos_delta1	0.000131863336990419	0.000683589683518805	0.000325068870523416
Master_fechaalta_delta1	0.000130753213452446	0.000493936825505308	0.000308539944903581
Visa_mconsumototal_deflactada	0.000130044842488627	0.000126385439480759	0.000253443526170799
mcheques_emitidos	0.000128610449060243	0.00445688860344409	0.000247933884297521
minversion2_lag1	0.00012727480019717	0.00113777151427126	0.000286501377410468
ccheques_emitidos_rechazados_delta1	0.000126436723131093	0.00191600860466055	0.000209366391184573
cforex_buy_delta1	0.000125916229904556	0.00127361319559231	0.000269972451790634
mcajeros_propios_descuentos_lag1	0.000124279475804995	0.000258186951173339	0.000264462809917355
cseguro_vida	0.000124009625606956	0.00033557168263624	0.000297520661157025
cseguro_vivienda	0.000123425232982472	0.000975674831322962	0.000275482093663912
tpaquete4_lag1	0.00012324982397087	0.000404650491166933	0.000236914600550964
Master_mpagado_delta1	0.000120038758140781	0.000277855164448462	0.000236914600550964
mttarjeta_master_debitos_automaticos	0.000118350028683363	0.000207660093102743	0.000269972451790634
mcheques_depositados_delta1	0.000116989882973829	0.00225475982727938	0.000319559228650138
cforex	0.000116153871299888	0.000174686631704755	0.000225895316804408
cseguro_accidentes_personales_lag1	0.000115947778534944	0.000422287965716353	0.000264462809917355
mcheques_depositados_deflactada	0.000111499260497321	0.000719499982118517	0.000209366391184573
cseguro_vivienda_lag1	0.000110777254660763	0.000511418224804704	0.000247933884297521
mpagodeservicios_lag1	0.000110756384416798	0.000384335515653868	0.000225895316804408
cpagodeservicios_lag1	0.000110083821543054	0.000184375620534	0.000192837465564738
Master_mpagosdolares_lag1	0.000109983211081993	0.000695522853539364	0.000225895316804408
Master_mconsumosdolares_delta1	0.000107590461596345	0.000784552644117879	0.000220385674931129
Master_mconsumosdolares_lag1	0.000105139994279577	0.000277070053126582	0.000198347107438017
cseguro_accidentes_personales	0.000103279239490937	0.000289492392483853	0.000214876033057851
ccajas_otras	0.000102066474356721	0.000412480357268847	0.000231404958677686
ctarjeta_visa_lag1	0.000101274437832508	0.000152496871303913	0.000104683195592286
minversion2_delta1	0.000100836810870994	0.00273645430686044	0.000214876033057851
ccajas_extracciones_delta1	0.000100104017015436	0.00131984522216207	0.000264462809917355
ctarjeta_master_debitos_automaticos_lag1	9.96098965059301e-05	0.000236881860013489	0.000236914600550964
mpagodeservicios_delta1	9.86941096526473e-05	0.00044610634797936	0.000264462809917355
ccajas_depositos_delta1	9.8414353753719e-05	0.000256895065760757	0.000231404958677686
Master_mpagosdolares_delta1	9.76822919894465e-05	0.000758105629260058	0.000225895316804408
mforex_buy_deflactada	9.71468977934046e-05	0.000758109028798759	0.00018732782369146
mtarjeta_visa_descuentos	9.66283415961782e-05	0.00418349600130775	0.000258953168044077
mtarjeta_visa_descuentos_lag1	9.59002630090042e-05	0.0014740948591968	0.000258953168044077
ctarjeta_master_debitos_automaticos	9.29658208838173e-05	0.00055817092715021	0.000198347107438017
mtarjeta_visa_descuentos_deflactada	9.23164272987616e-05	0.00324189140755632	0.000231404958677686
ccajeros_propios_descuentos	9.14082277565411e-05	0.00430665964939635	0.000247933884297521
cforex_lag1	9.07193431564495e-05	0.000372390629365999	0.000170798898071625
ccheques_emitidos_lag1	8.9778676786364e-05	0.00126421067860471	0.000176308539944904
tcallcenter_lag1	8.89231725018404e-05	4.3239339803652e-05	0.000176308539944904
mcheques_emitidos_rechazados_delta1	8.85072213265195e-05	0.000552301684288282	0.000176308539944904
minversion1_pesos_lag1	8.83508988798248e-05	0.000471950308953972	0.000192837465564738
cforex_delta1	8.78826935554843e-05	0.000153070846990016	0.00018732782369146
Master_mpagado_deflactada	8.73425041917477e-05	0.000162445378489381	0.000170798898071625
mcheques_emitidos_lag1	8.62569531678045e-05	0.000505235738733862	0.000192837465564738
ccheques_depositados	8.5929680151483e-05	0.000823643453996949	0.000121212121212121
Master_mpagado	8.56685162074811e-05	0.000203852549051121	0.000209366391184573
mtarjeta_master_descuentos_lag1	8.30658788403997e-05	0.00543193124198068	0.000247933884297521
ctarjeta_visa_descuentos_delta1	8.2982104614928e-05	0.000469420627217789	0.000231404958677686
tpaquete3_lag1	8.26046194663895e-05	0.000165342513935557	0.000176308539944904
mcheques_emitidos_delta1	7.94716255396754e-05	0.000464328361067277	0.000154269972451791
Master_delinquency_delta1	7.90723908517345e-05	0.000225456921028791	0.000137741046831956
Master_mconsumototal	7.77396074822157e-05	0.000226105990096566	0.000126721763085399
Visa_delinquency_delta1	7.52085987386193e-05	9.15978992432339e-05	0.000132231404958678
mcajeros_propios_descuentos_deflactada	7.45647345284146e-05	0.000297040764640082	0.000159779614325069
ctarjeta_master_descuentos_lag1	7.33686413475366e-05	0.000211486941677705	0.000148760330578512
Master_msaldodolares_lag1	7.33507560934467e-05	0.000129413457166939	0.000165289256198347
cforex_buy	7.28548220811809e-05	0.000238113403614121	0.000148760330578512
cplazo_fijo_lag1	7.06192584182571e-05	0.000237313601428567	0.000121212121212121
ccheques_depositados_lag1	6.85625551551809e-05	0.000712745280836971	0.000159779614325069
ctarjeta_master_lag1	6.77861552182104e-05	0.000164634256470749	9.366391184573e-05
mpagodeservicios_deflactada	6.7013140976736e-05	0.00292868377238541	0.000176308539944904
Visa_delinquency_lag1	6.66428956326751e-05	6.06486203177397e-05	0.000115702479338843
ctarjeta_visa_descuentos	6.6531512467488e-05	0.000226974875765016	0.000143250688705234
cseguro_vida_delta1	6.57032998931982e-05	0.000817349633033635	0.000137741046831956
active_quarter_delta1	6.56538206583129e-05	0.000127635680544249	0.000170798898071625
ctarjeta_master_descuentos_delta1	6.49312473653657e-05	0.000165180003844421	0.000148760330578512
Master_mpagosdolares_deflactada	6.45700596610394e-05	0.000185968000885367	0.000137741046831956
mforex_buy	6.40818884763539e-05	0.000252369611982656	0.000137741046831956
cliente_edad_delta1	6.37973266288656e-05	3.10354208079459e-05	0.000148760330578512
mcheques_depositados_rechazados	6.20288541331893e-05	0.000131539140152089	0.000110192837465565
cliente_vip	6.07931624308892e-05	6.44867602176742e-05	0.000137741046831956
cinversion2_lag1	6.06189102968185e-05	0.000254919448126854	0.000115702479338843
ctarjeta_visa_descuentos_lag1	5.88818840740068e-05	0.000273562396953263	0.000143250688705234
cplazo_fijo_delta1	5.79152496219864e-05	0.00045651822443104	0.000148760330578512
cprestamos_hipotecarios	5.72169676337683e-05	0.000392573629930192	6.61157024793388e-05
mcheques_depositados_rechazados_delta1	5.55693356410774e-05	0.000437393755229997	0.000137741046831956
cinversion2_delta1	5.54804701771372e-05	0.00215738514048568	0.000143250688705234
ccheques_emitidos_delta1	5.53427034132985e-05	0.000509054452698359	0.000132231404958678
Master_mconsumosdolares	5.50459168705591e-05	0.000536502813821889	9.91735537190083e-05
Master_msaldodolares	5.40238594003989e-05	0.00244458873283277	0.000159779614325069
cforex_sell_delta1	5.37335816791647e-05	8.90205025531348e-05	0.000104683195592286
cseguro_auto_lag1	5.22358112714007e-05	0.00010447177018731	0.000121212121212121
cpagodeservicios	5.21922880112156e-05	0.000869351769488544	9.91735537190083e-05
cpagodeservicios_delta1	5.1652164189095e-05	0.000423412727378132	0.000126721763085399
cforex_sell_lag1	5.12873894289047e-05	4.10731658843264e-05	0.000104683195592286
Master_msaldodolares_delta1	5.12661644239412e-05	9.90640147040981e-05	0.000121212121212121
Master_mpagosdolares	5.05386101696947e-05	0.000449438260143027	9.91735537190083e-05
Master_mconsumototal_delta1	5.01409185560781e-05	0.000495840020823661	0.000121212121212121
ccajeros_propios_descuentos_delta1	4.99257365140936e-05	0.000100369741095679	0.000115702479338843
mcheques_depositados_rechazados_deflactada	4.96586429933981e-05	0.000208403013721096	9.366391184573e-05
mcheques_emitidos_deflactada	4.94835313120168e-05	0.000823966531585679	8.26446280991736e-05
Master_mconsumototal_deflactada	4.88021721589565e-05	2.00484759612945e-05	8.26446280991736e-05
mcajeros_propios_descuentos	4.65493135698871e-05	0.000116303014752874	9.366391184573e-05
mpagodeservicios	4.64292217828863e-05	0.000519048792950249	0.000121212121212121
Visa_madelantopesos_deflactada	4.62429871703895e-05	0.000163091776491034	8.81542699724518e-05
ccajeros_propios_descuentos_lag1	4.60339709773342e-05	0.00276381925787369	0.000126721763085399
mprestamos_hipotecarios	4.56269240914951e-05	0.00120736535291521	7.71349862258953e-05
Master_mconsumosdolares_deflactada	4.45781117377416e-05	1.58560555638351e-05	7.16253443526171e-05
ccheques_depositados_rechazados_lag1	4.36003411556022e-05	0.000601162586277045	8.26446280991736e-05
tcuentas	4.35611310475998e-05	7.40390390262844e-05	0.000104683195592286
mtarjeta_master_descuentos_delta1	4.26854096178885e-05	0.000322089172852516	0.000121212121212121
cseguro_vivienda_delta1	4.26158900641582e-05	0.000378292410669783	0.000115702479338843
ctarjeta_master_delta1	4.06297932070967e-05	2.43856802838048e-05	5.50964187327824e-05
cprestamos_hipotecarios_lag1	4.04345072017218e-05	7.92049416133104e-05	4.40771349862259e-05
minversion1_pesos	4.00148240333893e-05	0.000520171308488243	9.366391184573e-05
ccheques_depositados_rechazados	3.83222682755765e-05	0.000292437728532331	6.61157024793388e-05
minversion1_pesos_delta1	3.73606824927199e-05	6.5808998654376e-05	9.366391184573e-05
cliente_antiguedad_delta1	3.73205413008237e-05	0.00558296898270911	0.000148760330578512
minversion1_pesos_deflactada	3.68040663647649e-05	0.00118793219345887	9.366391184573e-05
minversion1_dolares_lag1	3.57362118290123e-05	0.000786506286162319	8.26446280991736e-05
cinversion2	3.38045998029164e-05	0.00213168657049661	0.000110192837465565
cforex_sell	3.29835876879836e-05	6.82573949919664e-05	5.50964187327824e-05
mprestamos_hipotecarios_delta1	3.2636284932171e-05	0.000264157694547922	7.71349862258953e-05
ccheques_depositados_delta1	3.18747706498318e-05	0.000142918367482463	8.81542699724518e-05
cinversion1_lag1	3.1442107420384e-05	0.000130803868495814	5.50964187327824e-05
cseguro_accidentes_personales_delta1	3.06275574266658e-05	0.000313303793551314	8.26446280991736e-05
Visa_madelantopesos	3.03633826993169e-05	0.000130479758904264	6.61157024793388e-05
cforex_buy_lag1	3.01082012287777e-05	7.25062720142884e-05	6.61157024793388e-05
minversion1_dolares	2.65001676143868e-05	0.00297398760347759	9.366391184573e-05
mtarjeta_master_descuentos	2.64773851270266e-05	0.000216962809347041	6.06060606060606e-05
Master_msaldodolares_deflactada	2.61778570203064e-05	0.000490125942621033	6.61157024793388e-05
Master_cadelantosefectivo	2.42024399705682e-05	0.000408032910762734	4.40771349862259e-05
cprestamos_prendarios_lag1	2.32757967858866e-05	8.27329950188381e-05	4.40771349862259e-05
Visa_madelantopesos_lag1	2.17561720527393e-05	6.10116424862112e-05	6.06060606060606e-05
cinversion1_delta1	2.10165985442176e-05	0.000228209697492253	4.40771349862259e-05
minversion1_dolares_delta1	2.02706342999308e-05	0.000333857222421863	4.95867768595041e-05
cseguro_auto	1.986256736287e-05	3.65747870037405e-05	4.95867768595041e-05
Visa_cadelantosefectivo	1.91175412553794e-05	7.03321456026435e-05	3.85674931129477e-05
Visa_madelantopesos_delta1	1.7867775183754e-05	0.000402628129875887	4.95867768595041e-05
Master_delinquency_lag1	1.68685866493883e-05	1.18314266837093e-05	3.85674931129477e-05
mtarjeta_master_descuentos_deflactada	1.61285039213018e-05	0.000175553392661517	4.40771349862259e-05
ccuenta_corriente_lag1	1.49801155657808e-05	0.000214906574081077	3.85674931129477e-05
tpaquete4_delta1	1.49527541325673e-05	0.000329268512941497	3.30578512396694e-05
Master_madelantopesos_lag1	1.38090965618161e-05	9.15155818418213e-06	3.30578512396694e-05
ccheques_depositados_rechazados_delta1	1.21040939423215e-05	0.00048310941615343	3.30578512396694e-05
Visa_cadelantosefectivo_delta1	1.20801982046701e-05	3.67359615618161e-05	3.85674931129477e-05
ccuenta_corriente	1.1564480397701e-05	0.000668441642595586	3.85674931129477e-05
Master_madelantopesos_deflactada	9.52332263866836e-06	1.7351791886405e-05	2.20385674931129e-05
ctarjeta_master_descuentos	9.5055242360357e-06	1.75778005040002e-05	2.75482093663912e-05
Master_cadelantosefectivo_delta1	8.46508992447726e-06	2.4587831424442e-05	2.20385674931129e-05
Visa_cadelantosefectivo_lag1	8.37219886526738e-06	5.19073136075593e-06	2.20385674931129e-05
mplazo_fijo_pesos_delta1	8.31828456374099e-06	5.77296306941977e-05	2.20385674931129e-05
tcuentas_delta1	7.8771006219549e-06	0.000136833800267431	2.20385674931129e-05
cpayroll2_trx_delta1	6.86101504590367e-06	1.03716283416971e-05	1.10192837465565e-05
Master_madelantopesos	6.55708673403213e-06	3.75691520739015e-05	1.10192837465565e-05
mplazo_fijo_pesos_lag1	6.24227659955683e-06	2.62814694642723e-05	1.65289256198347e-05
cprestamos_prendarios	5.94621328159698e-06	8.17851914876768e-05	1.10192837465565e-05
mpayroll2_lag1	4.78435891997426e-06	0.000814061672048894	2.20385674931129e-05
Master_madelantopesos_delta1	4.18795711679007e-06	1.50053210038085e-06	5.50964187327824e-06
mpayroll2_delta1	3.65162831040324e-06	9.02355341086459e-05	1.10192837465565e-05
mplazo_fijo_pesos	1.53625688796381e-06	8.4855885525769e-05	5.50964187327824e-06
Master_cadelantosefectivo_lag1	1.1720245463582e-06	2.92663858562023e-07	5.50964187327824e-06
