Feature	Gain	Cover	Frequency
ctrx_quarter	0.153455541867437	0.0359894288485773	0.00375020633872565
mcaja_ahorro	0.0485229141497236	0.0283234330058308	0.003378796632552
mdescubierto_preacordado_delta1	0.0302158479504474	0.00629457100117668	0.00126382469461869
mtarjeta_visa_consumo	0.0215286506723785	0.0325822173373668	0.0020118025751073
mdescubierto_preacordado	0.0182007737658188	0.00430831171116292	0.00146500495212942
foto_mes	0.0172413954432683	0.0160450989217985	0.00792856553317927
Visa_status	0.0154855143951164	0.00722874090999382	0.000887256520303731
mcuenta_corriente_deflactada	0.0148646590615451	0.00354838785826973	0.00324983492901948
mcuentas_saldo	0.0147060503209686	0.0151140831420652	0.0040597144272037
ctarjeta_visa_transacciones	0.0111165213281616	0.0332530675010554	0.00329626114229119
mcaja_ahorro_deflactada	0.0101794045131409	0.00672028070773355	0.00193442555298779
mcuentas_saldo_deflactada	0.00986346671379341	0.00949175438434493	0.00350775833608452
Visa_Finiciomora	0.00978960992111091	0.0189008999452933	0.00236773687685705
mprestamos_personales_delta1	0.00974970419664112	0.00816915112121087	0.0053957576758006
cpayroll_trx	0.00942472375246808	0.0333152509756514	0.00174872069990096
ctarjeta_visa	0.00924665305275844	0.00579244210017003	0.000593223836249587
mprestamos_personales	0.00902897476549399	0.010670983459407	0.00380694948827996
ctrx_quarter_delta1	0.00778862681668053	0.0152278033320552	0.00788213931990756
mpayroll	0.00695906657227701	0.0238059372263331	0.00193958402112909
mtarjeta_visa_consumo_deflactada	0.00693612187050428	0.00724625482888084	0.00123803235391218
mprestamos_personales_deflactada	0.0055174310626761	0.010158602518728	0.00375020633872565
mdescubierto_preacordado_deflactada	0.00542568660333594	0.00751991494551147	0.00398233740508419
cproductos_delta1	0.00523480714973065	0.0115783946912318	0.00226972598217233
Master_status	0.00440513167972515	0.00170158873880937	0.00061385770881479
Visa_mpagospesos	0.00432993404429466	0.00149081949818019	0.00178482997689006
mcuenta_corriente	0.00402044687808156	0.00288506872984252	0.00351807527236712
mpayroll_deflactada	0.00390830417096041	0.0192798871278639	0.00169197755034665
mcaja_ahorro_delta1	0.00373085206864674	0.00144860413781632	0.0033942720369759
cproductos	0.00369470855565536	0.011807626991195	0.0033891135688346
mcuentas_saldo_delta1	0.00363943121298005	0.00771943361273959	0.00506561571475735
Visa_mfinanciacion_limite	0.00360240589733736	0.00193246275197262	0.00243995543083526
cliente_edad	0.00354554473221538	0.00499063413127491	0.00653062066688676
ccaja_ahorro	0.00352260242942674	0.0112544073011817	0.00275462198745461
Visa_fechaalta	0.00342652425339379	0.00226076645341857	0.00399265434136679
Master_Finiciomora	0.00330192869550674	0.008285621972917	0.00172808682733575
mactivos_margen	0.00318348179656631	0.0058095743146039	0.00421962693958402
mrentabilidad_annual_delta1	0.00314307810579759	0.00185136293066932	0.00537512380323539
cliente_edad_lag1	0.00303242077002487	0.00667506569230718	0.00575685044569165
Visa_delinquency	0.00299700327851315	0.00234470718852492	0.000247606470782436
cprestamos_personales_delta1	0.00298129145406678	0.00165937881917415	0.000840830307032024
ctrx_quarter_lag1	0.00294304167091752	0.00163483099827096	0.00296611918124794
numero_de_cliente	0.00291309471309962	0.0125725664491371	0.00601993232089799
mrentabilidad_annual_lag1	0.00288654058242773	0.00224980082484544	0.00515846814130076
Visa_fultimo_cierre_lag1	0.00281253813622507	0.00114122249169248	0.00251733245295477
mrentabilidad_annual	0.00270152153027544	0.00199039082999742	0.00377599867943216
mcuentas_saldo_lag1	0.00267658724254841	0.00172845644373664	0.00358513535820403
Master_Fvencimiento	0.00252353261561033	0.000900718815542124	0.00425057774843183
Visa_Fvencimiento_lag1	0.00251854635369329	0.000733063402270783	0.00418351766259492
Master_fechaalta	0.00250541808424369	0.00301188795412235	0.00386369263783427
Visa_Finiciomora_delta1	0.00246616514951	0.00147191381956825	0.000567431495543084
mactivos_margen_deflactada	0.00246136438552585	0.00493457168977237	0.00325499339716078
chomebanking_transacciones	0.00238534984078991	0.002176916503804	0.00403908055463849
Master_Fvencimiento_lag1	0.0023780302941728	0.00113365059762566	0.00428668702542093
mcaja_ahorro_lag1	0.00237688771382596	0.00324999472259989	0.00364703697589964
mcuenta_corriente_lag1	0.00234410933679096	0.00172494760048105	0.00357997689006273
canarito63	0.00234223365995826	0.000336978889938272	0.00425057774843183
mcuenta_corriente_delta1	0.00233668027407137	0.00224985192502237	0.00397717893694289
ctarjeta_master	0.00231008318746858	0.000284829292463839	0.000412677451304061
Visa_Fvencimiento	0.00229163165509388	0.000832392864980996	0.00430216242984483
mttarjeta_visa_debitos_automaticos_delta1	0.00222807317758035	0.00239846596150838	0.00396170353251898
canarito88	0.00222126332322647	0.000653060367854799	0.00414224991746451
canarito41	0.00220964426740526	0.000436272081124151	0.00414740838560581
canarito69	0.00219860118487187	0.000373219370115596	0.00424026081214922
mrentabilidad_annual_deflactada	0.00219534380915992	0.00162340632155309	0.00363156157147573
Visa_status_lag1	0.00216340590373703	0.000272487692946977	0.000278557279630241
canarito99	0.00215760570755778	0.000464738613507916	0.00396170353251898
canarito18	0.00214818913947239	0.000483739878254577	0.00392559425552988
canarito104	0.00213641874301009	0.000344476107337346	0.00392559425552988
Visa_mpagominimo_deflactada	0.00213566447197793	0.0202718325609417	0.00245543083525916
canarito14	0.00212267893595329	0.000492553645306054	0.00420931000330142
mcomisiones_deflactada	0.00212208882249964	0.000558074953588462	0.00165070980521624
canarito86	0.00211850597639612	0.000491439362742295	0.00397717893694289
canarito5	0.00210677026157305	0.000431160996621545	0.0040958237041928
cliente_antiguedad	0.00209360023547803	0.00472018553808128	0.00365735391218224
canarito96	0.00209296159857749	0.000449251099340723	0.00366251238032354
mcaja_ahorro_dolares_delta1	0.00208213824136541	0.00522385000473875	0.00357997689006273
canarito65	0.00207510589094623	0.000326803980595651	0.00379147408385606
mrentabilidad_delta1	0.00207509613429722	0.000601866951770407	0.0033839551006933
canarito75	0.00207211927735835	0.000493946471840515	0.00413193298118191
canarito51	0.00205500874417516	0.000474214869283275	0.00400812974579069
canarito25	0.00204736882810623	0.000426701839428383	0.00382758336084516
canarito108	0.00204671303034431	0.000398470538548025	0.00387916804225817
canarito11	0.00204371415997215	0.000432839834793482	0.00387400957411687
canarito28	0.00204060706512045	0.000411819206269951	0.00417320072631231
mes	0.00203690428103626	0.00501515698883488	0.00310023935292176
canarito23	0.00203630036123638	0.000393799406299411	0.00368830472103004
cliente_antiguedad_lag1	0.00203167978609012	0.00243908164096812	0.00352323374050842
mactivos_margen_lag1	0.00202963177984671	0.00259560158958769	0.00412161604489931
ctarjeta_visa_delta1	0.00202863982478373	7.50973107496872e-05	6.19016176956091e-05
canarito105	0.00202797258096194	0.000277906765363567	0.00363156157147573
canarito43	0.00202589554046963	0.000419511329771848	0.00403392208649719
canarito53	0.00202231350185424	0.000459545704713649	0.00378115714757346
canarito26	0.00201795478952377	0.000328348934170411	0.00377084021129086
canarito70	0.00201683216143946	0.000314754046806822	0.00386885110597557
canarito8	0.00201647279534449	0.000410459450831208	0.00413709144932321
canarito56	0.00200671551808542	0.00049724195318825	0.00395138659623638
canarito95	0.00200012612258838	0.000471261833797643	0.00380694948827996
canarito12	0.00199241715234088	0.000551368668781798	0.00400812974579069
canarito102	0.00199149131614383	0.000604552538104545	0.00378115714757346
canarito52	0.00199007615178084	0.000352913290621463	0.00384305876526907
canarito45	0.00198643805626126	0.000463920797315118	0.00381726642456256
canarito33	0.00197887517223243	0.000345306618563661	0.00383274182898646
canarito4	0.00197765503060923	0.00038208061019157	0.00397202046880159
canarito103	0.00197364139781753	0.000257624475722159	0.00398749587322549
canarito6	0.00196768895228902	0.000344853331190429	0.00394106965995378
canarito42	0.00196620514427396	0.000315415788764027	0.00363672003961704
canarito19	0.00196327709192585	0.000501136874816096	0.00375536480686695
canarito46	0.00195859460143782	0.000421204889915427	0.00401328821393199
canarito35	0.00195635823500633	0.000422795396257513	0.00383790029712777
canarito9	0.00195490066398616	0.000436698911620809	0.00383790029712777
chomebanking_transacciones_delta1	0.0019503555981035	0.0015327724233974	0.00373473093430175
canarito67	0.00194656563449685	0.00046237563037845	0.0040906652360515
canarito34	0.0019464635289416	0.000452047420505037	0.00414740838560581
Visa_fechaalta_lag1	0.00194532259744876	0.00155429114529482	0.00350775833608452
mrentabilidad_lag1	0.00193893998205467	0.000885389935953419	0.00363156157147573
canarito66	0.00193632011543155	0.000351330358627105	0.00368830472103004
canarito22	0.00193585345608153	0.000356944123784611	0.00344069825024761
canarito13	0.00193167918534598	0.000481366973796396	0.00391527731924728
canarito62	0.0019299853749186	0.000436214686770938	0.00418867613073622
canarito77	0.00192669442396457	0.000310434748344258	0.00378115714757346
ccomisiones_mantenimiento	0.00192514772070123	0.000788422282882179	0.00100590128755365
canarito15	0.00192514762244204	0.000394854480933742	0.00379147408385606
canarito107	0.00192080265496834	0.000380831696263955	0.00361092769891053
canarito76	0.00192018466172524	0.000346871094752989	0.00354386761307362
Master_fechaalta_lag1	0.00191747717620202	0.00223352397830015	0.00368830472103004
canarito24	0.00191681310173842	0.000465420518165412	0.00351291680422582
Visa_Finiciomora_lag1	0.00191170875155107	0.00230880296671437	0.00145468801584681
canarito100	0.00190873192539137	0.000572773668782325	0.0040597144272037
canarito82	0.00190770791868909	0.000325016647893571	0.00376568174314955
mrentabilidad	0.00190436172754586	0.000778978778159676	0.0027133542423242
canarito49	0.00190410149795348	0.000308589274522288	0.00359545229448663
canarito68	0.00190345698588306	0.000383137818444978	0.00378631561571476
canarito40	0.001903023929318	0.000407742500296615	0.00395138659623638
canarito109	0.00190110569021089	0.000456702870653423	0.00383274182898646
canarito1	0.00189631473513834	0.000387689254663287	0.00384821723341037
canarito80	0.00189566820011289	0.000536111905517947	0.00401844668207329
canarito79	0.00189535373922668	0.000447142230243509	0.00385337570155167
canarito2	0.00189164473795901	0.000293424043516906	0.00389464344668207
canarito57	0.00188852381162822	0.000271376397449927	0.00348712446351931
canarito72	0.00188188319017775	0.000331992728832715	0.00388948497854077
canarito60	0.00187981997586253	0.000507050626816042	0.00383274182898646
canarito32	0.00187900360398736	0.000241292795166548	0.00324983492901948
ccaja_ahorro_delta1	0.00187392556956752	0.0158630200301944	0.00145468801584681
canarito85	0.00186679399092799	0.000548744103953305	0.00395654506437768
mcaja_ahorro_dolares_lag1	0.00186461406796489	0.00201077371977838	0.00250185704853087
mcomisiones_mantenimiento_deflactada	0.00186204481687631	0.00349609818870279	0.00249154011224827
Visa_fultimo_cierre	0.00185916154689575	0.00128293459050232	0.00284231594585672
canarito84	0.00185784945498051	0.000418982512283236	0.00352323374050842
canarito47	0.00185589838270512	0.000374488233381594	0.00366251238032354
canarito55	0.00185413832513089	0.000424237296030779	0.00372957246616045
canarito83	0.00185175824770909	0.000381584223712951	0.0034200643776824
canarito92	0.00185091982335861	0.000285236493664976	0.00351807527236712
mautoservicio	0.00184171264106951	0.0173696651144848	0.00131025090789039
canarito27	0.00183824012248146	0.000339491119722281	0.00373473093430175
canarito81	0.0018374018111256	0.00029842695353223	0.00361092769891053
canarito64	0.00183220678863544	0.000356910092560309	0.00356965995378013
Visa_status_delta1	0.00183129995061586	0.0006092275108675	0.000283715747771542
canarito59	0.00182720845371392	0.000327023956722647	0.00363156157147573
canarito78	0.0018211234753317	0.000335886476970068	0.00369346318917134
canarito54	0.00181982168259117	0.000504873268546408	0.00377084021129086
canarito3	0.0018182085424106	0.000399881500844653	0.00368314625288874
canarito74	0.00181325618872896	0.000383613615499489	0.00361092769891053
chomebanking_transacciones_lag1	0.00180237876258828	0.000719478329554957	0.00299706999009574
canarito93	0.00179907478013785	0.000464281058896526	0.00371925552987785
canarito98	0.00179837573972374	0.000335017667281293	0.00381210795642126
canarito31	0.00179635098944141	0.000407651181400054	0.00383274182898646
canarito91	0.0017902824236496	0.000830884823016295	0.00373988940244305
canarito36	0.0017854869945819	0.00033519774473152	0.00368830472103004
canarito48	0.00178210804401644	0.00045023789816454	0.00357481842192143
canarito97	0.00177835089409149	0.000398311370564767	0.00358513535820403
Visa_mpagominimo_lag1	0.00177761006377393	0.00190660691589334	0.00244511389897656
canarito106	0.00177553136155134	0.000380447218106005	0.00370893859359525
canarito21	0.00177464246723039	0.000249146860356504	0.00355934301749752
canarito37	0.0017725572118013	0.000511931813862937	0.00371925552987785
canarito94	0.00176532738044107	0.000311126681011423	0.0034252228458237
canarito89	0.0017627405563809	0.000339820870550867	0.00362124463519313
canarito71	0.00175480018490695	0.000306063602938084	0.00348196599537801
canarito73	0.00175175452208849	0.000331971819365745	0.00346649059095411
canarito16	0.00174119139749851	0.000293274263457593	0.00367282931660614
canarito38	0.00173885183743065	0.000408317190595415	0.00343038131396501
canarito50	0.00173670426997358	0.00034057467817131	0.00359545229448663
canarito87	0.00172472415072796	0.000592243262916722	0.00343038131396501
mpasivos_margen	0.00172028099484616	0.0015488943691976	0.00256891713436778
canarito30	0.00171495361405523	0.000322992696835683	0.00350259986794322
canarito17	0.00171486542749655	0.000330499408839655	0.00349744139980191
canarito10	0.00171436054118892	0.000226306681482808	0.0033942720369759
mttarjeta_visa_debitos_automaticos_lag1	0.00169563989278986	0.00132038397924953	0.00279588973258501
canarito20	0.00168890766202809	0.00032775194755224	0.00343038131396501
canarito58	0.00166503144526911	0.000417389765641117	0.00333752888742159
canarito44	0.00166167951295208	0.000332008197571034	0.00366767084846484
canarito61	0.00166028327019737	0.000546095215867316	0.00359545229448663
canarito39	0.0016489505266545	0.000438733104050275	0.00333752888742159
mactivos_margen_delta1	0.00164815324970113	0.0011025949184901	0.00317245790689997
Visa_mpagominimo	0.00164788230131839	0.0114422731011315	0.00216655661934632
ccallcenter_transacciones_delta1	0.00164217458211974	0.00105168217999549	0.00221298283261803
canarito29	0.00163637357239293	0.00036071465542018	0.00349228293166061
Visa_mpagospesos_lag1	0.00163335600757232	0.00149857136301629	0.00287326675470452
canarito90	0.00161498507913498	0.000308261870674688	0.003378796632552
canarito101	0.00159656935924094	0.000417308581435179	0.0033942720369759
canarito7	0.00155738006017676	0.00033215264358265	0.00334784582370419
mcomisiones_lag1	0.00155382446505894	0.000433733394463568	0.00283199900957412
mpasivos_margen_deflactada	0.00155150156842819	0.000812662862638065	0.00230583525916144
Visa_mfinanciacion_limite_lag1	0.00154726213153464	0.00113372314067433	0.00291969296797623
Visa_mpagospesos_delta1	0.00154205782007343	0.00263649655978482	0.00312603169362826
mpasivos_margen_lag1	0.00154149456284727	0.000807476354701034	0.00293000990425883
Visa_mlimitecompra_deflactada	0.00151427684666661	0.000775166640952076	0.00208402112908551
Visa_mfinanciacion_limite_deflactada	0.0014790809777669	0.000990510467566563	0.0026978788379003
Master_mfinanciacion_limite_deflactada	0.00147545066028531	0.000972943848288302	0.00248638164410697
cmobile_app_trx_delta1	0.00147515654311469	0.000769267397561864	0.00265145262462859
mpasivos_margen_delta1	0.00143781466107099	0.00109783748134976	0.00288874215912843
ccomisiones_otras	0.00142985788031176	0.00179191592922252	0.0027391465830307
mpayroll_delta1	0.00142257063494122	0.00973403451174007	0.00242448002641136
ccomisiones_mantenimiento_delta1	0.00141373619390966	0.0036245051456199	0.00175387916804226
Master_fultimo_cierre_lag1	0.00140645633856691	0.000680302842973215	0.00282684054143282
ccaja_seguridad_lag1	0.00136279192507653	0.00175677074239916	0.000691234730934302
Master_mfinanciacion_limite_lag1	0.00135348057523512	0.000919244283234275	0.00250185704853087
ccaja_seguridad	0.00135078728021232	0.00921467492977906	0.00102137669197755
Visa_mpagominimo_delta1	0.00134235420319671	0.00229088504705483	0.00212013040607461
ctarjeta_visa_transacciones_delta1	0.0013368163211232	0.00461041510372935	0.00239868768570485
mprestamos_personales_lag1	0.0013215761403914	0.00117444251402129	0.00151143116540112
Visa_msaldopesos_lag1	0.00130788005640331	0.00109598091270859	0.00154238197424893
cmobile_app_trx	0.0013027564480338	0.000747935047290961	0.00222845823704193
Master_fultimo_cierre	0.00130026982810676	0.000536119586546629	0.00267724496533509
mcomisiones_delta1	0.00129642905217176	0.00059661888892296	0.00249154011224827
ctarjeta_visa_debitos_automaticos_lag1	0.00129107792102521	0.000684822274905346	0.00224393364146583
mcomisiones_mantenimiento_delta1	0.00127878276676224	0.00155796790437188	0.00226972598217233
mcaja_ahorro_dolares	0.00127426389717987	0.000749794816360757	0.00176935457246616
mcomisiones_mantenimiento_lag1	0.00126656534454143	0.00152285696213473	0.00220266589633542
Master_mfinanciacion_limite	0.00125960814202337	0.00109082886271967	0.00245543083525916
mcomisiones	0.00124854351008521	0.00049338063606089	0.00229551832287884
cmobile_app_trx_lag1	0.00123488642632085	0.000632757488789284	0.00236257840871575
internet	0.00123276045219943	0.000572812180606692	0.00112454605480357
Visa_msaldopesos	0.0012296812348649	0.00279404277918115	0.0013773109937273
mpayroll_lag1	0.00122701404428693	0.0054566233656057	0.00172292835919445
mcuenta_debitos_automaticos	0.00122359640803732	0.00559657010798997	0.00178998844503136
cproductos_lag1	0.00120461289584567	0.00163459341978656	0.00165586827335754
Visa_mpagospesos_deflactada	0.00120118568727772	0.000902608135236158	0.0013669940574447
Visa_cconsumos_lag1	0.00119292504564401	0.000968114934908831	0.00238321228128095
Visa_msaldototal_lag1	0.00110864881388469	0.00126330102774174	0.00152174810168372
tpaquete3	0.00110072188195477	0.00299092077275674	0.00108843677781446
ccomisiones_otras_lag1	0.00108403445554325	0.000590945702474117	0.00228520138659624
mtransferencias_recibidas_deflactada	0.00106634591330976	0.00407050492952781	0.00158880818752063
mtarjeta_master_consumo	0.00105279715386783	0.00452683772395207	0.00114517992736877
mtransferencias_recibidas	0.00104057142554334	0.00322825997177078	0.00166102674149884
mrentabilidad_deflactada	0.00103422573364048	0.000787745712272379	0.00210465500165071
ctarjeta_visa_debitos_automaticos_delta1	0.00103215955350888	0.00117056210100318	0.00184157312644437
ccallcenter_transacciones	0.00101095705615894	0.00227867989247804	0.00151658963354242
mcomisiones_otras_deflactada	0.000986757888285967	0.000599670710971927	0.00148563882469462
mtransferencias_recibidas_lag1	0.000986511057543031	0.00199603851969828	0.00171776989105315
mpagomiscuentas	0.000974442228837324	0.0118202796723736	0.00130509243974909
Visa_cconsumos_delta1	0.000971568939153885	0.00126582605924022	0.00196537636183559
Visa_msaldototal_deflactada	0.000971463506213215	0.00160154686068884	0.00126898316275999
mttarjeta_visa_debitos_automaticos_deflactada	0.000971081766011057	0.000882672452014057	0.00176935457246616
mtransferencias_emitidas_delta1	0.000968312758251697	0.000922498905776656	0.00197569329811819
Visa_mconsumospesos_lag1	0.000964764829003526	0.000285151468944697	0.00167134367778145
mttarjeta_visa_debitos_automaticos	0.000927483872479662	0.000854660060451155	0.00174872069990096
mcomisiones_mantenimiento	0.000923774061727001	0.00273711728876135	0.00186220699900957
mtransferencias_emitidas	0.000908353101982445	0.0016952517834652	0.00139278639815121
Visa_mlimitecompra_lag1	0.000875508611314663	0.000597301753709042	0.00153722350610763
Visa_msaldopesos_deflactada	0.000858559436596831	0.00238686558125939	0.00115549686365137
ctarjeta_debito_transacciones_delta1	0.000847829337756604	0.000500649449537607	0.00189315780785738
Visa_mconsumospesos	0.000843708227998903	0.00114587644830751	0.00158880818752063
mcaja_ahorro_dolares_deflactada	0.000813033276494035	0.000899315107550363	0.00151143116540112
mcomisiones_otras_lag1	0.000811397320625191	0.00053960869382574	0.00171776989105315
ccomisiones_otras_delta1	0.00081065172780091	0.0005882674771258	0.00169713601848795
cprestamos_personales_lag1	0.000806272866689528	0.0023420669415962	0.00107296137339056
ctarjeta_visa_debitos_automaticos	0.000804499295343215	0.000736150322353593	0.00168166061406405
thomebanking	0.000800808354005093	0.00184148736808342	0.000918207329151535
tcallcenter	0.00080032763890815	0.00093926051057659	0.00074797788048861
tmobile_app_delta1	0.000797761329673653	0.00118985759182077	0.00102653516011885
mtarjeta_visa_consumo_delta1	0.000772466184060899	0.000602227106670862	0.00146500495212942
ctransferencias_emitidas_delta1	0.000765930999613669	0.0014647867850793	0.00163007593265104
Visa_msaldopesos_delta1	0.00076082402479726	0.000668548735469624	0.00162491746450974
mtransferencias_emitidas_lag1	0.00075699909944039	0.00132270140961167	0.00158364971937933
Visa_mlimitecompra	0.00075664808744257	0.000729430382384826	0.0013412017167382
Visa_mconsumospesos_delta1	0.000735661785519558	0.000556779740126843	0.00164555133707494
Visa_mconsumosdolares_delta1	0.000731172495534943	0.000493241204054109	0.00148563882469462
Master_mlimitecompra_deflactada	0.000721764547197687	0.000551845105922032	0.00155785737867283
Visa_msaldototal	0.000718049933656847	0.000907980268033021	0.00123287388577088
mcomisiones_otras	0.000717819596204946	0.000425891170859498	0.00141342027071641
ctarjeta_visa_transacciones_lag1	0.000714555477378399	0.000708328676336311	0.00144437107956421
Master_msaldototal_deflactada	0.000710999539214119	0.00083370696097146	0.000727344007923407
mautoservicio_deflactada	0.000710633142801262	0.00248525347787025	0.000871781115879828
mtransferencias_recibidas_delta1	0.000707785993368378	0.00047380446765352	0.00156817431495543
cplazo_fijo	0.000699751770455701	0.0130619750332404	0.000737660944206009
cprestamos_personales	0.000698504707879257	0.0043885659792254	0.001372152525586
tpaquete3_delta1	0.00069661602964074	0.00412426914323992	0.000809879498184219
Visa_mconsumosdolares_lag1	0.00067301264354432	0.000344282374725016	0.00128961703532519
Master_fultimo_cierre_delta1	0.000672299575132728	0.000298627087001795	0.000706710135358204
mcuenta_debitos_automaticos_delta1	0.000670631757670392	0.000892488379946716	0.00154754044239023
Master_mpagospesos_lag1	0.000666177097819832	0.000408180852336298	0.00148048035655332
Visa_cconsumos	0.000662701877138396	0.000645798808682949	0.00149595576097722
mcuenta_debitos_automaticos_deflactada	0.000659730533180645	0.00137021977351426	0.00128961703532519
ctransferencias_recibidas_delta1	0.000658535846128218	0.000977872615040647	0.00150111422911852
Visa_msaldototal_delta1	0.000658302185284611	0.00052722314175586	0.00145984648398812
mcuenta_debitos_automaticos_lag1	0.00065032828167317	0.000484807647922425	0.00132056784417299
Visa_mpagado_delta1	0.000643249025606489	0.000713524038792518	0.00153206503796633
Visa_mconsumospesos_deflactada	0.000631958043735613	0.000869589419867407	0.00132056784417299
ccajas_consultas_delta1	0.000627816809710158	0.00119971032468253	0.0013876279300099
cpagomiscuentas_delta1	0.000623665009412996	0.00123380769117643	0.00141857873885771
Master_mpagominimo_deflactada	0.000622898828361294	0.00558616188740111	0.000866622647738528
mpagomiscuentas_lag1	0.00062187126325776	0.000897725027932093	0.00121739848134698
ctarjeta_debito_transacciones	0.000621620519636817	0.00150681598717857	0.00118128920435787
mtarjeta_master_consumo_deflactada	0.000617156452518572	0.0023882608614558	0.00074797788048861
ctarjeta_master_transacciones	0.000609025418547935	0.00338780613901037	0.00101105975569495
mautoservicio_delta1	0.000603867948765902	0.000217468591173836	0.00128961703532519
Master_mpagospesos	0.000599703652956614	0.0010970383343239	0.000969792010564543
Master_status_lag1	0.000598622668936243	0.000835335019009328	0.000392043578738858
mautoservicio_lag1	0.000598599605981838	0.000789864822741169	0.00116581379993397
ctarjeta_debito_transacciones_lag1	0.000596034765746379	0.000325463747771476	0.00124834929019478
Master_mlimitecompra	0.000588317329164532	0.000722169996703469	0.00122771541762958
Master_mlimitecompra_lag1	0.000588256720938576	0.000434815992784012	0.00131025090789039
Master_mpagominimo	0.000573600477584685	0.00226663731967503	0.000892414988445031
Master_mfinanciacion_limite_delta1	0.000571500363740537	0.000752635303439996	0.00112454605480357
mpagomiscuentas_delta1	0.000568450302876396	0.000234762640614816	0.00122255694948828
mtransferencias_emitidas_deflactada	0.000557678804415212	0.00184934986106873	0.00119676460878178
ctransferencias_recibidas	0.00055379021026853	0.000887514913874676	0.00117613073621657
mtarjeta_visa_consumo_lag1	0.000551527980530056	0.000369171467999819	0.00116581379993397
Visa_mfinanciacion_limite_delta1	0.000550092816943954	0.00082988095523985	0.00120192307692308
tmobile_app_lag1	0.000549180772908552	0.00049520221334918	0.000634491581379993
cpayroll_trx_lag1	0.00054684641396764	0.000835808575763806	0.000479737537140971
mcomisiones_otras_delta1	0.000546384588735819	0.000365652063329793	0.00120192307692308
mpagomiscuentas_deflactada	0.000542747509341619	0.00343257512136837	0.00103169362826015
matm_other_delta1	0.00053823857309578	0.0003904121793313	0.00118644767249917
ctransferencias_emitidas_lag1	0.000533204442770176	0.00135793428817916	0.00116581379993397
mextraccion_autoservicio_delta1	0.000525205680615694	0.000332481540963605	0.00109359524595576
mdescubierto_preacordado_lag1	0.000521459677497319	0.00035736252648591	0.000598382304390888
matm_delta1	0.000520372933091992	0.000369546984957639	0.00113486299108617
Master_mpagospesos_delta1	0.000518169853873012	0.000448141510738936	0.00110391218223836
Master_msaldopesos	0.00051756116495612	0.000872092048365562	0.000820196434466821
ccuenta_debitos_automaticos_lag1	0.000505761176157499	0.00108067347599162	0.00115549686365137
tpaquete4	0.000505500125994124	0.00698955517034827	0.000866622647738528
cpagomiscuentas_lag1	0.000501692400678365	0.000763409866424637	0.00111422911852096
matm_lag1	0.000500075515355878	0.000270281530819782	0.00095431660614064
Visa_mconsumosdolares	0.000485010111976331	0.0007696324597862	0.00103169362826015
internet_lag1	0.000481052787348669	0.000205245300834877	0.000845988775173325
tmobile_app	0.000480162082565931	0.000424189182920559	0.000722185539782106
cextraccion_autoservicio_delta1	0.000468696612129809	0.00060491322640977	0.00110391218223836
ccuenta_debitos_automaticos	0.000459805767291596	0.00113834189257456	0.00104716903268405
Master_mpagospesos_deflactada	0.000454310742958648	0.000571128968515644	0.000820196434466821
Master_msaldopesos_deflactada	0.000451388796727386	0.000897240909763176	0.000753136348629911
mplazo_fijo_dolares_delta1	0.000448425813545925	0.00191428805125698	0.00107811984153186
cextraccion_autoservicio	0.000442235050982563	0.000940515932042394	0.000804721030042919
ctransferencias_emitidas	0.000441587482342007	0.00225054353764668	0.000851147243314625
ctransferencias_recibidas_lag1	0.000441441751082089	0.000558713545778664	0.000995584351271047
Master_msaldopesos_delta1	0.000432261771991805	0.000242629080795428	0.000861464179597227
matm_other_lag1	0.000432242405221868	0.000560188089923832	0.000928524265434137
ccajas_consultas	0.000424057092514809	0.00170971388030325	0.00103169362826015
Master_msaldototal_lag1	0.000422133727748208	0.000295700401711783	0.000732502476064708
Master_mpagominimo_delta1	0.000421246566975574	0.000995297882054957	0.000892414988445031
Master_mconsumospesos_lag1	0.000418105366888097	0.000203118189294542	0.000897573456586332
catm_trx_other_delta1	0.000417206063083232	0.00118399355314535	0.000938841201716738
Master_msaldopesos_lag1	0.000412941261615232	0.000277634942292963	0.000825354902608122
ccuenta_debitos_automaticos_delta1	0.000411933925373506	0.00238403160171834	0.00115549686365137
Master_msaldototal	0.000407380707145232	0.00155800460262003	0.000773770221195114
catm_trx_delta1	0.000407017739957563	0.000380539497131151	0.000938841201716738
Master_mpagominimo_lag1	0.000406121318789606	0.00138260415209365	0.000902731924727633
mttarjeta_master_debitos_automaticos_delta1	0.000390172603960257	0.000365636701272428	0.00102137669197755
ccallcenter_transacciones_lag1	0.000389021531182208	0.000406646140133115	0.000820196434466821
mextraccion_autoservicio_lag1	0.000376013748298435	0.000255425674580786	0.000809879498184219
cpagomiscuentas	0.000375780306558369	0.000611571184744306	0.000923365797292836
cliente_vip_lag1	0.000372031225524129	0.000683135969066634	0.000448786728293166
ctarjeta_debito_lag1	0.00037025087140148	0.000389331607948981	0.000835671838890723
ctarjeta_debito	0.000364872918662602	0.000787600306132178	0.000773770221195114
Visa_delinquency_delta1	0.000364279537109564	0.000119219166441172	0.00013412017167382
mprestamos_prendarios_deflactada	0.000360535271120081	0.00209116389937616	0.000469420600858369
Visa_mconsumosdolares_deflactada	0.000357337921790937	0.000713588047364874	0.00081503796632552
mextraccion_autoservicio	0.000357129642391782	0.00041052826004649	0.0006757593265104
Visa_mlimitecompra_delta1	0.000354689493485732	0.000396849308091208	0.000784087157477715
Visa_mpagosdolares_lag1	0.000352048296905666	0.000422124373057317	0.000655125453945196
Master_Finiciomora_delta1	0.000350810083302906	0.000657906243505944	0.000247606470782436
mprestamos_prendarios	0.000346364829411742	0.00261658936037741	0.000459103664575768
ctarjeta_master_transacciones_delta1	0.000344113625635498	0.00106895211954088	0.000840830307032024
ccaja_ahorro_lag1	0.000337259169526449	0.000714435840905726	0.000593223836249587
Master_Finiciomora_lag1	0.000337229556050969	0.00127964518996896	0.000773770221195114
Visa_fultimo_cierre_delta1	0.000334454678148311	0.000454501295807248	0.00060869924067349
Visa_mpagado	0.000327391956893543	0.000373716503360892	0.000794404093760317
Master_cconsumos_delta1	0.000323738604413565	0.000557844202685119	0.000763453284912512
Master_mconsumospesos_delta1	0.000321593445718304	0.000333591022884437	0.000799562561901618
tcallcenter_delta1	0.000320922976281998	0.000513187662052556	0.000572589963684384
Visa_msaldodolares_delta1	0.000320662655384998	0.000421134907209651	0.000706710135358204
ctarjeta_master_transacciones_lag1	0.000316861316779087	0.000272067903393277	0.000639650049521294
mplazo_fijo_dolares_deflactada	0.000316716114617726	0.00191955456990946	0.000572589963684384
Visa_mpagado_lag1	0.000316127877797614	0.000263431546768179	0.000711868603499505
mplazo_fijo_dolares	0.000312430948914705	0.00185557928201135	0.000505529877847474
Visa_mpagosdolares_delta1	0.000312135587012868	0.00044146370974697	0.000727344007923407
Master_status_delta1	0.000311473613106349	0.000294541953233099	0.000221814130075933
ccomisiones_mantenimiento_lag1	0.000306616267182026	0.000259515288949548	0.000500371409706174
mcheques_emitidos_rechazados_lag1	0.000298793966282086	0.000684500098424488	0.000412677451304061
matm_deflactada	0.000291676505636375	0.000184143701467316	0.000588065368108287
mforex_buy_delta1	0.000291259245803134	0.00078627820907017	0.000711868603499505
Master_cconsumos_lag1	0.000289803471542171	0.000619591245498571	0.000732502476064708
mprestamos_prendarios_delta1	0.000288264316196138	0.000862347489991079	0.000551956091119181
Visa_mpagado_deflactada	0.000288003751131584	0.000475338859813841	0.000660283922086497
mextraccion_autoservicio_deflactada	0.000286784600776319	0.000419793927618798	0.00061385770881479
cextraccion_autoservicio_lag1	0.000283449029957681	0.000293696293311325	0.0006757593265104
mcaja_ahorro_adicional_delta1	0.000282700600355373	0.000559010758916303	0.000706710135358204
mcheques_emitidos_rechazados_deflactada	0.000280268343032801	0.000594676975518641	0.000350775833608452
cplazo_fijo_lag1	0.000276094685539281	0.000239214223460249	0.000247606470782436
Master_cconsumos	0.000272637741549795	0.000847026611473918	0.000655125453945196
Visa_msaldodolares_lag1	0.00027257440031358	0.000389413112197781	0.000582906899966986
matm_other_deflactada	0.000271524717389269	0.000141852384264252	0.000557114559260482
Master_msaldototal_delta1	0.000269555990271107	0.000164864212792815	0.000649966985803896
Master_mpagado_delta1	0.000267138678054775	0.000254649037236203	0.000582906899966986
mtarjeta_master_consumo_lag1	0.000265593942385308	0.000383078183791734	0.000588065368108287
internet_delta1	0.000261412080008149	0.000111721735680191	0.000562273027401783
thomebanking_lag1	0.000260059082315635	0.000190048812309994	0.000510688345988775
thomebanking_delta1	0.000257149387910945	0.000123366175163146	0.000526163750412677
mcaja_ahorro_adicional_lag1	0.000257019086580658	0.000313576075713569	0.000551956091119181
Visa_mconsumototal_delta1	0.000256943708696553	0.000219206210551386	0.00054679762297788
ccajas_consultas_lag1	0.000253639482491713	0.000847049334517105	0.000598382304390888
cseguro_vida_lag1	0.000251942084743057	0.000303464428176626	0.000593223836249587
mtarjeta_master_consumo_delta1	0.000251474681460087	0.000588710203084593	0.000639650049521294
catm_trx_lag1	0.000248843031790063	0.000233520874311115	0.00054163915483658
mforex_sell_lag1	0.000246385866966996	0.000290448925073811	0.000567431495543084
mplazo_fijo_dolares_lag1	0.000244798761341218	0.00043028621279935	0.000551956091119181
catm_trx_other_lag1	0.00024306470024375	0.000417062895198287	0.000588065368108287
mttarjeta_master_debitos_automaticos_lag1	0.000242990413263918	0.000249085198765135	0.000603540772532189
ccajas_otras_lag1	0.000242558406839683	0.000274935807477675	0.000531322218553978
Visa_madelantodolares_lag1	0.000242319574546566	3.88050903097097e-05	2.57923407065038e-05
tcuentas_lag1	0.000240048761141117	0.000410588748147366	0.000211497193793331
Visa_mconsumototal_lag1	0.000237826893277067	0.000101364721949217	0.000505529877847474
Visa_msaldodolares	0.000234608107055781	0.000333655138137747	0.000500371409706174
catm_trx	0.000228623867482672	0.000246927256429115	0.000526163750412677
mforex_sell_delta1	0.000225823788403655	0.00030353409083954	0.000557114559260482
matm_other	0.000225497028248279	0.000150858497075657	0.000490054473423572
ccajas_otras_delta1	0.00022537706134758	0.000501858251426545	0.00061385770881479
Master_mlimitecompra_delta1	0.000225233308698678	0.000184647235569848	0.000448786728293166
Visa_mpagosdolares_deflactada	0.000225088343130581	0.000279364347237061	0.000495212941564873
Master_mconsumospesos_deflactada	0.000223131049953429	0.000389117925998267	0.000469420600858369
Master_Fvencimiento_delta1	0.000223109691833898	7.4699924196312e-05	0.000443628260151865
mcaja_ahorro_adicional	0.000217496537227766	0.000238381258571993	0.000479737537140971
matm	0.000214266882314046	0.000271472837032276	0.000490054473423572
mforex_sell_deflactada	0.00021345241613014	0.000461937705062583	0.000484896005282271
mcaja_ahorro_adicional_deflactada	0.000209914141691209	0.000306491180201421	0.000433311323869264
ccajas_transacciones_delta1	0.000205048586132102	0.000110308853126392	0.000386885110597557
cpayroll_trx_delta1	0.000203763601566485	0.000475151954782563	0.000500371409706174
Master_mconsumospesos	0.000202701282936834	0.000257040717542275	0.000448786728293166
Visa_msaldodolares_deflactada	0.000200645442123688	0.000276777014061488	0.000443628260151865
catm_trx_other	0.000200404683482154	0.000521250821912208	0.000464262132717068
mpagodeservicios_delta1	0.000199365013630981	0.000377156857444059	0.000490054473423572
Visa_mpagosdolares	0.000198953772397114	0.000170912916199478	0.000417835919445362
mforex_buy_lag1	0.000195799337271418	0.000508696393892262	0.000500371409706174
ccajas_transacciones_lag1	0.000195640921761849	0.00015366591305918	0.000252764938923737
mcheques_depositados	0.00019379820086977	0.00162062781610808	0.000422994387586662
ccheques_emitidos_rechazados_lag1	0.000188019854588021	0.000423726080899565	0.000180546384945527
ctarjeta_master_debitos_automaticos_delta1	0.000187263749269488	0.000568424819695522	0.000536480686695279
cseguro_vivienda_lag1	0.000187084425484334	0.00041164744993413	0.000355934301749752
ccajas_depositos_delta1	0.000184679439253754	0.0005198567152063	0.000521005282271377
ccheques_emitidos_rechazados	0.000184565016595329	0.000754076989851355	0.000299191152195444
ccajas_transacciones	0.000184010327199002	3.68764053436775e-05	0.000232131066358534
tpaquete4_lag1	0.000181073936246614	0.000462700900606971	0.000371409706173655
ccajas_otras	0.00018050251104427	0.0004741055213055	0.000500371409706174
mtarjeta_visa_descuentos_delta1	0.000177467630777918	0.000372149253466762	0.000386885110597557
ctarjeta_visa_lag1	0.000172127694431404	0.000104000061554057	0.000185704853086827
Visa_mconsumototal_deflactada	0.000171092074621738	0.0001627226993237	0.000335300429184549
ctarjeta_master_debitos_automaticos_lag1	0.000170329089713676	0.000173199089042117	0.000417835919445362
mttarjeta_master_debitos_automaticos	0.000167989865737697	0.000127681739792324	0.000386885110597557
Master_mpagosdolares_lag1	0.000167709693729368	0.000521201855354356	0.00034045889732585
cliente_vip_delta1	0.000166967154170082	0.000581836855904081	0.000278557279630241
ccajas_depositos	0.000165570677576401	0.000373444253566472	0.000417835919445362
cforex_delta1	0.000164618994460375	0.000144968321566529	0.000381726642456256
Visa_delinquency_lag1	0.00016360946181238	2.0468021182193e-05	9.80108946847144e-05
cinversion1	0.000162839877907789	0.00415655037317418	0.000324983492901948
cseguro_vida	0.000162382032483152	0.000218292381500054	0.000392043578738858
ccajas_extracciones_delta1	0.000162327384396826	0.0003489146751064	0.000381726642456256
Visa_Fvencimiento_delta1	0.000159693313777274	5.12049376274163e-05	0.000371409706173655
ccheques_emitidos_lag1	0.000159599650456358	0.00137409378567514	0.000376568174314955
Visa_fechaalta_delta1	0.0001582578439833	6.46058790167667e-05	0.000335300429184549
Visa_mconsumototal	0.000158117869940908	9.57991765828864e-05	0.000278557279630241
cseguro_vivienda	0.000158053090415955	0.00024710562698408	0.000309508088478046
cseguro_accidentes_personales_lag1	0.000157311608847212	7.82169818853517e-05	0.000319825024760647
ccajas_depositos_lag1	0.000156448399011153	0.00219948176585943	0.000361092769891053
mcajeros_propios_descuentos_delta1	0.000156050378011212	0.000272569197195776	0.000361092769891053
mprestamos_prendarios_lag1	0.000154985363278749	0.00113770106008433	0.000304349620336745
mcheques_depositados_delta1	0.000152538240724263	0.000227481452147443	0.000392043578738858
mforex_sell	0.000150217540017788	0.000353588794421724	0.000345617365467151
Master_mpagado_lag1	0.000148808616456293	0.000154922614696431	0.000355934301749752
ccheques_emitidos_rechazados_delta1	0.00014813695978452	0.000740739736991499	0.000294032684054143
ccheques_emitidos	0.000147533736061861	0.00165243623605454	0.000361092769891053
Master_msaldodolares_lag1	0.000145058951857468	0.000239239826889192	0.000299191152195444
ccajas_extracciones	0.000143446646363616	0.000708511847534202	0.000392043578738858
ccaja_seguridad_delta1	0.000143126388391576	0.00153373511232563	0.000283715747771542
mcheques_emitidos_rechazados_delta1	0.000142684971945369	0.000523003376623308	0.000376568174314955
Master_fechaalta_delta1	0.000139737264040317	3.33774834168052e-05	0.000232131066358534
cforex_buy_delta1	0.000139510749401234	0.000524488268821007	0.000355934301749752
cpagodeservicios_lag1	0.000136185290810071	0.000167318941542658	0.000288874215912843
mcheques_depositados_lag1	0.00013469255002214	0.00080286389697708	0.000330141961043249
Master_delinquency	0.000133935092142057	0.000196282287128858	0.00013412017167382
cforex_buy	0.000133626389506232	0.000656776598884819	0.000263081875206339
ctarjeta_visa_descuentos_delta1	0.000133560370138928	0.000181305988092879	0.000319825024760647
active_quarter	0.000131853444071669	9.19778648132491e-05	0.00020118025751073
cpagodeservicios_delta1	0.000126686243530929	0.000168771722773225	0.000288874215912843
Master_mpagado	0.000125801854053146	0.000150211583771049	0.000294032684054143
Master_msaldodolares_delta1	0.000125368849612969	0.000107442975980118	0.000294032684054143
ctarjeta_master_debitos_automaticos	0.000125000168587798	0.000191130023778037	0.000304349620336745
minversion2	0.000124198325852655	0.00197690262358776	0.000350775833608452
mcheques_emitidos_lag1	0.000123461735828993	0.000465485166823492	0.000268240343347639
mcajeros_propios_descuentos_lag1	0.00012053064529561	0.000145508980641027	0.000288874215912843
ctarjeta_debito_delta1	0.000120523132426613	0.00124957332259051	0.000309508088478046
minversion2_deflactada	0.000119415075347493	0.00279252737623063	0.000263081875206339
tpaquete3_lag1	0.000119138290699188	0.000165272587484445	0.000221814130075933
Master_mconsumototal_lag1	0.000119015707845433	6.03360805168235e-05	0.000268240343347639
cforex_sell_delta1	0.000118261112358247	0.000181053154232074	0.000288874215912843
mttarjeta_master_debitos_automaticos_deflactada	0.000117912126482895	0.000182911536449468	0.000309508088478046
mpagodeservicios_lag1	0.000116858507200279	0.000262178045559546	0.000263081875206339
Master_mconsumosdolares_lag1	0.000116607203426191	0.000188547597926345	0.000190863321228128
ccajas_extracciones_lag1	0.00011459174204605	0.000549663480414241	0.000299191152195444
mpagodeservicios	0.000114527293655267	0.000339861942718129	0.00027339881148894
mcheques_depositados_deflactada	0.000114249429670694	0.0011250736622919	0.000283715747771542
mcheques_depositados_rechazados_lag1	0.000113387994215259	0.000560570541143658	0.00027339881148894
mcheques_emitidos_rechazados	0.000112675009465138	0.000768761943202161	0.000247606470782436
minversion2_delta1	0.000112415504387985	0.000370715354765039	0.00027339881148894
mprestamos_hipotecarios_deflactada	0.000111133194992598	0.002057268586609	0.00020118025751073
Master_mpagado_deflactada	0.000111004506297425	0.000124816929455589	0.000263081875206339
mprestamos_hipotecarios_lag1	0.000109615749626277	0.00120791899736334	0.00020633872565203
Master_mconsumosdolares_delta1	0.000108216753273018	0.00016525125129366	0.000252764938923737
cseguro_accidentes_personales	0.000107450279027451	6.05475221675053e-05	0.000211497193793331
minversion2_lag1	0.00010739064871114	0.00067100111723848	0.000294032684054143
cliente_edad_delta1	0.000106388314805696	0.000105729786541017	0.000268240343347639
mcheques_emitidos_delta1	0.000103668534213594	0.00115078707929769	0.000252764938923737
ctarjeta_master_descuentos_delta1	0.000101622654279845	0.000267510279679641	0.00027339881148894
cpagodeservicios	0.000100983168645722	0.000150143841365305	0.000247606470782436
Master_mpagosdolares_delta1	9.96872968650912e-05	0.000142472840692286	0.000278557279630241
cforex_sell_lag1	9.80937108148444e-05	5.40821229548066e-05	0.000216655661934632
Visa_madelantopesos_lag1	9.63623689562003e-05	7.4417966435085e-05	0.000118644767249917
ccheques_depositados_delta1	9.55398144638586e-05	0.00022598013108284	0.000288874215912843
cforex_lag1	9.39457837339551e-05	6.32800481213716e-05	0.000196021789369429
ctarjeta_master_descuentos_lag1	9.2342137994261e-05	0.000350769323490407	0.000221814130075933
cforex	9.22966798623648e-05	0.000167317448009303	0.00020633872565203
minversion1_pesos_lag1	9.14770025672137e-05	0.000188384056023976	0.000216655661934632
mcheques_depositados_rechazados_delta1	8.99134144220732e-05	0.00023621968908354	0.000252764938923737
mtarjeta_visa_descuentos_lag1	8.98150529758893e-05	0.000261679525461849	0.000232131066358534
mprestamos_hipotecarios_delta1	8.71360524278549e-05	0.000372876604210631	0.000252764938923737
cplazo_fijo_delta1	8.53172865349246e-05	0.000178008693168927	0.000226972598217233
ccheques_depositados_lag1	8.43542684945105e-05	0.000599016970086267	0.000196021789369429
mforex_buy	8.40189867813333e-05	0.000241492075188482	0.000221814130075933
cseguro_vida_delta1	8.31966620653952e-05	0.000387659383996188	0.000221814130075933
active_quarter_lag1	8.28975152910446e-05	9.60864683918097e-06	0.000154754044239023
mtarjeta_master_descuentos_delta1	8.27975949872037e-05	6.42774083596278e-05	0.000216655661934632
ctarjeta_visa_descuentos	8.16830819967712e-05	0.000330390167542835	0.000190863321228128
ccajeros_propios_descuentos_delta1	8.08469836417659e-05	8.51060111660915e-05	0.000221814130075933
ccheques_depositados	8.05875096192001e-05	0.000263681606924182	0.000180546384945527
Master_mconsumototal_delta1	8.02804287764929e-05	0.000268188343822796	0.000196021789369429
mcajeros_propios_descuentos	8.02217033123606e-05	0.0001126974396848	0.00020633872565203
ccheques_emitidos_delta1	7.98457109631517e-05	0.000288985049024035	0.000216655661934632
cseguro_vivienda_delta1	7.8752749443206e-05	0.000203254207510798	0.000185704853086827
mcheques_depositados_rechazados_deflactada	7.71541958984104e-05	0.000305783992157844	0.000180546384945527
mpagodeservicios_deflactada	7.66656418248742e-05	0.000607770142355914	0.000247606470782436
ctarjeta_master_lag1	7.59356356491622e-05	0.000199161072670557	0.000185704853086827
active_quarter_delta1	7.56252595084784e-05	4.68473407023919e-05	0.000139278639815121
cprestamos_hipotecarios	7.55892059588364e-05	0.00090523323346942	0.000149595576097722
cforex_sell	7.49020664751195e-05	8.70712876993204e-05	0.000180546384945527
cinversion2_delta1	7.36689510578317e-05	0.000507026836963317	0.00020118025751073
mtarjeta_visa_descuentos_deflactada	7.30891718272018e-05	0.000533995675434912	0.000175387916804226
Master_msaldodolares_deflactada	7.17270596477252e-05	0.000170474457478841	0.000170229448662925
mcheques_depositados_rechazados	7.06249922479643e-05	9.82302221609572e-05	0.000139278639815121
minversion1_pesos_delta1	6.89553068280992e-05	0.000153499384090101	0.00020633872565203
minversion1_pesos	6.88266612375192e-05	0.000307079525662324	0.000170229448662925
mtarjeta_visa_descuentos	6.64517839098174e-05	0.00153254583305126	0.000185704853086827
tcuentas	6.60697958218178e-05	9.46551300329816e-05	0.000118644767249917
tcallcenter_lag1	6.50602932644094e-05	1.60001161508088e-05	0.000123803235391218
cforex_buy_lag1	6.4721614000346e-05	0.000120773081216061	0.000175387916804226
Master_mpagosdolares	6.45705668285574e-05	8.19944477829253e-05	0.000154754044239023
cinversion2_lag1	6.25778258383598e-05	0.000112600360016727	0.000159912512380324
cliente_vip	6.23850562431632e-05	0.000128942922029639	0.000170229448662925
cseguro_auto_lag1	6.2082304588963e-05	8.18620567191029e-05	0.000149595576097722
mforex_buy_deflactada	6.16991336034993e-05	8.90665415806025e-05	0.000144437107956421
Master_mconsumosdolares	6.16906649968683e-05	5.4289724091147e-05	0.000113486299108617
mcheques_emitidos	6.16259829736797e-05	0.00114251802519696	0.000159912512380324
cinversion1_delta1	6.1362345157549e-05	0.000487355509145045	0.000190863321228128
mtarjeta_master_descuentos	6.0917028021055e-05	8.77119068276473e-05	0.000144437107956421
cseguro_auto	5.77555800671892e-05	5.35965112525344e-05	0.000144437107956421
cseguro_accidentes_personales_delta1	5.70642771341932e-05	0.000178792371456469	0.000139278639815121
Visa_madelantopesos_delta1	5.55507033315724e-05	0.000353153429448751	0.000149595576097722
Visa_madelantopesos_deflactada	5.44344639539684e-05	0.000266478141450404	0.00013412017167382
mcajeros_propios_descuentos_deflactada	5.1276114159978e-05	6.1996889607547e-05	0.000128961703532519
Master_mconsumototal_deflactada	5.0801853803776e-05	3.89841009503979e-05	0.000108327830967316
mprestamos_hipotecarios	4.93627955179609e-05	0.00117330860216201	0.000123803235391218
ccajeros_propios_descuentos	4.83697455569945e-05	0.00101611474995649	0.000144437107956421
Visa_cadelantosefectivo_lag1	4.80959813976678e-05	5.11214064404921e-05	5.67431495543084e-05
mplazo_fijo_pesos_delta1	4.8055788498759e-05	0.000393541665114726	0.000154754044239023
ctarjeta_visa_descuentos_lag1	4.7918623691522e-05	3.78688582580531e-05	0.00013412017167382
ccheques_depositados_rechazados	4.74090372617655e-05	0.000281291538669738	8.25354902608122e-05
mcheques_emitidos_deflactada	4.57524032380257e-05	0.000327925197421416	0.000118644767249917
Master_mpagosdolares_deflactada	4.55843888312454e-05	0.000140352236690141	0.000139278639815121
cprestamos_hipotecarios_lag1	4.52022134517211e-05	0.000142646623966232	7.22185539782106e-05
Master_msaldodolares	4.45607783331697e-05	0.000120760386182544	0.000149595576097722
ccajeros_propios_descuentos_lag1	4.18177952131627e-05	5.91802990619869e-05	0.000108327830967316
cinversion2	4.17228543161624e-05	5.68470799186664e-05	0.000118644767249917
Master_mconsumosdolares_deflactada	3.9231749858824e-05	2.44990677072492e-05	9.80108946847144e-05
Master_delinquency_lag1	3.60965822798713e-05	2.71067769450218e-05	6.19016176956091e-05
ccheques_depositados_rechazados_lag1	3.50142793002516e-05	0.000198954965067571	9.80108946847144e-05
cprestamos_prendarios	3.45322099203285e-05	7.95307578329531e-05	8.25354902608122e-05
Visa_madelantopesos	3.4390119483707e-05	0.000192316742709512	8.76939584021129e-05
mtarjeta_master_descuentos_lag1	3.3373563541251e-05	1.44666841190733e-05	9.28524265434137e-05
cprestamos_prendarios_lag1	3.33200695012316e-05	0.000183087666704401	7.73770221195114e-05
Master_delinquency_delta1	3.24221255567787e-05	2.8710191682533e-05	6.70600858369099e-05
mtarjeta_master_descuentos_deflactada	3.23858188881496e-05	6.41205873573563e-05	9.80108946847144e-05
minversion1_dolares_lag1	3.15806904261778e-05	0.000100050946001616	8.25354902608122e-05
Master_mconsumototal	3.09106326869399e-05	2.15457121787557e-05	6.70600858369099e-05
minversion1_dolares_delta1	3.07522215153728e-05	0.000133211333677181	8.76939584021129e-05
ctarjeta_master_descuentos	3.06061302012699e-05	7.60604264017331e-05	6.70600858369099e-05
ccheques_depositados_rechazados_delta1	3.00712842731241e-05	0.000131928495206219	8.76939584021129e-05
cinversion1_lag1	2.95448188144211e-05	0.000209977347908183	7.73770221195114e-05
ctarjeta_master_delta1	2.6164949763054e-05	2.20379381001713e-05	4.64262132717068e-05
ccuenta_corriente	2.60161810064345e-05	9.18070686060132e-05	7.22185539782106e-05
tpaquete4_delta1	2.5626288940665e-05	0.000712357269199427	8.25354902608122e-05
minversion1_pesos_deflactada	2.46941132009334e-05	0.000102799154055709	8.25354902608122e-05
Visa_cadelantosefectivo_delta1	2.23644892927369e-05	0.00010729223579222	6.70600858369099e-05
tcuentas_delta1	2.1024908559107e-05	9.6191655812381e-05	7.73770221195114e-05
Master_madelantopesos	2.05134970698426e-05	0.000105913704505586	5.15846814130076e-05
ccuenta_corriente_lag1	1.86946852491745e-05	7.53832157062094e-05	5.15846814130076e-05
Master_madelantopesos_deflactada	1.83733514525825e-05	9.37208182384958e-05	4.64262132717068e-05
cprestamos_prendarios_delta1	1.73424131047468e-05	2.70265528676693e-05	2.57923407065038e-05
mpayroll2_delta1	1.71549078473943e-05	0.000146413528449367	5.15846814130076e-05
cseguro_auto_delta1	1.52182335391076e-05	4.85193512932776e-05	4.64262132717068e-05
minversion1_dolares	1.5118029337121e-05	8.67323623086968e-05	4.64262132717068e-05
Visa_cadelantosefectivo	9.43700351873545e-06	4.59372454844473e-05	2.57923407065038e-05
minversion1_dolares_deflactada	9.11487022144757e-06	4.99992294861422e-06	1.54754044239023e-05
cprestamos_hipotecarios_delta1	8.64963490673349e-06	0.000272158582204114	2.57923407065038e-05
Visa_madelantodolares_delta1	7.3833022358303e-06	8.40385615411057e-05	3.09508088478046e-05
Master_madelantopesos_delta1	7.22682898068611e-06	9.71596787883075e-06	1.54754044239023e-05
Master_madelantopesos_lag1	6.97668166290595e-06	1.78838884352381e-05	2.0633872565203e-05
mplazo_fijo_pesos_deflactada	6.48694634447796e-06	1.51832600865958e-05	2.0633872565203e-05
mplazo_fijo_pesos	6.25157804942384e-06	1.09640283588136e-05	1.54754044239023e-05
Visa_madelantodolares	6.13325621556958e-06	6.60804231619349e-05	2.0633872565203e-05
mplazo_fijo_pesos_lag1	6.05040147477076e-06	7.53658267107195e-06	2.0633872565203e-05
Master_cadelantosefectivo_delta1	5.3171801508377e-06	2.81744399319155e-06	1.54754044239023e-05
Master_cadelantosefectivo	4.91744350544553e-06	0.000154774861575243	1.54754044239023e-05
cpayroll2_trx_delta1	3.47148807152004e-06	2.25630217553962e-06	1.03169362826015e-05
mpayroll2_lag1	2.93784714399248e-06	1.97041855520812e-05	1.03169362826015e-05
tpaquete1	1.94138131613047e-06	1.01816302427187e-06	5.15846814130076e-06
cpayroll2_trx	1.89319726626419e-06	7.18709586600964e-07	5.15846814130076e-06
mpayroll2	1.69174650232757e-06	2.48886665509878e-07	5.15846814130076e-06
mcuenta_corriente_adicional	1.66087700305974e-06	9.20123227613673e-06	5.15846814130076e-06
mcuenta_corriente_adicional_delta1	1.56675543762273e-06	2.74835740742893e-05	5.15846814130076e-06
mcuenta_corriente_adicional_lag1	1.26447807166587e-06	2.33193897187331e-06	5.15846814130076e-06
Visa_madelantodolares_deflactada	1.23456981860554e-06	3.23638009925983e-06	5.15846814130076e-06
cpayroll2_trx_lag1	1.16943134118273e-06	3.73308662074032e-06	5.15846814130076e-06
