fecha	objective	metric	first_metric_only	boost_from_average	feature_pre_filter	verbosity	seed	max_depth	min_gain_to_split	lambda_l1	lambda_l2	max_bin	num_iterations	force_row_wise	learning_rate	feature_fraction	bagging_fraction	bagging_freq	min_gain_to_split	min_data_in_leaf	num_leaves	max_bin	lambda_l1	lambda_l2	ratio_corte	iteracion_bayesiana	ganancia
20211120 225043	binary	custom	TRUE	TRUE	FALSE	-100	999983	-1	0	0	0	31	198	TRUE	0.0772112887068652	0.633040470168344	0.440976799814962	52	5.39393354603089	3644	287	16	41.9139528233791	28.7003108416684	0.0413873616027717	1	5768750
20211120 225141	binary	custom	TRUE	TRUE	FALSE	-100	999983	-1	0	0	0	31	166	TRUE	0.0638561918716878	0.490051603609463	0.628601355638239	33	8.63077310888912	4678	222	59	58.2743513252353	35.0992320541991	0.0433791100733934	2	5821250
20211120 225209	binary	custom	TRUE	TRUE	FALSE	-100	999983	-1	0	0	0	31	203	TRUE	0.053631811184343	0.616793097302434	0.321516701575019	92	2.4939877485449	4891	626	48	62.5339758832706	7.70540009252727	0.0424250792933477	3	5713750
20211120 225303	binary	custom	TRUE	TRUE	FALSE	-100	999983	-1	0	0	0	31	252	TRUE	0.0649580881008878	0.188847564625903	0.525633688253001	65	4.35836993559496	4179	428	40	72.9761936335126	76.0679731407436	0.0421907559438628	4	5748750
20211120 225330	binary	custom	TRUE	TRUE	FALSE	-100	999983	-1	0	0	0	31	157	TRUE	0.0596981963715516	0.684549638818135	0.460339306706446	45	10.3154991645715	4463	456	32	56.6177283204161	86.3766502786893	0.0437222264065677	5	5770000
20211120 225404	binary	custom	TRUE	TRUE	FALSE	-100	999983	-1	0	0	0	31	146	TRUE	0.0814079891266301	0.122113602834288	0.720087474111351	73	12.208644871891	2419	702	79	83.657208160148	66.5474609675584	0.0503083862653042	6	5836250
20211120 225524	binary	custom	TRUE	TRUE	FALSE	-100	999983	-1	0	0	0	31	416	TRUE	0.0370904281623662	0.220554879714618	0.268313526206766	47	8.03931231232127	5277	806	23	5.9139002172742	58.9967821585014	0.05617483869348	7	4810000
20211120 225645	binary	custom	TRUE	TRUE	FALSE	-100	999983	-1	0	0	0	31	478	TRUE	0.0425378292985261	0.706787938707275	0.557114808029728	43	3.48374241901911	2674	527	14	76.2592554138973	55.1486357825343	0.0493710928673646	8	5626250
20211120 225804	binary	custom	TRUE	TRUE	FALSE	-100	999983	-1	0	0	0	31	220	TRUE	0.0729224329879507	0.451372505624895	0.966772640548879	81	9.41918623389211	3284	485	66	16.0201930964831	15.6235898798332	0.0493208807210464	9	5633750
20211120 225845	binary	custom	TRUE	TRUE	FALSE	-100	999983	-1	0	0	0	31	113	TRUE	0.0868931377436966	0.428298536380753	0.409260381701752	51	9.30415933820768	2405	886	49	49.9653130106162	30.0597474625101	0.0427096147891508	10	5921250
20211120 225949	binary	custom	TRUE	TRUE	FALSE	-100	999983	-1	0	0	0	31	196	TRUE	0.0753886611745693	0.588525713939453	0.765004214519286	58	11.5485133790353	7210	369	75	86.0605055728229	72.1028452168684	0.0506766086716377	11	5531250
20211120 230047	binary	custom	TRUE	TRUE	FALSE	-100	999983	-1	0	0	0	31	108	TRUE	0.0518244750862941	0.661890516920248	0.578564339256845	55	5.66487111820607	197	755	89	46.0491000587353	96.2653003999731	0.0419564325943779	12	5783750
20211120 230136	binary	custom	TRUE	TRUE	FALSE	-100	999983	-1	0	0	0	31	259	TRUE	0.0440727587295696	0.166049595270888	0.191349130745512	27	3.16444908210542	3056	254	58	39.1443043027539	19.5963954541367	0.0518900688743274	13	4700000
20211120 230230	binary	custom	TRUE	TRUE	FALSE	-100	999983	-1	0	0	0	31	184	TRUE	0.0602242690701969	0.260191394407302	0.985635153515614	63	5.18634032297996	4313	729	97	27.9925695084967	74.2336370307021	0.0482580569573113	14	5792500
20211120 230354	binary	custom	TRUE	TRUE	FALSE	-100	999983	-1	0	0	0	31	466	TRUE	0.0246056039431132	0.915117244710564	0.745458392691798	29	13.7637384218106	6250	637	21	71.3550832035253	64.4328685378423	0.0447515754060907	15	5716250
20211120 230446	binary	custom	TRUE	TRUE	FALSE	-100	999983	-1	0	0	0	31	317	TRUE	0.0304838866987266	0.794787592208595	0.372538100624806	61	12.4126980413566	1400	128	36	60.8291597384959	53.2481842301786	0.0512038362079787	16	5402500
20211120 230519	binary	custom	TRUE	TRUE	FALSE	-100	999983	-1	0	0	0	31	227	TRUE	0.0289563614106737	0.751851371211233	0.225335315002012	7	0.833390601648716	901	571	26	33.4818493574858	46.0077803838067	0.0458143991698258	17	5657500
20211120 230556	binary	custom	TRUE	TRUE	FALSE	-100	999983	-1	0	0	0	31	381	TRUE	0.089555052950047	0.763627800893737	0.337376327044913	74	2.6752128021908	5893	197	54	26.4139596722089	60.9916995838284	0.0381570468563012	18	5801250
20211120 230844	binary	custom	TRUE	TRUE	FALSE	-100	999983	-1	0	0	0	31	661	TRUE	0.0408753442326561	0.511625690373476	0.430619845518377	66	3.90560352330795	5053	937	84	98.0315337347565	43.2191358553246	0.0469525411530383	19	5487500
20211120 230908	binary	custom	TRUE	TRUE	FALSE	-100	999983	-1	0	0	0	31	107	TRUE	0.0697080600485206	0.952851827978156	0.286700245804386	24	14.5412454947073	728	423	44	8.46848788787611	94.0301806532079	0.0428435138459993	20	5401250
20211120 230936	binary	custom	TRUE	TRUE	FALSE	-100	999983	-1	0	0	0	31	141	TRUE	0.0919250850472599	0.909732682515751	0.606713318132097	37	7.6163593736419	6428	885	9	69.148093292024	69.3198548036162	0.0442243478697497	21	5845000
20211120 231025	binary	custom	TRUE	TRUE	FALSE	-100	999983	-1	0	0	0	31	146	TRUE	0.0799933724794537	0.280214131191606	0.93391901707917	18	1.93744662878453	2085	550	45	67.0207212795503	50.5354598775739	0.0411279321801277	22	5807500
20211120 231139	binary	custom	TRUE	TRUE	FALSE	-100	999983	-1	0	0	0	31	358	TRUE	0.0468172300169244	0.30299030306167	0.185910197612247	31	13.055709465465	7093	340	7	31.0906454542419	81.5684952313313	0.0508523511837514	23	4805000
20211120 231219	binary	custom	TRUE	TRUE	FALSE	-100	999983	-1	0	0	0	31	352	TRUE	0.0340719167562202	0.878602939317934	0.369276376652415	35	6.73730829221313	6006	188	77	50.3600267902948	7.24404454580508	0.0449356866092574	24	5038750
20211120 231319	binary	custom	TRUE	TRUE	FALSE	-100	999983	-1	0	0	0	31	144	TRUE	0.0929944719681516	0.567022794033401	0.640880738156848	80	11.736900498101	1608	153	19	53.4001173713477	26.2498806545045	0.0439816558292118	25	5731250
20211120 231414	binary	custom	TRUE	TRUE	FALSE	-100	999983	-1	0	0	0	31	93	TRUE	0.0850392989874817	0.404582544335281	0.896013501686393	94	1.63401116579189	240	692	94	94.3773648224305	3.04205855820328	0.0380231477994527	26	6021250
20211120 231445	binary	custom	TRUE	TRUE	FALSE	-100	999983	-1	0	0	0	31	212	TRUE	0.0553383309738711	0.994182112956769	0.487574170288281	99	9.90944048939855	7622	958	99	13.4226591500919	11.5191996115027	0.0497727900379102	27	5566250
20211120 231553	binary	custom	TRUE	TRUE	FALSE	-100	999983	-1	0	0	0	31	221	TRUE	0.095226138769649	0.463403324764222	0.676180879769963	90	14.6651832688367	6825	314	92	2.74123185314238	41.8358747725142	0.0411195634890747	28	6008750
20211120 231813	binary	custom	TRUE	TRUE	FALSE	-100	999983	-1	0	0	0	31	481	TRUE	0.0273561875359155	0.841173230904387	0.917231267439201	39	10.992735707463	1636	1006	68	36.4807679527439	48.9147520752158	0.0443582469265982	29	6225000
20211120 231919	binary	custom	TRUE	TRUE	FALSE	-100	999983	-1	0	0	0	31	468	TRUE	0.0336579369953834	0.71586252931389	0.534466689323308	13	0.332291825761786	5419	505	62	80.807887588162	98.1852931599133	0.0451114291213711	30	5662500
20211120 232117	binary	custom	TRUE	TRUE	FALSE	-100	999983	-1	0	0	0	31	390	TRUE	0.0705758534870111	0.544159007313428	0.804572753501707	10	8.38159732252825	7974	111	33	10.7493611704558	20.9478068456519	0.0332446252081712	31	5985000
20211120 232213	binary	custom	TRUE	TRUE	FALSE	-100	999983	-1	0	0	0	31	191	TRUE	0.0669820741354488	0.329462330547394	0.236560634545749	20	6.92468038052903	504	395	3	78.903603926301	84.0333194943378	0.0450193735197878	32	5726250
20211120 232256	binary	custom	TRUE	TRUE	FALSE	-100	999983	-1	0	0	0	31	164	TRUE	0.0976404055687599	0.201722168400302	0.696019458021619	86	6.14297093011555	5745	776	29	19.6754451195011	90.6331924872939	0.0456805001129773	33	5577500
20211120 232511	binary	custom	TRUE	TRUE	FALSE	-100	999983	-1	0	0	0	31	659	TRUE	0.0214674816438928	0.361144300327287	0.151173795727664	97	10.8040980268561	3924	822	81	24.6984934119973	79.614286624128	0.0537060748328354	34	4728750
20211120 232751	binary	custom	TRUE	TRUE	FALSE	-100	999983	-1	0	0	0	31	608	TRUE	0.0394826224381104	0.39123397488147	0.844858482249547	70	13.3588385596813	6671	913	12	95.1867122563999	24.4087509973906	0.0411865130174989	35	5998750
20211120 232837	binary	custom	TRUE	TRUE	FALSE	-100	999983	-1	0	0	0	31	181	TRUE	0.0823455506684259	0.966434905705974	0.779004517733119	9	0.495213480200619	3479	858	72	0.221398339490406	34.4309895724291	0.0482747943394174	36	5640000
20211120 232854	binary	custom	TRUE	TRUE	FALSE	-100	999983	-1	0	0	0	31	153	TRUE	0.0560451432415284	0.853456300899852	0.129401025179541	84	4.87104052593349	1055	674	71	89.6817552729044	0.466505853109993	0.047153389738311	37	5157500
20211120 233003	binary	custom	TRUE	TRUE	FALSE	-100	999983	-1	0	0	0	31	476	TRUE	0.0483056873045862	0.133487197674112	0.112888089407934	5	7.41892948854365	7569	994	38	22.1903235831996	14.1926630306989	0.0434125848376056	38	4766250
20211120 233050	binary	custom	TRUE	TRUE	FALSE	-100	999983	-1	0	0	0	31	137	TRUE	0.0986230524769053	0.819128756229184	0.880011681530159	17	13.8826455186645	1987	604	87	91.6410282830475	87.9820904298685	0.0445758328939771	39	5892500
20211120 233234	binary	custom	TRUE	TRUE	FALSE	-100	999983	-1	0	0	0	31	403	TRUE	0.0237919538500719	0.249241321863956	0.830768281201599	77	1.20638712728396	2841	262	53	43.5122280952055	39.9761258176295	0.0413706242206656	40	5671250
20211121 001132	binary	custom	TRUE	TRUE	FALSE	-100	999983	-1	0	0	0	31	297	TRUE	0.0375482587176088	0.755927099783894	0.907610363993767	45	11.4720535084664	776	1004	67	87.5378887220996	31.2704706834995	0.0342488681345351	41	6485000
20211121 001314	binary	custom	TRUE	TRUE	FALSE	-100	999983	-1	0	0	0	31	130	TRUE	0.0283346822371188	0.766565600416684	0.949290209548151	52	7.55289843021927	217	1024	80	80.1171705791853	31.6184745030617	0.0453122777066439	42	6082500
20211121 001430	binary	custom	TRUE	TRUE	FALSE	-100	999983	-1	0	0	0	31	99	TRUE	0.0416094601479465	0.893753613004858	0.913595176733689	27	13.4704366672534	66	1021	76	87.9725846369198	52.7269438307236	0.0436469081870905	43	5831250
20211121 001608	binary	custom	TRUE	TRUE	FALSE	-100	999983	-1	0	0	0	31	299	TRUE	0.0346645595997019	0.702303707074041	0.903572537697751	58	10.7969502352924	1451	947	48	91.8135302557917	11.6545683808681	0.0449607926824165	44	6035000
20211121 001734	binary	custom	TRUE	TRUE	FALSE	-100	999983	-1	0	0	0	31	281	TRUE	0.0430003668587077	0.765278662333948	0.88770860712607	31	12.9492802247861	1685	995	52	36.4414952803643	53.8188352310068	0.0441657670323785	45	5853750
20211121 001938	binary	custom	TRUE	TRUE	FALSE	-100	999983	-1	0	0	0	31	528	TRUE	0.0317565237483728	0.817026795700984	0.90853888158931	34	11.2074757821954	3439	971	51	90.0073926704126	33.8308348978157	0.0441741357234315	46	5952500
20211121 002202	binary	custom	TRUE	TRUE	FALSE	-100	999983	-1	0	0	0	31	250	TRUE	0.0376755900996326	0.624742983014735	0.925148685373463	65	3.30687191262041	305	993	77	72.5101271009	32.3012109795999	0.037579607173642	47	6287500
20211121 002325	binary	custom	TRUE	TRUE	FALSE	-100	999983	-1	0	0	0	31	277	TRUE	0.0374166897022719	0.697538001659858	0.944326269916789	40	12.4811493190996	2781	971	76	46.1601826636265	29.2056798749396	0.0421656498707037	48	5852500
20211121 002635	binary	custom	TRUE	TRUE	FALSE	-100	999983	-1	0	0	0	31	384	TRUE	0.0381454302391367	0.991927446785453	0.899934590086493	73	9.7937707661145	116	851	28	87.8304286101816	32.1645768591558	0.0378725113604981	49	6393750
20211121 002826	binary	custom	TRUE	TRUE	FALSE	-100	999983	-1	0	0	0	31	235	TRUE	0.0388754462127486	0.450230088569867	0.898631799987492	82	10.237685352249	139	650	78	87.6161609481348	30.9368336692933	0.039922840668491	50	6037500
20211121 003009	binary	custom	TRUE	TRUE	FALSE	-100	999983	-1	0	0	0	31	209	TRUE	0.0373470582938515	0.749813108649249	0.894968368940552	54	11.4039532877161	521	1023	41	87.689778011948	34.8666161467424	0.0379645669620815	51	6180000
20211121 003149	binary	custom	TRUE	TRUE	FALSE	-100	999983	-1	0	0	0	31	156	TRUE	0.0346667346443029	0.738941480152724	0.889157072394133	73	10.8169453530728	105	1017	66	92.902598799297	28.4584414749022	0.0420150134317491	52	5925000
20211121 003309	binary	custom	TRUE	TRUE	FALSE	-100	999983	-1	0	0	0	31	239	TRUE	0.0392033621651847	0.337937173806141	0.861720815466513	46	1.64152601094221	1944	1001	67	80.7928356665372	38.5381674816299	0.0417974274643703	53	5857500
20211121 003402	binary	custom	TRUE	TRUE	FALSE	-100	999983	-1	0	0	0	31	109	TRUE	0.0830235166548984	0.940478926244345	0.913387970088403	71	7.70622576116522	1164	822	54	68.149325134868	83.0396584688513	0.045588444511394	54	5691250
20211121 003530	binary	custom	TRUE	TRUE	FALSE	-100	999983	-1	0	0	0	31	211	TRUE	0.0394134285439597	0.791163944774434	0.922858397265081	67	5.06143838501469	920	861	26	87.7803955544956	55.4699394179436	0.0465090005272275	55	5803750
20211121 003723	binary	custom	TRUE	TRUE	FALSE	-100	999983	-1	0	0	0	31	218	TRUE	0.0422479570501201	0.90795676385405	0.9120969718179	43	9.88269928877147	366	697	65	74.9860306825627	25.5823675628433	0.0344580854108609	56	6053750
20211121 003937	binary	custom	TRUE	TRUE	FALSE	-100	999983	-1	0	0	0	31	255	TRUE	0.0385346445566788	0.66373782120323	0.901580860587468	44	14.3059232083058	415	999	74	82.1536389493193	21.0791676032665	0.046893960315667	57	5946250
20211121 004123	binary	custom	TRUE	TRUE	FALSE	-100	999983	-1	0	0	0	31	175	TRUE	0.0371568170162671	0.724161358358161	0.922474695945255	47	8.09264445261796	46	930	70	91.3145783320828	4.0892139129767	0.0384248449699982	58	6461250
20211121 004300	binary	custom	TRUE	TRUE	FALSE	-100	999983	-1	0	0	0	31	172	TRUE	0.037050211348533	0.715622013292309	0.929951607416242	45	9.73706795827223	495	955	69	94.3228275559821	35.6640062407441	0.0391947645468772	59	6396250
20211121 004408	binary	custom	TRUE	TRUE	FALSE	-100	999983	-1	0	0	0	31	129	TRUE	0.0373317333534318	0.845972012767227	0.876828529247324	50	8.38407317253628	770	849	72	84.1913700545835	37.3277018026202	0.0443331408534391	60	5778750
20211121 004545	binary	custom	TRUE	TRUE	FALSE	-100	999983	-1	0	0	0	31	231	TRUE	0.0596885620589454	0.379025118668433	0.887759468432507	71	11.3273668462107	771	861	29	24.2291071289212	18.0430005850467	0.041471048513302	61	5956250
20211121 004649	binary	custom	TRUE	TRUE	FALSE	-100	999983	-1	0	0	0	31	201	TRUE	0.0711586198660838	0.631426346857473	0.916799010189838	46	7.10394645594041	2032	984	82	86.4523333908499	37.0826055202027	0.0397973103026956	62	6006250
20211121 004836	binary	custom	TRUE	TRUE	FALSE	-100	999983	-1	0	0	0	31	386	TRUE	0.0491176811453269	0.815540427759907	0.909986397277913	74	8.99179495850764	2335	909	55	74.5868887195295	9.29694810188694	0.0409187149038019	63	5988750
20211121 005043	binary	custom	TRUE	TRUE	FALSE	-100	999983	-1	0	0	0	31	372	TRUE	0.0334010526203933	0.569687559995169	0.920194456890619	47	4.29986790743353	6255	1011	71	13.6521076163114	13.9079821507375	0.0449440553003105	64	5787500
20211121 005206	binary	custom	TRUE	TRUE	FALSE	-100	999983	-1	0	0	0	31	266	TRUE	0.0351444089105504	0.69535054433318	0.914918655887458	48	8.77713977980518	2064	1011	88	65.5956249823111	72.8869416005798	0.0335710041592395	65	5986250
20211121 005345	binary	custom	TRUE	TRUE	FALSE	-100	999983	-1	0	0	0	31	371	TRUE	0.0406742881304995	0.290972616815029	0.894923157994796	74	11.5215731269564	3702	779	15	86.4256550589211	44.0288696391547	0.043261948398651	66	5938750
20211121 005638	binary	custom	TRUE	TRUE	FALSE	-100	999983	-1	0	0	0	31	380	TRUE	0.0406862990642599	0.991724944988189	0.931322211391097	77	11.9507999742895	519	795	12	73.9493186244334	23.2319425468079	0.0411865130174989	67	6348750
20211121 005759	binary	custom	TRUE	TRUE	FALSE	-100	999983	-1	0	0	0	31	294	TRUE	0.0361065861846158	0.989396395714651	0.918861109974155	60	9.33702391418904	3656	908	40	55.9628859065601	23.5342743677967	0.0408266593022185	68	5952500
20211121 005844	binary	custom	TRUE	TRUE	FALSE	-100	999983	-1	0	0	0	31	178	TRUE	0.0570081154199054	0.748982255504816	0.922977558329303	41	9.90473642749286	7096	945	80	92.7456175542413	41.2785581926461	0.0414961545864611	69	5902500
20211121 010015	binary	custom	TRUE	TRUE	FALSE	-100	999983	-1	0	0	0	31	299	TRUE	0.044077799579258	0.996855094008867	0.9062351248955	81	12.4399791121884	1796	711	25	96.9826760240125	36.7203140760405	0.0393705070589909	70	5970000
20211121 010129	binary	custom	TRUE	TRUE	FALSE	-100	999983	-1	0	0	0	31	157	TRUE	0.0447170021832217	0.587368856909442	0.956020322038257	71	2.94803262502282	1855	832	65	72.0217463689006	15.0287063286279	0.0462579397956366	71	5941250
20211121 010316	binary	custom	TRUE	TRUE	FALSE	-100	999983	-1	0	0	0	31	444	TRUE	0.0375101753775932	0.625120345049859	0.961193988554539	57	1.189393610402	4847	882	86	97.1945063553347	52.1619156332693	0.0372783342957328	72	6082500
20211121 010455	binary	custom	TRUE	TRUE	FALSE	-100	999983	-1	0	0	0	31	199	TRUE	0.0350809116587253	0.539980189388015	0.878777400725049	66	0.968031031869365	812	995	82	74.2751746214844	48.5835767829175	0.0463499953972199	73	5777500
20211121 010638	binary	custom	TRUE	TRUE	FALSE	-100	999983	-1	0	0	0	31	154	TRUE	0.0382995178211063	0.958597421252964	0.952735020392981	74	9.19171310726469	413	850	16	81.7765183705566	22.757633344388	0.0478479910957127	74	5903750
20211121 010736	binary	custom	TRUE	TRUE	FALSE	-100	999983	-1	0	0	0	31	119	TRUE	0.0646158858803796	0.416413024111795	0.924057226441166	66	1.1802993584554	1078	859	55	84.7235868566464	32.3559386978284	0.0467349551856594	75	5870000
20211121 010921	binary	custom	TRUE	TRUE	FALSE	-100	999983	-1	0	0	0	31	327	TRUE	0.0348660275369955	0.785898967706369	0.913757170063919	46	12.5466389388641	1800	589	79	39.7119534337209	17.7434748406487	0.0406174420258927	76	6333750
20211121 011144	binary	custom	TRUE	TRUE	FALSE	-100	999983	-1	0	0	0	31	280	TRUE	0.0324542989319936	0.794264613155049	0.919037943800606	53	12.7513613106543	317	742	66	21.9706078445777	54.7577922485515	0.0376884001573314	77	6321250
20211121 014550	binary	custom	TRUE	TRUE	FALSE	-100	999983	-1	0	0	0	31	330	TRUE	0.0315236334298485	0.745778016698094	0.916838969291261	45	8.38885918220941	500	551	73	73.0027904679096	31.2400147636566	0.0439398123739466	78	6537500
20211121 014943	binary	custom	TRUE	TRUE	FALSE	-100	999983	-1	0	0	0	31	592	TRUE	0.0217058899057524	0.742229063606088	0.9171873043239	62	6.95868527230773	680	708	82	52.0000425938633	31.4331901145924	0.0385838501000059	79	6487500
20211121 015034	binary	custom	TRUE	TRUE	FALSE	-100	999983	-1	0	0	0	31	79	TRUE	0.0555761039978508	0.733550043754484	0.928163625661296	54	3.29721473362597	295	522	90	78.8757153172148	28.9431396971047	0.0458143991698258	80	6257500
20211121 015250	binary	custom	TRUE	TRUE	FALSE	-100	999983	-1	0	0	0	31	256	TRUE	0.0253785731320732	0.756694896645067	0.916257821060153	65	6.46204513604662	469	709	68	48.2672989644475	28.7192614732254	0.0358054446703991	81	6052500
20211121 015411	binary	custom	TRUE	TRUE	FALSE	-100	999983	-1	0	0	0	31	140	TRUE	0.0313183918283294	0.753706379539213	0.917951189851461	48	6.18844805743847	577	717	76	76.3368634343322	79.5937307201478	0.0410526139606504	82	6068750
20211121 015551	binary	custom	TRUE	TRUE	FALSE	-100	999983	-1	0	0	0	31	263	TRUE	0.0357778953836911	0.693443834817956	0.922184633000372	62	7.39115904387816	1207	728	92	34.3068031140374	23.4062313030863	0.0376465567020662	83	6377500
20211121 015902	binary	custom	TRUE	TRUE	FALSE	-100	999983	-1	0	0	0	31	378	TRUE	0.0234638392836406	0.573663689055245	0.926154787776488	74	3.36152922408524	201	633	88	31.0426079512772	24.049571149114	0.0387763299942256	84	6208750
20211121 020116	binary	custom	TRUE	TRUE	FALSE	-100	999983	-1	0	0	0	31	321	TRUE	0.0679394608171156	0.724689581565961	0.918533544545439	55	10.8576352685396	566	448	84	30.6209230735817	24.0153525163691	0.0423079176186053	85	6181250
20211121 020336	binary	custom	TRUE	TRUE	FALSE	-100	999983	-1	0	0	0	31	532	TRUE	0.0216743928421596	0.644396493330489	0.918821767315876	58	3.13400052555452	2827	562	86	23.8921608265666	34.4264232809002	0.0460989346656289	86	6015000
20211121 020542	binary	custom	TRUE	TRUE	FALSE	-100	999983	-1	0	0	0	31	225	TRUE	0.0294672394386258	0.616806333958479	0.930283222195631	73	8.59829457350787	295	777	94	63.2340424047659	73.7305475602524	0.041462679822249	87	6207500
20211121 020839	binary	custom	TRUE	TRUE	FALSE	-100	999983	-1	0	0	0	31	389	TRUE	0.0279361269446349	0.462209506473688	0.933938609087879	63	7.55234798041732	510	753	92	89.0673707827042	61.5267416684396	0.0434962717481359	88	6203750
20211121 021014	binary	custom	TRUE	TRUE	FALSE	-100	999983	-1	0	0	0	31	217	TRUE	0.0438849485965995	0.757141407963717	0.923538631125018	56	8.10272003732206	678	406	88	83.3805207917883	40.3980663305931	0.0453708585440151	89	5773750
20211121 021402	binary	custom	TRUE	TRUE	FALSE	-100	999983	-1	0	0	0	31	462	TRUE	0.0257256792431718	0.7325394101772	0.917164027421193	62	1.46256398641886	423	884	84	35.0370888811767	24.9393806055756	0.0344162419555957	90	6360000
20211121 021624	binary	custom	TRUE	TRUE	FALSE	-100	999983	-1	0	0	0	31	296	TRUE	0.0284170383348936	0.619230325904687	0.931623232806029	62	7.14998519973637	529	779	85	36.7147492882833	31.1756826031676	0.0425255035859841	91	6298750
20211121 021752	binary	custom	TRUE	TRUE	FALSE	-100	999983	-1	0	0	0	31	156	TRUE	0.0300317217566852	0.735662805112325	0.91387011838121	62	6.92820118838812	599	787	93	37.2686073161572	27.770356188115	0.0366841572309675	92	6221250
20211121 021932	binary	custom	TRUE	TRUE	FALSE	-100	999983	-1	0	0	0	31	208	TRUE	0.0392942601167928	0.706968952912626	0.927310457396031	63	0.652073603908449	651	700	83	52.9284019410463	39.0320826619027	0.0414459424401429	93	5960000
20211121 022403	binary	custom	TRUE	TRUE	FALSE	-100	999983	-1	0	0	0	31	674	TRUE	0.0216996106394371	0.573496371137229	0.920101811079007	16	9.99671493219586	1117	747	86	31.6281807165553	29.3432132065491	0.0379980417262936	94	6375000
20211121 022544	binary	custom	TRUE	TRUE	FALSE	-100	999983	-1	0	0	0	31	194	TRUE	0.0346465466669799	0.879875764822398	0.921982445001083	76	10.0422289498964	450	532	73	39.0777744203249	5.37398567493605	0.0385169005715816	95	5997500
20211121 022849	binary	custom	TRUE	TRUE	FALSE	-100	999983	-1	0	0	0	31	397	TRUE	0.0330911021610924	0.533087626374082	0.916921135226559	30	10.5990740113422	576	738	75	31.6981384056046	38.3574915897075	0.0438561254634163	96	6100000
20211121 023131	binary	custom	TRUE	TRUE	FALSE	-100	999983	-1	0	0	0	31	613	TRUE	0.0220408073760136	0.735020114001797	0.92384192008849	75	10.9859839406545	2487	940	93	20.5312896539327	27.6004776166554	0.0443247721623861	97	5830000
20211121 023318	binary	custom	TRUE	TRUE	FALSE	-100	999983	-1	0	0	0	31	422	TRUE	0.0407286415393685	0.972592863348168	0.898146816880875	50	10.6469653761702	3159	919	14	39.881526776489	24.0950174911878	0.0436134334228783	98	6086250
20211121 023722	binary	custom	TRUE	TRUE	FALSE	-100	999983	-1	0	0	0	31	614	TRUE	0.0203983149745603	0.714284476130314	0.920940616353594	44	8.91328495398397	102	649	74	65.4211549715196	34.3391680327852	0.0430359937402191	99	5972500
20211121 024013	binary	custom	TRUE	TRUE	FALSE	-100	999983	-1	0	0	0	31	378	TRUE	0.0352389062340975	0.917870371993156	0.916676509053796	47	7.8980151968031	576	802	70	68.7886759222515	18.7157027159664	0.0412953060011884	100	5932500
20211121 024226	binary	custom	TRUE	TRUE	FALSE	-100	999983	-1	0	0	0	31	578	TRUE	0.0219628579731231	0.679528021534767	0.921530866332726	62	3.56452496233093	5043	742	88	60.1186389219216	9.63113283861156	0.0447599440971438	101	5915000
20211121 024409	binary	custom	TRUE	TRUE	FALSE	-100	999983	-1	0	0	0	31	390	TRUE	0.021790962449111	0.766768544349198	0.912140038049527	48	6.42726168999612	3524	829	85	39.3508275251303	61.6175045983731	0.0421740185617568	102	6151250
20211121 024536	binary	custom	TRUE	TRUE	FALSE	-100	999983	-1	0	0	0	31	286	TRUE	0.0333859304765552	0.719583760260373	0.925238619764256	52	10.6225064555044	2289	574	86	29.9630889303932	25.8490907636567	0.045345752470856	103	5977500
20211121 024729	binary	custom	TRUE	TRUE	FALSE	-100	999983	-1	0	0	0	31	360	TRUE	0.0291573487494447	0.813266496226161	0.932393288806434	44	11.399087324798	1715	603	68	30.1309407280928	16.3235885048957	0.0450612169750529	104	5820000
20211121 024947	binary	custom	TRUE	TRUE	FALSE	-100	999983	-1	0	0	0	31	232	TRUE	0.03602773530712	0.799480504217289	0.912113688685111	53	13.5794621542132	367	926	83	31.0195070722136	54.1612209320088	0.0408601340664307	105	6397500
20211121 025150	binary	custom	TRUE	TRUE	FALSE	-100	999983	-1	0	0	0	31	440	TRUE	0.0207890656570986	0.67011642940476	0.919132320006397	63	6.28844124128836	2440	796	83	41.114437530315	74.4812549255844	0.0408768714485367	106	5895000
20211121 025348	binary	custom	TRUE	TRUE	FALSE	-100	999983	-1	0	0	0	31	279	TRUE	0.0359239412332058	0.841407911411358	0.904554142291332	52	11.7966929808311	762	752	61	29.0232856145842	53.1475696715871	0.0387428552300135	107	6413750
20211121 025519	binary	custom	TRUE	TRUE	FALSE	-100	999983	-1	0	0	0	31	143	TRUE	0.0372635961523695	0.791800128587206	0.90569783879969	59	11.641239176123	250	747	65	24.3755884001765	53.8550956810841	0.0442829287071209	108	6186250
20211121 025657	binary	custom	TRUE	TRUE	FALSE	-100	999983	-1	0	0	0	31	189	TRUE	0.0339960368587976	0.850443596298845	0.912588855350241	47	14.4293949932893	591	906	70	23.9014724635966	61.672219654187	0.034491560175073	109	6198750
20211121 025824	binary	custom	TRUE	TRUE	FALSE	-100	999983	-1	0	0	0	31	247	TRUE	0.0358117436652519	0.592581413809826	0.923511554848865	69	4.58207273913822	4331	773	93	42.724228126962	11.4137372808869	0.044810156243462	110	5607500
20211121 030028	binary	custom	TRUE	TRUE	FALSE	-100	999983	-1	0	0	0	31	563	TRUE	0.0340104713739397	0.892395260688196	0.90614729791863	52	12.8225050341779	5066	808	63	38.658176444024	28.3575296162248	0.0401906387821881	111	5997500
20211121 030249	binary	custom	TRUE	TRUE	FALSE	-100	999983	-1	0	0	0	31	315	TRUE	0.0293039961953395	0.676716062170703	0.920817511258531	60	7.55550473672612	598	590	81	66.8218206702984	35.7045056751436	0.0399312093595441	112	6086250
20211121 030543	binary	custom	TRUE	TRUE	FALSE	-100	999983	-1	0	0	0	31	519	TRUE	0.025664491194304	0.743053994220405	0.905217953636502	45	6.43748682609246	1322	737	84	78.5459865778057	30.8110567715909	0.0431866301791737	113	6250000
20211121 030706	binary	custom	TRUE	TRUE	FALSE	-100	999983	-1	0	0	0	31	244	TRUE	0.040091734067419	0.751283927544929	0.913113635601874	43	7.80369068141431	1688	744	15	73.4885898159266	21.9152533452629	0.0447515754060907	114	5966250
20211121 030851	binary	custom	TRUE	TRUE	FALSE	-100	999983	-1	0	0	0	31	198	TRUE	0.0350502492653544	0.745425534836043	0.885811761700332	40	8.07891189944596	378	653	80	80.4086665038041	32.0586566925773	0.0300561539169658	115	6261250
20211121 031134	binary	custom	TRUE	TRUE	FALSE	-100	999983	-1	0	0	0	31	449	TRUE	0.0223152631592613	0.562697081826121	0.923724826623756	41	5.62861416890913	4570	725	55	31.9974186355547	36.9634382088197	0.0461575155030002	116	5756250
20211121 031450	binary	custom	TRUE	TRUE	FALSE	-100	999983	-1	0	0	0	31	481	TRUE	0.0276069496872329	0.568527306281692	0.916117775612312	14	11.4666614286682	1113	738	97	19.8241696579702	35.0231157018512	0.0432201049433858	117	5745000
20211121 031651	binary	custom	TRUE	TRUE	FALSE	-100	999983	-1	0	0	0	31	214	TRUE	0.035652770649516	0.685670847169307	0.908640348722303	48	12.2199755209832	76	945	74	32.352500449028	72.8663077342317	0.0404584368958851	118	6307500
20211121 031918	binary	custom	TRUE	TRUE	FALSE	-100	999983	-1	0	0	0	31	372	TRUE	0.0393372785147817	0.836430771821781	0.911953200405813	48	13.0282828111603	685	683	66	30.4852106746629	63.6530752829146	0.0475467182178036	119	6148750
20211121 032129	binary	custom	TRUE	TRUE	FALSE	-100	999983	-1	0	0	0	31	420	TRUE	0.0319071557595313	0.760852736024708	0.91092038548588	47	5.77213697110443	1652	384	27	76.278071739639	28.8162461308625	0.0407764471559003	120	6010000
20211121 032248	binary	custom	TRUE	TRUE	FALSE	-100	999983	-1	0	0	0	31	169	TRUE	0.0393389492783861	0.997190396341465	0.901219258739279	75	1.88484071087156	792	623	19	72.9464525860917	46.4920116129995	0.0479567840794021	121	5787500
20211121 032409	binary	custom	TRUE	TRUE	FALSE	-100	999983	-1	0	0	0	31	360	TRUE	0.0353663982075191	0.775014317379144	0.906789885715309	49	6.07443211902705	6074	930	63	33.2216053441849	36.4727976009033	0.046375101470379	122	5823750
20211121 032708	binary	custom	TRUE	TRUE	FALSE	-100	999983	-1	0	0	0	31	520	TRUE	0.0230421027374499	0.742996298895431	0.913881422077805	58	9.9710184148625	996	921	87	53.3821810256393	75.2182377516971	0.0417555840091051	123	6013750
20211121 032945	binary	custom	TRUE	TRUE	FALSE	-100	999983	-1	0	0	0	31	336	TRUE	0.0322066720565036	0.473502074498373	0.916394016299008	49	9.58211381380213	291	647	77	80.1351778113156	77.8361998862523	0.0460068790640456	124	5978750
20211121 033245	binary	custom	TRUE	TRUE	FALSE	-100	999983	-1	0	0	0	31	361	TRUE	0.0374537176146056	0.527099573885468	0.935831535440964	69	8.02638664317059	515	941	80	78.5469713818444	79.9060973964862	0.0426426652607266	125	6131250
20211121 033358	binary	custom	TRUE	TRUE	FALSE	-100	999983	-1	0	0	0	31	143	TRUE	0.0570069202034548	0.734964720484122	0.917949509221524	55	8.65446547074466	680	542	81	42.9397457075465	12.431555624793	0.0338053275087244	126	6501250
20211121 033521	binary	custom	TRUE	TRUE	FALSE	-100	999983	-1	0	0	0	31	187	TRUE	0.0629034336805566	0.38549514154864	0.915464973684464	52	9.78865654842863	231	525	82	40.3967207806941	16.9790460401913	0.0452202221050605	127	5996250
20211121 033709	binary	custom	TRUE	TRUE	FALSE	-100	999983	-1	0	0	0	31	264	TRUE	0.0376832929416337	0.585154464638424	0.910064612153008	54	11.12837320406	1840	544	70	51.5068927104084	4.61233885393728	0.042232599399128	128	6092500
20211121 033914	binary	custom	TRUE	TRUE	FALSE	-100	999983	-1	0	0	0	31	321	TRUE	0.0386335606796938	0.539897571650278	0.924089601512563	45	9.93128983598133	1947	528	86	73.3805973553915	19.046992280794	0.0387512239210665	129	6062500
20211121 034032	binary	custom	TRUE	TRUE	FALSE	-100	999983	-1	0	0	0	31	235	TRUE	0.0846835634144379	0.73418946344726	0.916994594590499	52	7.31072993193183	1540	473	76	40.4473049575681	30.2125330646171	0.0401069518716578	130	6210000
20211121 034238	binary	custom	TRUE	TRUE	FALSE	-100	999983	-1	0	0	0	31	408	TRUE	0.0236544382259133	0.857414157437307	0.910282488882943	57	3.25714865190031	1842	440	85	51.0333714868108	35.9324632307705	0.0522080791343426	131	5452500
20211121 040730	binary	custom	TRUE	TRUE	FALSE	-100	999983	-1	0	0	0	31	208	TRUE	0.021509627905784	0.762531451562649	0.925573402667352	46	9.77186307284086	63	933	74	89.0672619921297	18.8939512485256	0.0383160519863088	132	6627500
20211121 040834	binary	custom	TRUE	TRUE	FALSE	-100	999983	-1	0	0	0	31	161	TRUE	0.0790712999983101	0.71997817248918	0.920479193779626	55	11.5923278517083	1459	630	88	41.695203060241	17.0550989016033	0.0354832500648574	133	6050000
20211121 041035	binary	custom	TRUE	TRUE	FALSE	-100	999983	-1	0	0	0	31	408	TRUE	0.0262113361791757	0.655020899808173	0.918579129426536	18	9.1381134649688	1862	722	76	39.3342081133596	32.3021677805909	0.0437138577155147	134	5921250
20211121 041329	binary	custom	TRUE	TRUE	FALSE	-100	999983	-1	0	0	0	31	477	TRUE	0.0370254650844831	0.702454049936278	0.940700398859568	62	3.14925725214643	96	536	92	33.6020044077945	32.1916940253343	0.0425338722770372	135	6197500
20211121 041449	binary	custom	TRUE	TRUE	FALSE	-100	999983	-1	0	0	0	31	342	TRUE	0.0428666698524295	0.98987129608412	0.896421220635218	77	13.0853020761379	5250	764	11	84.4290902522755	27.4501992167719	0.0428435138459993	136	5651250
20211121 041638	binary	custom	TRUE	TRUE	FALSE	-100	999983	-1	0	0	0	31	233	TRUE	0.0435177547255972	0.829878225789869	0.923626347711099	49	8.64728773145443	318	530	79	41.3451319773478	47.376064134413	0.0457809244056137	137	5812500
20211121 041817	binary	custom	TRUE	TRUE	FALSE	-100	999983	-1	0	0	0	31	250	TRUE	0.057343534837832	0.64047485804121	0.911069390322445	60	8.55908485007738	919	416	48	48.4337954470427	24.8149813470683	0.0431615241060146	138	5853750
20211121 042045	binary	custom	TRUE	TRUE	FALSE	-100	999983	-1	0	0	0	31	265	TRUE	0.0638273321797258	0.76754782136517	0.921444315285296	29	11.4974999901314	234	924	73	38.4151425164868	55.5762544205859	0.0411446695622338	139	5855000
20211121 042227	binary	custom	TRUE	TRUE	FALSE	-100	999983	-1	0	0	0	31	243	TRUE	0.0343048061994937	0.75768797502678	0.922072339800633	52	4.55866644138645	832	919	75	70.9137838008953	58.6928792857776	0.0450026361376817	140	6178750
20211121 042417	binary	custom	TRUE	TRUE	FALSE	-100	999983	-1	0	0	0	31	302	TRUE	0.0508717585026677	0.734333561709695	0.903023826450801	49	4.4638894617898	952	548	80	69.6140969039358	64.8137269942235	0.0446846258776665	141	5976250
20211121 042552	binary	custom	TRUE	TRUE	FALSE	-100	999983	-1	0	0	0	31	208	TRUE	0.0341427914611812	0.752602616018715	0.910283399850354	35	8.26927150944227	114	555	73	88.3632264689963	35.3122375376476	0.0460403538282577	142	6223750
20211121 042806	binary	custom	TRUE	TRUE	FALSE	-100	999983	-1	0	0	0	31	236	TRUE	0.0716751249239212	0.890308398321844	0.908464094213915	56	11.6902131696226	357	1002	71	57.6421282927557	62.6982148133642	0.0443415095444921	143	5827500
20211121 043221	binary	custom	TRUE	TRUE	FALSE	-100	999983	-1	0	0	0	31	509	TRUE	0.0301227911360979	0.581997141356824	0.922979843780823	38	12.0721137524572	223	819	85	25.8555925909716	50.7241719928085	0.0328847714928908	144	6388750
20211121 043431	binary	custom	TRUE	TRUE	FALSE	-100	999983	-1	0	0	0	31	400	TRUE	0.034790805242912	0.802092807446753	0.901553770175463	48	14.2939381758038	1266	728	86	8.34233263425321	56.9501387809367	0.0422828115454462	145	6135000
20211121 043722	binary	custom	TRUE	TRUE	FALSE	-100	999983	-1	0	0	0	31	417	TRUE	0.0288548919271805	0.565488610940616	0.929625211781073	21	10.309281507572	1187	771	84	47.8776932041996	51.2226963756846	0.0388516482137029	146	6197500
20211121 043954	binary	custom	TRUE	TRUE	FALSE	-100	999983	-1	0	0	0	31	448	TRUE	0.0375659431066562	0.796345294473256	0.898954689171818	50	12.5208929009924	964	810	43	82.7871260362485	34.1680289741033	0.0376047132468011	147	5983750
20211121 044226	binary	custom	TRUE	TRUE	FALSE	-100	999983	-1	0	0	0	31	276	TRUE	0.0226309612486279	0.572787571225637	0.922095809473238	59	9.44375012720595	115	745	95	83.0883120669063	75.3252888805074	0.0536642313775702	148	5835000
20211121 044408	binary	custom	TRUE	TRUE	FALSE	-100	999983	-1	0	0	0	31	397	TRUE	0.0405651736311816	0.616697704931075	0.8949408528718	45	12.436549416076	4399	591	71	28.9147042277675	6.17357016496551	0.0411530382532868	149	5853750
20211121 044516	binary	custom	TRUE	TRUE	FALSE	-100	999983	-1	0	0	0	31	261	TRUE	0.047429113481718	0.757175148834712	0.902234610437469	51	9.95475564905876	4136	502	86	48.3641317999622	9.43062250131805	0.0378976174336572	150	5890000
20211121 044758	binary	custom	TRUE	TRUE	FALSE	-100	999983	-1	0	0	0	31	367	TRUE	0.0203062721046365	0.880523502521202	0.934627821455853	44	8.66789165512934	648	829	91	88.8352355528567	3.47752895141593	0.0457056061861364	151	6123750
20211121 044911	binary	custom	TRUE	TRUE	FALSE	-100	999983	-1	0	0	0	31	95	TRUE	0.0340461217827373	0.594181314268483	0.923649258459819	62	1.06691266821063	183	781	86	31.4126199292543	26.8882390861807	0.0441908731055376	152	5950000
20211121 045220	binary	custom	TRUE	TRUE	FALSE	-100	999983	-1	0	0	0	31	423	TRUE	0.0233181659146283	0.577625232884503	0.928782562539408	32	11.8353491325143	752	857	77	53.2811357530313	40.0905001527029	0.0447683127881968	153	6063750
20211121 045517	binary	custom	TRUE	TRUE	FALSE	-100	999983	-1	0	0	0	31	424	TRUE	0.0318555840326797	0.781765290240059	0.902695994724404	47	9.50200512406701	557	547	56	64.816741463125	75.890242839415	0.0387763299942256	154	6158750
20211121 045824	binary	custom	TRUE	TRUE	FALSE	-100	999983	-1	0	0	0	31	332	TRUE	0.0225152158811282	0.777620368941003	0.922309917607835	42	6.05632617919752	335	911	71	89.0091924836987	16.30366993675	0.0418811143749006	155	6045000
20211121 045950	binary	custom	TRUE	TRUE	FALSE	-100	999983	-1	0	0	0	31	216	TRUE	0.0344562256704308	0.713640259955581	0.91183701032294	43	12.5282353683702	1025	970	86	16.3189367228288	53.477771538297	0.0424669227486129	156	6257500
20211121 050118	binary	custom	TRUE	TRUE	FALSE	-100	999983	-1	0	0	0	31	285	TRUE	0.034763128258628	0.799046138273446	0.906558116498941	49	11.3288788867328	1951	933	52	30.6330172336881	54.7617387690222	0.0421907559438628	157	5848750
20211121 050338	binary	custom	TRUE	TRUE	FALSE	-100	999983	-1	0	0	0	31	292	TRUE	0.0361562665061231	0.714825578908222	0.920277885338565	54	5.94802549220732	326	656	80	68.3909899358089	69.9696530886095	0.037587975864695	158	6186250
20211121 050613	binary	custom	TRUE	TRUE	FALSE	-100	999983	-1	0	0	0	31	365	TRUE	0.0279888053619869	0.676245423650067	0.922209379615375	56	2.36932967335581	689	862	79	96.8472808768267	56.31969465729	0.045588444511394	159	6141250
20211121 050827	binary	custom	TRUE	TRUE	FALSE	-100	999983	-1	0	0	0	31	308	TRUE	0.0209956365383335	0.864960045800876	0.927358638212305	46	5.3076646998673	799	919	86	66.5865442032054	65.8301702473117	0.0474546626162202	160	6262500
20211121 051053	binary	custom	TRUE	TRUE	FALSE	-100	999983	-1	0	0	0	31	294	TRUE	0.0208222503815915	0.39377887998462	0.92803388136019	23	10.0011729538666	128	952	76	44.3798233453919	49.4254451256338	0.0454210706903333	161	6016250
20211121 051400	binary	custom	TRUE	TRUE	FALSE	-100	999983	-1	0	0	0	31	325	TRUE	0.0211238889515958	0.761170462049938	0.928168846080587	49	8.05954720629373	255	965	74	87.6539336998168	22.9156843302523	0.0382323650757785	162	6390000
20211121 051501	binary	custom	TRUE	TRUE	FALSE	-100	999983	-1	0	0	0	31	123	TRUE	0.0564980695454823	0.498438118695132	0.916181296219131	55	11.8422165133884	2051	560	86	56.7185123902215	18.2693744490799	0.0432452110165449	163	5891250
20211121 051616	binary	custom	TRUE	TRUE	FALSE	-100	999983	-1	0	0	0	31	269	TRUE	0.0390294976202979	0.744583445063452	0.915842793781853	65	11.4012358175493	3414	423	72	43.090439246385	35.1710184930498	0.0448771057718862	164	5997500
20211121 051743	binary	custom	TRUE	TRUE	FALSE	-100	999983	-1	0	0	0	31	257	TRUE	0.0378341770245451	0.993315050583972	0.922235619349823	67	9.99102766824675	1571	901	20	18.0705017215552	46.2398788512417	0.0480488396809855	165	5823750
20211121 051922	binary	custom	TRUE	TRUE	FALSE	-100	999983	-1	0	0	0	31	267	TRUE	0.0355705685069581	0.967183183763108	0.906784189641618	53	11.9995759639765	1316	605	64	43.0767583786023	23.624290360106	0.035529277865649	166	6043750
20211121 052101	binary	custom	TRUE	TRUE	FALSE	-100	999983	-1	0	0	0	31	261	TRUE	0.037202313376307	0.8032324693802	0.912634318413525	56	4.57031206476946	1033	976	92	92.187766508054	23.1389220001319	0.0473458696325308	167	5878750
20211121 052214	binary	custom	TRUE	TRUE	FALSE	-100	999983	-1	0	0	0	31	260	TRUE	0.0457833503605398	0.774737526686941	0.908317621130812	51	11.9030700303966	2973	782	88	80.7707698651249	25.1458071266544	0.0443498782355452	168	5926250
20211121 052325	binary	custom	TRUE	TRUE	FALSE	-100	999983	-1	0	0	0	31	128	TRUE	0.0455462732859733	0.6964312845045	0.936783302773648	69	7.01655918182057	682	774	91	15.305642697437	46.4226497935415	0.0522499225896078	169	5646250
20211121 052519	binary	custom	TRUE	TRUE	FALSE	-100	999983	-1	0	0	0	31	357	TRUE	0.0346284316368232	0.795913174774888	0.898948101906293	53	12.3035192040266	1389	564	97	30.3617424413381	19.455411429079	0.0350689998577322	170	6162500
20211121 052743	binary	custom	TRUE	TRUE	FALSE	-100	999983	-1	0	0	0	31	348	TRUE	0.0231459099327473	0.49164176434773	0.932567665612739	75	7.22040701865653	1260	695	85	46.9106073909062	55.9861375938152	0.0421572811796507	171	5803750
20211121 052850	binary	custom	TRUE	TRUE	FALSE	-100	999983	-1	0	0	0	31	164	TRUE	0.0616772822044928	0.716176681928614	0.927828970557067	57	8.6867212207009	791	299	91	33.4389889200225	10.3808588588159	0.043521377821295	172	6250000
20211121 052934	binary	custom	TRUE	TRUE	FALSE	-100	999983	-1	0	0	0	31	127	TRUE	0.0692305562022937	0.720324329515823	0.919519978189931	71	4.29789482217637	5455	541	83	41.2763918021669	7.00697552017576	0.0460654599014168	173	5420000
20211121 053012	binary	custom	TRUE	TRUE	FALSE	-100	999983	-1	0	0	0	31	113	TRUE	0.0635538683719086	0.98991051994236	0.921176065505721	76	10.7052487100002	4696	891	73	80.0909744288251	35.0516085483792	0.0416635284075218	174	5727500
20211121 053229	binary	custom	TRUE	TRUE	FALSE	-100	999983	-1	0	0	0	31	251	TRUE	0.0348195536393733	0.726454594882772	0.938520360783346	62	7.64566517474933	390	814	66	52.3308810127283	28.5829736659456	0.0383244206773619	175	5976250
20211121 053358	binary	custom	TRUE	TRUE	FALSE	-100	999983	-1	0	0	0	31	319	TRUE	0.0319324090243313	0.729692137870995	0.904829926368781	45	8.15620668780958	2640	581	95	84.8443959567948	62.6299339315782	0.0426677713338857	176	5877500
20211121 053541	binary	custom	TRUE	TRUE	FALSE	-100	999983	-1	0	0	0	31	366	TRUE	0.0331859621041842	0.756959396932348	0.920626379503628	20	10.0847995853547	2712	772	71	79.2193923589322	3.68764531585223	0.0430443624312721	177	6121250
20211121 053718	binary	custom	TRUE	TRUE	FALSE	-100	999983	-1	0	0	0	31	180	TRUE	0.0387822224330461	0.581217862388192	0.924501619983201	42	9.76335388082933	829	935	68	39.8661522943034	24.5318243523195	0.0439481810649996	178	6036250
20211121 053833	binary	custom	TRUE	TRUE	FALSE	-100	999983	-1	0	0	0	31	150	TRUE	0.0690019390180316	0.685349938639359	0.914874506447028	76	8.66943830844605	489	488	86	37.1734233464512	12.7337788879118	0.0397136233921652	179	6118750
20211121 054005	binary	custom	TRUE	TRUE	FALSE	-100	999983	-1	0	0	0	31	361	TRUE	0.0337043582600706	0.739488838585901	0.910289847320802	22	7.87283780136408	3629	593	62	71.038431509832	9.32200016761021	0.0434962717481359	180	6053750
20211121 054153	binary	custom	TRUE	TRUE	FALSE	-100	999983	-1	0	0	0	31	449	TRUE	0.0387464252401377	0.706332102342193	0.936790436551062	50	2.41910593399891	4713	898	88	77.4268301149888	56.0918113220488	0.0421405437975446	181	6156250
20211121 054403	binary	custom	TRUE	TRUE	FALSE	-100	999983	-1	0	0	0	31	357	TRUE	0.0215363410002128	0.736274700564639	0.931698762611591	41	2.62619422497455	2263	747	94	45.4951526022674	66.2930112421283	0.0465926874377579	182	5891250
20211121 054545	binary	custom	TRUE	TRUE	FALSE	-100	999983	-1	0	0	0	31	388	TRUE	0.0374955332388918	0.632027153921909	0.938241413209623	74	3.42378878964958	3343	966	80	86.7887988231646	74.1876534107154	0.0397973103026956	183	6306250
20211121 054637	binary	custom	TRUE	TRUE	FALSE	-100	999983	-1	0	0	0	31	192	TRUE	0.0459291262015895	0.648186688967321	0.93243750546432	57	3.32682213159258	6196	998	92	91.3700298575633	3.52811146838704	0.043780807243939	184	5611250
20211121 054938	binary	custom	TRUE	TRUE	FALSE	-100	999983	-1	0	0	0	31	680	TRUE	0.0259216586019895	0.626107093562636	0.94042612724977	66	2.70728540036725	2198	951	76	73.9347826368292	76.6025917337192	0.0433958474554995	185	6018750
20211121 055037	binary	custom	TRUE	TRUE	FALSE	-100	999983	-1	0	0	0	31	200	TRUE	0.0570234285745975	0.73599529442432	0.924974349320879	24	7.16025459465598	3852	507	89	17.553877507232	22.8703176848555	0.0426342965696735	186	6032500
20211121 055251	binary	custom	TRUE	TRUE	FALSE	-100	999983	-1	0	0	0	31	302	TRUE	0.0311841938191493	0.615656572914282	0.921485485977224	90	7.23020512681947	733	838	68	42.6854640304882	34.7348566868575	0.0372615969136267	187	6035000
20211121 055512	binary	custom	TRUE	TRUE	FALSE	-100	999983	-1	0	0	0	31	248	TRUE	0.0306589823687148	0.567966208895849	0.927934134110251	66	9.02021686493918	451	951	67	81.1205148234587	23.8758667307943	0.0356380708493385	188	6277500
20211121 055629	binary	custom	TRUE	TRUE	FALSE	-100	999983	-1	0	0	0	31	306	TRUE	0.0581163406679768	0.746017934871951	0.922979860697035	58	8.15673991245843	3956	754	91	58.272494998668	42.6182250697739	0.0445256207476589	189	5850000
20211121 055940	binary	custom	TRUE	TRUE	FALSE	-100	999983	-1	0	0	0	31	418	TRUE	0.0218776238877404	0.58036907295594	0.920567569802249	53	9.48082102644348	746	1002	60	39.6855992948952	21.8751435309185	0.0459482982266744	190	6337500
20211121 060211	binary	custom	TRUE	TRUE	FALSE	-100	999983	-1	0	0	0	31	277	TRUE	0.0312667828244508	0.589444388963061	0.919261565777922	76	12.4880634512524	454	806	68	49.0792928702491	14.4929373816842	0.0428602512281054	191	6098750
20211121 060337	binary	custom	TRUE	TRUE	FALSE	-100	999983	-1	0	0	0	31	197	TRUE	0.0333937442424952	0.437273575656979	0.936498347267096	64	8.60476826340941	2364	846	55	86.4033849481904	0.855695920414964	0.0507184521269028	192	5725000
20211121 060440	binary	custom	TRUE	TRUE	FALSE	-100	999983	-1	0	0	0	31	117	TRUE	0.057138255079597	0.870065316095748	0.926122082622861	53	9.70943852739063	134	536	83	35.9374251432226	7.69441202971113	0.0411195634890747	193	5758750
20211121 060919	binary	custom	TRUE	TRUE	FALSE	-100	999983	-1	0	0	0	31	661	TRUE	0.0216270284252097	0.739680665830479	0.903512862642096	39	9.0487307961276	467	667	74	62.6915031901736	30.8585121298412	0.0434209535286586	194	6115000
20211121 061035	binary	custom	TRUE	TRUE	FALSE	-100	999983	-1	0	0	0	31	208	TRUE	0.0601102680124645	0.729993671978487	0.918058378073891	82	8.84731189116172	1504	480	75	72.6659472021799	33.28517318726	0.0433288979270752	195	5828750
20211121 061229	binary	custom	TRUE	TRUE	FALSE	-100	999983	-1	0	0	0	31	321	TRUE	0.0374837305310963	0.754812999285257	0.922217025157102	63	13.5663191197097	1198	447	90	12.0923971383118	23.3513845741322	0.034993681638255	196	5823750
20211121 061452	binary	custom	TRUE	TRUE	FALSE	-100	999983	-1	0	0	0	31	307	TRUE	0.021364399915714	0.659205150564753	0.926699185378236	29	9.60307305163683	651	919	86	25.3533221001303	22.3700018937578	0.0387512239210665	197	6212500
20211121 061904	binary	custom	TRUE	TRUE	FALSE	-100	999983	-1	0	0	0	31	607	TRUE	0.0226393675598077	0.573553029877126	0.958938775060711	46	9.85554307315798	929	942	67	39.8148579598378	25.4673436663612	0.033445473793444	198	6305000
20211121 062311	binary	custom	TRUE	TRUE	FALSE	-100	999983	-1	0	0	0	31	462	TRUE	0.0227335808422707	0.784200858002418	0.928987300578063	62	3.20239626646651	219	917	83	68.8343989101345	74.7323978614914	0.0346589339961337	199	6123750
20211121 062521	binary	custom	TRUE	TRUE	FALSE	-100	999983	-1	0	0	0	31	215	TRUE	0.0311548440401088	0.64141231908559	0.926255576806086	38	8.95854749673515	142	915	93	48.0599667028727	55.5735735500028	0.0359477124183007	200	6231250
20211121 062654	binary	custom	TRUE	TRUE	FALSE	-100	999983	-1	0	0	0	31	335	TRUE	0.0263518375277785	0.729815419607296	0.924227662100659	60	3.28212558747753	3495	915	80	84.8851295157162	55.3726473619329	0.0470027532993565	201	5830000
20211121 062935	binary	custom	TRUE	TRUE	FALSE	-100	999983	-1	0	0	0	31	310	TRUE	0.0216223088060002	0.765570177122475	0.930514528508507	98	7.36102987552801	474	758	88	46.9535816411239	48.2539447737784	0.0450361109018938	202	6023750
20211121 063215	binary	custom	TRUE	TRUE	FALSE	-100	999983	-1	0	0	0	31	371	TRUE	0.0212550996544397	0.60488795512834	0.920301586808308	41	7.11980078249568	789	762	81	93.9877861036347	37.1248776894952	0.0441657670323785	203	6153750
20211121 063413	binary	custom	TRUE	TRUE	FALSE	-100	999983	-1	0	0	0	31	274	TRUE	0.0222472284393211	0.745182098503509	0.900626851352422	55	6.76450251182352	900	663	95	68.7740459630845	78.7419819626817	0.0403496439121957	204	6173750
20211121 063540	binary	custom	TRUE	TRUE	FALSE	-100	999983	-1	0	0	0	31	203	TRUE	0.0340135665379019	0.757831222964268	0.913319325230082	45	9.9737536928176	1153	520	76	28.2629332390077	26.6947733117738	0.042483660130719	205	5855000
20211121 063822	binary	custom	TRUE	TRUE	FALSE	-100	999983	-1	0	0	0	31	446	TRUE	0.0323071384837803	0.758150171514146	0.909598041811659	51	13.1974101495257	835	726	95	37.5994766298397	63.692157303281	0.0458311365519319	206	6305000
20211121 064115	binary	custom	TRUE	TRUE	FALSE	-100	999983	-1	0	0	0	31	347	TRUE	0.0361492218556955	0.631360827814204	0.924955019640792	44	8.60272070734491	134	876	68	85.5250388790836	18.6216433246426	0.043278685780757	207	5886250
20211121 064307	binary	custom	TRUE	TRUE	FALSE	-100	999983	-1	0	0	0	31	167	TRUE	0.0272093012496535	0.887446627222549	0.929045807327249	46	11.0615420462661	168	938	80	27.8698400247516	30.2428788421032	0.0457474496414016	208	6267500
20211121 064548	binary	custom	TRUE	TRUE	FALSE	-100	999983	-1	0	0	0	31	427	TRUE	0.0231545836513936	0.931117409898804	0.907163511446016	44	10.0241771607104	917	763	87	14.0768912797537	17.719469999232	0.0495217293063192	209	5853750
20211121 064658	binary	custom	TRUE	TRUE	FALSE	-100	999983	-1	0	0	0	31	112	TRUE	0.0400453872126292	0.674134625068606	0.930490552974063	51	3.45702439672854	707	590	97	83.7079915644551	73.1140697789294	0.0474881373804323	210	6107500
20211121 064828	binary	custom	TRUE	TRUE	FALSE	-100	999983	-1	0	0	0	31	193	TRUE	0.0232643962493084	0.744683039848314	0.936569228559709	46	9.74000202108681	108	456	82	82.6131819672143	31.3793469493808	0.0410609826517034	211	5967500
20211121 065207	binary	custom	TRUE	TRUE	FALSE	-100	999983	-1	0	0	0	31	398	TRUE	0.0286448692966568	0.593300773259271	0.936047940739809	59	5.366991393265	364	914	92	66.7804137120275	70.9187331165291	0.0409270835948549	212	6137500
20211121 065322	binary	custom	TRUE	TRUE	FALSE	-100	999983	-1	0	0	0	31	217	TRUE	0.0513395311684114	0.749124961461422	0.908183367100292	49	13.1107206991747	1987	583	62	68.5454016003323	40.468012352296	0.0465090005272275	213	5653750
20211121 065621	binary	custom	TRUE	TRUE	FALSE	-100	999983	-1	0	0	0	31	539	TRUE	0.0200690069126416	0.801375130464262	0.905423890522494	62	6.86715844136093	1142	712	80	63.8715806878194	32.9294245080387	0.0400567397253396	214	6017500
20211121 065834	binary	custom	TRUE	TRUE	FALSE	-100	999983	-1	0	0	0	31	249	TRUE	0.0285394915818659	0.559471611157457	0.930464981725916	65	8.64291655706969	682	1024	68	61.6007373127619	28.4638100843387	0.0409689270501201	215	5881250
20211121 070133	binary	custom	TRUE	TRUE	FALSE	-100	999983	-1	0	0	0	31	469	TRUE	0.0332305965060846	0.546645523532607	0.930953314057888	71	5.77028629622663	1906	504	77	92.0060535087381	55.2797074392709	0.0389353351242332	216	6035000
20211121 070535	binary	custom	TRUE	TRUE	FALSE	-100	999983	-1	0	0	0	31	734	TRUE	0.0215897849691578	0.591703353676149	0.921067289588788	78	9.77098019366625	2042	418	83	34.279799347097	51.1241269253471	0.0321985388265421	217	6341250
20211121 070759	binary	custom	TRUE	TRUE	FALSE	-100	999983	-1	0	0	0	31	371	TRUE	0.034054526368234	0.604359101246066	0.936246042662082	82	9.92678431681589	1039	488	98	36.1248581401617	48.147774638209	0.0462746771777426	218	6138750
20211121 071032	binary	custom	TRUE	TRUE	FALSE	-100	999983	-1	0	0	0	31	354	TRUE	0.0206912341972002	0.579555714096646	0.927172048127091	44	10.6745465052031	468	250	77	33.1679046364428	70.0166597961879	0.0465508439824927	219	5997500
20211121 071319	binary	custom	TRUE	TRUE	FALSE	-100	999983	-1	0	0	0	31	706	TRUE	0.0207827775883014	0.729376696541419	0.916476227687831	78	7.53012375440264	3296	454	95	43.8639185721382	32.7589496659543	0.0457809244056137	220	6012500
20211121 071525	binary	custom	TRUE	TRUE	FALSE	-100	999983	-1	0	0	0	31	203	TRUE	0.031517808295555	0.598233565985726	0.929015046864696	72	4.13934256631837	351	833	46	94.6950275486262	53.9459562857602	0.0404584368958851	221	6057500
20211121 071758	binary	custom	TRUE	TRUE	FALSE	-100	999983	-1	0	0	0	31	382	TRUE	0.0225812077648742	0.572381202525509	0.883395144853584	82	10.2267408521474	1681	488	98	34.0516642329694	56.0131735075562	0.0431447867239085	222	5956250
20211121 072006	binary	custom	TRUE	TRUE	FALSE	-100	999983	-1	0	0	0	31	553	TRUE	0.0419449638351545	0.619832074653776	0.92827456007165	84	3.91001250266897	4535	838	82	73.5593317749143	90.4481922363204	0.0332864686634364	223	6128750
20211121 072304	binary	custom	TRUE	TRUE	FALSE	-100	999983	-1	0	0	0	31	511	TRUE	0.023293200444706	0.599093324693392	0.928158810926582	38	9.77036388243786	1735	851	97	32.8311637985651	36.0221223725573	0.0440820801218481	224	6066250
20211121 072647	binary	custom	TRUE	TRUE	FALSE	-100	999983	-1	0	0	0	31	511	TRUE	0.0304818102814896	0.580933300699842	0.939806366312798	55	10.6983633334474	405	488	36	35.6712440187417	66.0344078590584	0.0426175591875675	225	6085000
20211121 073018	binary	custom	TRUE	TRUE	FALSE	-100	999983	-1	0	0	0	31	541	TRUE	0.0200598481390499	0.552888081115011	0.943555597074578	7	10.2832386748572	1481	736	72	38.2144449574974	23.9886074543407	0.0386759057015892	226	6123750
20211121 073437	binary	custom	TRUE	TRUE	FALSE	-100	999983	-1	0	0	0	31	829	TRUE	0.0221076416761813	0.586244150402947	0.9601346074832	79	8.56254087152228	4225	493	89	37.9065683908572	28.8866280684344	0.0429690442117948	227	5932500
20211121 073659	binary	custom	TRUE	TRUE	FALSE	-100	999983	-1	0	0	0	31	737	TRUE	0.0268316065272283	0.710813376368949	0.934280669017005	66	1.38677307071119	7413	888	78	26.0760421026944	26.2374839423389	0.0340563882403153	228	6213750
20211121 073838	binary	custom	TRUE	TRUE	FALSE	-100	999983	-1	0	0	0	31	389	TRUE	0.0268507600584719	0.702683826066024	0.912556386524595	75	0.845360982017024	3374	589	87	30.5146897601881	26.6914480907046	0.0377637183768087	229	6210000
20211121 074003	binary	custom	TRUE	TRUE	FALSE	-100	999983	-1	0	0	0	31	359	TRUE	0.0376591875780355	0.645705901410622	0.918962620810136	76	0.871864988595443	4437	885	97	82.3848688449841	80.1433113798713	0.0444251964550225	230	5815000
20211121 074148	binary	custom	TRUE	TRUE	FALSE	-100	999983	-1	0	0	0	31	328	TRUE	0.0294738379953133	0.623574919808269	0.922502906503104	61	12.5230069800564	1639	903	75	27.3445552117851	58.5647730703265	0.0402408509285063	231	6140000
20211121 074331	binary	custom	TRUE	TRUE	FALSE	-100	999983	-1	0	0	0	31	363	TRUE	0.0374167580348993	0.622682312918958	0.960758944535206	52	4.93381401811814	2990	776	80	79.1052476689176	72.6069653727663	0.0460989346656289	232	6065000
20211121 074548	binary	custom	TRUE	TRUE	FALSE	-100	999983	-1	0	0	0	31	416	TRUE	0.0288595105528525	0.8468816018641	0.901591027596726	66	12.7984962429616	1134	854	74	26.7822569145365	52.9578164700994	0.0427765643175751	233	6061250
20211121 074833	binary	custom	TRUE	TRUE	FALSE	-100	999983	-1	0	0	0	31	439	TRUE	0.0296378114006686	0.573434068481153	0.919588040727323	36	11.715975765137	1817	991	31	40.0213111598313	21.9355664611458	0.0485091176889023	234	6105000
20211121 075012	binary	custom	TRUE	TRUE	FALSE	-100	999983	-1	0	0	0	31	434	TRUE	0.0218396164127055	0.71939029276854	0.892319202768935	62	1.90940238220187	5196	959	56	27.6312922989033	25.7095645848326	0.046893960315667	235	5646250
20211121 075223	binary	custom	TRUE	TRUE	FALSE	-100	999983	-1	0	0	0	31	273	TRUE	0.0329858422320084	0.592140747629986	0.922613732718998	36	13.1189783817441	675	805	87	38.0307877505227	54.7030373341854	0.0451114291213711	236	6112500
20211121 075436	binary	custom	TRUE	TRUE	FALSE	-100	999983	-1	0	0	0	31	321	TRUE	0.0320722007543238	0.577286115872911	0.917369751498769	52	11.4628084421644	1623	861	67	28.610842212447	75.8824116563123	0.0416133162612036	237	6185000
20211121 075645	binary	custom	TRUE	TRUE	FALSE	-100	999983	-1	0	0	0	31	392	TRUE	0.03558030983653	0.870539932471904	0.904659910891422	38	11.6955008717517	1117	777	67	20.2144688833938	60.7601855761413	0.0459566669177274	238	5936250
20211121 075852	binary	custom	TRUE	TRUE	FALSE	-100	999983	-1	0	0	0	31	353	TRUE	0.0271653708587094	0.691335339959989	0.934396292341331	63	1.39149438757499	495	363	99	31.0339441053773	13.7797315770012	0.0411028261069686	239	6161250
20211121 080046	binary	custom	TRUE	TRUE	FALSE	-100	999983	-1	0	0	0	31	336	TRUE	0.0279435400738251	0.619331220561004	0.933153090521865	78	3.13601500205145	108	366	68	30.2367595777934	38.246927105945	0.0389771785794984	240	6478750
