fecha	objective	metric	first_metric_only	boost_from_average	feature_pre_filter	verbosity	max_depth	num_iterations	early_stopping_rounds	force_row_wise	learning_rate	feature_fraction	bagging_fraction	bagging_freq	min_gain_to_split	max_bin	lambda_l1	lambda_l2	min_data_in_leaf	num_leaves	gleaf_size	gnum_leaves	acumulaciones	pos_ratio_actual	gan_validate	gan_test	pos_ratio_acum	gan_validate_acum	gan_test_acum	iteracion_bayesiana
20211126 012903	binary	custom	TRUE	TRUE	FALSE	-100	-1	102.6	279	TRUE	0.0500461902641691	0.929261599789024	0.679552793771145	407	27.7396423526807	105	153.026626273058	102.371438988484	2930	48	42.7976244580932	0.650360832637758	10	0.0533336680809755	4673750	4363750	0.0585640999891207	4702500	4152500	1
20211126 013133	binary	custom	TRUE	TRUE	FALSE	-100	-1	31.9	225	TRUE	0.159621903926018	0.710469457459985	0.588027226703707	479	22.6547329642926	82	98.2007323182188	142.287408231059	180	234	70.8182031358592	0.196051575906051	10	0.0464646464646465	5029750	4844750	0.0549906689094759	5186250	4686250	2
20211126 013534	binary	custom	TRUE	TRUE	FALSE	-100	-1	57	236	TRUE	0.108991925287177	0.619968119313708	0.838499603601522	818	19.0940353937913	216	34.3245127459522	58.2604954985436	532	214	59.9724111352116	0.530324685355707	10	0.0420735942691204	5715625	5530625	0.0427556425899425	5813750	5663750	3
20211126 014020	binary	custom	TRUE	TRUE	FALSE	-100	-1	45.1	235	TRUE	0.111505493398407	0.297934837959474	0.273365641402779	328	20.3556205474888	90	76.9631864351686	86.2305965926498	125	886	74.4859306421131	0.516056260660232	10	0.0487426041692819	4584500	4209500	0.053216506406233	4601250	4201250	4
20211126 014555	binary	custom	TRUE	TRUE	FALSE	-100	-1	48.6	230	TRUE	0.133237513432046	0.44483792951447	0.492708388855681	434	37.1041934771347	181	73.1088680448011	63.825186380418	8218	7	32.2289680661634	0.267486313695437	10	0.0499694542776564	4276250	3916250	0.0442620069794883	4338750	3738750	5
20211126 015038	binary	custom	TRUE	TRUE	FALSE	-100	-1	63.1	232	TRUE	0.123699772359687	0.180681682141731	0.982049080290599	401	9.05543825851055	77	170.645059270319	155.898697618395	353	488	64.0808299635537	0.802700850204914	10	0.0434067267538684	5411500	5001500	0.0380859129823504	5511250	5211250	6
20211126 015515	binary	custom	TRUE	TRUE	FALSE	-100	-1	17.2	222	TRUE	0.180688375353231	0.578350096669747	0.248918626999948	111	13.83273416257	45	91.4323899499141	152.529438659549	16098	7	25.1164709297009	0.4647782075305	10	0.0419137522700074	3469500	3519500	0.0415421823872528	3645000	3645000	7
20211126 020040	binary	custom	TRUE	TRUE	FALSE	-100	-1	26.8	248	TRUE	0.0827439808099298	0.526902774552582	0.43905542238499	686	29.8489984907792	30	145.756030876655	25.0160459976178	478	330	61.0390264387242	0.734272518527927	10	0.0419279790447976	4482375	4417375	0.0393746914045174	4518750	4718750	8
20211126 020534	binary	custom	TRUE	TRUE	FALSE	-100	-1	18.5	228	TRUE	0.141190576664289	0.53469796170597	0.224424025379121	779	38.4437381205498	59	23.8999882002827	106.077681193128	27	1655	89.9877395792864	0.20835182041378	10	0.0465960349141791	4465125	4210125	0.0378097461776004	4402500	4502500	9
20211126 021136	binary	custom	TRUE	TRUE	FALSE	-100	-1	52.1	270	TRUE	0.0564167413106188	0.393141975092585	0.336062858877121	238	25.2053350413917	234	105.958131392254	175.747140721651	33	1868	87.8309184373356	0.287293274377356	10	0.044429380800549	4668750	4293750	0.036931033617032	4583750	4433750	10
20211126 021358	binary	custom	TRUE	TRUE	FALSE	-100	-1	41.8	254	TRUE	0.0729543880213751	0.646814089944819	0.289498068473767	21	39.8467836764758	61	169.506497381954	9.25320045556873	2373	38	44.9304861323908	0.42264233543718	10	0.0515126409078356	3395750	3395750	0.0657528056036755	3328750	2728750	11
20211126 021851	binary	custom	TRUE	TRUE	FALSE	-100	-1	83.3	226	TRUE	0.149743928799639	0.197813707141322	0.722244755894644	304	1.34586247993866	147	46.853309533326	65.4381254606415	1272	133	51.2145399888977	0.785575279520126	10	0.0406576117429473	5712125	5132125	0.0376172662833806	5681250	5131250	12
20211126 022114	binary	custom	TRUE	TRUE	FALSE	-100	-1	38.1	221	TRUE	0.185907965913648	0.761753523583175	0.557210804190836	92	5.73205838736612	13	58.5665491421241	46.072305245325	1017	103	53.4691167771816	0.486587978644879	10	0.0421338488447022	5551625	5451625	0.046228649376951	5695000	5795000	13
20211126 022621	binary	custom	TRUE	TRUE	FALSE	-100	-1	31.3	223	TRUE	0.168357995586004	0.366092126867734	0.703055862876354	370	41.4127897351864	160	118.996193393832	116.775415604934	84	899	78.4987808931619	0.35182165902626	10	0.0408400492079034	4969875	4689875	0.0452495125237462	5241250	5141250	14
20211126 022928	binary	custom	TRUE	TRUE	FALSE	-100	-1	46.5	243	TRUE	0.0910066604770255	0.904168617202085	0.616823444878682	769	44.5659990768763	167	163.001054908382	112.071818023687	755	24	56.4610378220677	0.0828885355537641	10	0.0488095536977061	4524500	4394500	0.0562710786405898	4545000	4445000	15
20211126 023502	binary	custom	TRUE	TRUE	FALSE	-100	-1	43.1	223	TRUE	0.170238392297761	0.435008194564725	0.873372841716046	292	31.1466715036659	139	122.430955565069	34.1766644397285	10306	15	29.8636761456728	0.696799683678197	10	0.0512573958307181	4603875	4293875	0.0513419196103537	4831250	4531250	16
20211126 024144	binary	custom	TRUE	TRUE	FALSE	-100	-1	209.4	322	TRUE	0.0326390078091063	0.970793860387057	0.849745347580174	525	12.7654715001699	202	61.3065860385541	165.372184090083	65	2355	81.0839724354446	0.713379240265233	10	0.0429866184630062	5894250	5554250	0.0419438795577984	5885000	5535000	17
20211126 024805	binary	custom	TRUE	TRUE	FALSE	-100	-1	115.4	251	TRUE	0.0770153169875266	0.30805668054265	0.81455558522779	639	47.3597251981846	126	87.9692965443246	174.606347184163	22367	7	21.506502836477	0.671813500708842	10	0.0461006084038396	4479125	4164125	0.0452662499058522	4488750	4238750	18
20211126 025358	binary	custom	TRUE	TRUE	FALSE	-100	-1	138.4	303	TRUE	0.0385939136893721	0.602565256535308	0.34779673784913	975	8.48456481646281	150	82.1870338334702	23.5057574836537	861	224	55.1353244562633	0.895826187844446	10	0.0495677571071109	4936250	4651250	0.0544132292268166	4922500	4572500	19
20211126 030032	binary	custom	TRUE	TRUE	FALSE	-100	-1	149.3	261	TRUE	0.0650546195352217	0.234206568081863	0.970252362525789	589	10.8252444025129	94	41.4121702453122	137.133613174083	40	4070	85.8572096819989	0.758828559852613	10	0.0370423372080373	5992125	5692125	0.0361862201133121	5995000	5745000	20
20211126 030552	binary	custom	TRUE	TRUE	FALSE	-100	-1	42.7	230	TRUE	0.131849666342605	0.481323068712954	0.464793344413629	554	18.5059047740651	52	136.215130698401	146.288884745445	1473	22	49.7399895847775	0.147438997261284	10	0.0480187123931946	4377625	4212625	0.0543379110073393	4533750	4183750	21
20211126 030928	binary	custom	TRUE	TRUE	FALSE	-100	-1	12.3	222	TRUE	0.174903293052688	0.153176570526557	0.18532370627101	653	22.2863485224661	71	199.040210344829	72.8672761353664	153	849	72.4570538490079	0.605361221756088	10	0.0475492288251195	3602750	3707750	0.0443373251989656	3927500	3977500	22
20211126 031137	binary	custom	TRUE	TRUE	FALSE	-100	-1	13.3	220	TRUE	0.195864241810166	0.732350383963785	0.116775702662999	63	3.34255300054792	194	112.619299831567	51.9739295274485	21	2554	92.0883069932461	0.250057677650242	10	0.0508423087544877	3880875	3475875	0.0450737700116325	3917500	3917500	23
20211126 031551	binary	custom	TRUE	TRUE	FALSE	-100	-1	68.4	234	TRUE	0.116017295785481	0.139784391455469	0.382173009786638	976	32.2118675871752	243	128.027020748705	122.794671891024	4919	37	37.5197358289734	0.839690108531038	10	0.0559170830090466	3657875	3502875	0.0546224465031424	3641250	3791250	24
20211126 031908	binary	custom	TRUE	TRUE	FALSE	-100	-1	48.2	226	TRUE	0.150979951536981	0.674415641747182	0.655027195448056	271	12.1190651328652	225	54.3260564026423	199.878427155782	236	283	68.1300243702717	0.311419191898254	10	0.0447473910605642	5561250	5261250	0.044186688760011	5750000	5450000	25
20211126 032218	binary	custom	TRUE	TRUE	FALSE	-100	-1	24.7	221	TRUE	0.187018962516333	0.781928235529922	0.770147668566206	917	26.646586987772	178	182.888952831272	133.849669665797	17	4575	94.277404373046	0.362585298969003	10	0.0474923217259588	5051250	4766250	0.0479274936607165	5091250	4891250	26
20211126 032440	binary	custom	TRUE	TRUE	FALSE	-100	-1	24.3	238	TRUE	0.104735317057348	0.94057001189969	0.541007327970001	463	48.7545735368622	6	156.724371808814	193.290794221684	98	888	76.9368819999509	0.405807627134665	10	0.0439373017666307	4512250	4392250	0.0394918530792599	4501250	4651250	27
20211126 032933	binary	custom	TRUE	TRUE	FALSE	-100	-1	161.5	241	TRUE	0.0966215414139442	0.107921785218641	0.432043955473346	166	33.8088189184782	99	28.9036026108079	160.419391219039	426	13	62.2043222528882	0.0250406668334035	10	0.0412936322629777	4687125	4537125	0.047542533872277	4798750	4748750	28
20211126 033742	binary	custom	TRUE	TRUE	FALSE	-100	-1	94.3	271	TRUE	0.0556717456071638	0.551715011495398	0.924884416684508	185	42.5402499877964	211	39.5785024832003	41.2902435834985	4209	48	39.1134517090395	0.932213375316234	10	0.0465893399613366	5521125	5136125	0.0467307708401329	5520000	5270000	29
20211126 034343	binary	custom	TRUE	TRUE	FALSE	-100	-1	355.5	394	TRUE	0.0205375457373448	0.818533670424949	0.51725978128612	214	16.1777090432588	115	143.521169099258	128.117312234826	13488	9	27.0160099398345	0.584064006846922	10	0.0462336705915828	4199250	4099250	0.0440025775568443	4127500	4227500	30
20211126 034922	binary	custom	TRUE	TRUE	FALSE	-100	-1	44.6	265	TRUE	0.0607548441132531	0.330559209320927	0.318353293696418	728	45.1953951315954	223	177.153123506578	14.281515768962	2082	11	46.2509227041155	0.102581095880014	10	0.0542107069033333	3552750	3317750	0.0445716485484505	3442500	3942500	31
20211126 035443	binary	custom	TRUE	TRUE	FALSE	-100	-1	35.4	220	TRUE	0.192052908004145	0.390393826080253	0.933137268297723	838	48.1691072892863	120	4.2452977260109	81.7734529578593	3658	33	40.5409192647785	0.566613448508142	10	0.0442753968851732	5381750	5156750	0.0393830600955705	5417500	5317500	32
20211126 035858	binary	custom	TRUE	TRUE	FALSE	-100	-1	302.7	317	TRUE	0.0341634908083361	0.705144040514715	0.138528650041553	527	0.664618880837224	27	19.28897425998	95.627318834886	12	8079	98.2931898869574	0.451953619440901	10	0.039423229812625	5646500	4976500	0.0357510481785544	5760000	5060000	33
20211126 040130	binary	custom	TRUE	TRUE	FALSE	-100	-1	27.8	227	TRUE	0.143106756360852	0.827018531127251	0.194292197552859	878	40.2822332599317	237	9.1485788335558	93.8631148682907	50	236	83.7342006359249	0.0550600675590686	10	0.0482003129890454	4415500	4245500	0.0578192864854008	4413750	4163750	34
20211126 040847	binary	custom	TRUE	TRUE	FALSE	-100	-1	115.4	288	TRUE	0.0452643418182852	0.268260503403144	0.622740607177839	603	35.0605671020458	186	187.516973640304	183.39010435855	12	17818	97.750447856728	0.99672876609891	10	0.0502389261295641	4866000	4291000	0.0549069819989455	4848750	4048750	35
20211126 041315	binary	custom	TRUE	TRUE	FALSE	-100	-1	68.3	247	TRUE	0.0844724585483782	0.999675826363964	0.891125599420047	869	7.05421121965628	250	194.66119851917	36.7924589733593	252	822	67.4485924276523	0.965033695792023	10	0.042983270986585	5429750	5364750	0.0442703756705414	5387500	5287500	36
20211126 041537	binary	custom	TRUE	TRUE	FALSE	-100	-1	24.5	225	TRUE	0.158683690582402	0.870305344733642	0.149073354652501	33	32.8378237507422	164	67.9639937530737	76.4676809019875	6453	31	34.7331191296689	0.924353310710983	10	0.0467039910287632	3279000	3489000	0.038998100307131	3225000	3775000	37
20211126 042440	binary	custom	TRUE	TRUE	FALSE	-100	-1	1152.7	344	TRUE	0.027608868760406	0.860773703557788	0.787999046365148	724	24.4258827567683	16	11.4668382401578	16.9235516118351	18190	2	23.7886587772518	0.115468814981228	10	0.0368891901617668	5020000	4665000	0.0399186563229645	5037500	4737500	38
20211126 043056	binary	custom	TRUE	TRUE	FALSE	-100	-1	83.4	233	TRUE	0.121062012989074	0.501205814392306	0.405219476256752	949	4.98362391459523	39	102.960974425077	185.886317599798	8856	22	31.4506590180099	0.867693632920273	10	0.0474772580820634	4368500	4178500	0.0491493225544593	4408750	4108750	39
20211126 043614	binary	custom	TRUE	TRUE	FALSE	-100	-1	72.1	241	TRUE	0.0956660823401762	0.236075291255256	0.749050829253392	142	17.2108876239508	132	132.348300848389	0.896486243000254	24	1594	91.1588657130487	0.178311131299008	10	0.0430075401906388	5396125	5081125	0.0524047433740889	5472500	4872500	40
20211126 044035	binary	custom	TRUE	TRUE	FALSE	-100	-1	44.1	224	TRUE	0.164094527545677	0.614001124335761	0.918355110624738	330	25.4305151543353	170	20.7048444714079	106.337378753357	121	1035	74.8135360296366	0.583941832821612	10	0.0395512707857364	5817375	5592375	0.0376088975923276	6082500	5632500	41
20211126 044851	binary	custom	TRUE	TRUE	FALSE	-100	-1	100.5	260	TRUE	0.0660318442781273	0.542445372032639	0.952737796334114	765	22.769623501534	199	19.2258996871638	91.3631339807209	171	627	71.3266200259107	0.499689117318365	10	0.0413388231946641	6075375	5685375	0.0349392851464103	6031250	5581250	42
20211126 045200	binary	custom	TRUE	TRUE	FALSE	-100	-1	63.6	226	TRUE	0.150468173878268	0.754552571601831	0.617171955477489	9	10.4587543811358	39	10.1462651079132	74.981737216356	455	273	61.5449958174257	0.579443686164212	10	0.0341559756638464	5813250	5368250	0.0342446837890086	5935000	5285000	43
20211126 045715	binary	custom	TRUE	TRUE	FALSE	-100	-1	56.8	224	TRUE	0.166469669389286	0.275649888954181	0.895186173329511	689	3.36053096023757	138	44.4831723199633	108.33928189082	82	2126	78.6911583704349	0.812622922498197	10	0.0335458980860804	6029375	5374375	0.0402617726561389	6236250	5636250	44
20211126 050223	binary	custom	TRUE	TRUE	FALSE	-100	-1	76.5	240	TRUE	0.0981127514889742	0.647903749963614	0.919983882871884	511	3.59931461570855	241	39.2216440896105	122.764862815836	389	459	63.1148061621597	0.832407284242491	10	0.0379846518206087	6016375	5646375	0.0373662055517896	6068750	5568750	45
20211126 050845	binary	custom	TRUE	TRUE	FALSE	-100	-1	41.9	229	TRUE	0.136250840763636	0.579730659892987	0.947683920363403	570	34.4404755515959	114	60.6976100658794	42.3834462780118	77	1978	79.3711536553632	0.709961144617052	10	0.0425179717640364	5639250	5554250	0.0391068932908204	5908750	5808750	46
20211126 051421	binary	custom	TRUE	TRUE	FALSE	-100	-1	83.6	251	TRUE	0.077551303630399	0.225172923621163	0.922296125064158	618	44.0362527259845	105	42.3107536916634	46.0085948111011	71	2655	80.0740478819131	0.878421629206506	10	0.0425924531144084	5593125	5218125	0.0396257521361084	5681250	5581250	47
20211126 052053	binary	custom	TRUE	TRUE	FALSE	-100	-1	56.3	233	TRUE	0.121084505957485	0.439691348652022	0.968016234376042	441	25.9799138816876	195	61.9512577765126	168.834025990019	52	1877	83.3077770393608	0.455011360237559	10	0.0429288744947403	5732875	5337875	0.0412994903467149	5881250	5681250	48
20211126 052439	binary	custom	TRUE	TRUE	FALSE	-100	-1	56.4	233	TRUE	0.120662311695044	0.823827439820405	0.969531720457246	655	11.2957174099953	98	59.5720885992974	55.3099806239063	43	3702	85.0979142437998	0.74194856538808	10	0.0390759291339242	6178375	5688375	0.0372490438770472	6186250	5686250	49
20211126 052837	binary	custom	TRUE	TRUE	FALSE	-100	-1	36.5	225	TRUE	0.156800195712655	0.626956182640595	0.863830378463563	570	16.4012782741041	218	58.6658326532575	11.8967094310788	147	383	72.8426907146828	0.261987433648922	10	0.0403002686349828	5960500	5545500	0.0395671712987372	6090000	5790000	50
20211126 053149	binary	custom	TRUE	TRUE	FALSE	-100	-1	48.2	227	TRUE	0.144504749829815	0.651383289477566	0.931240795331772	544	15.0952045412054	40	56.032448955634	95.3416706731968	160	634	71.9721711591429	0.472601766136175	10	0.0391353468404007	5804500	5464500	0.0404124090950934	5963750	5663750	51
20211126 053517	binary	custom	TRUE	TRUE	FALSE	-100	-1	23.6	220	TRUE	0.199375604252356	0.686304782966941	0.84519796606724	401	33.947014237147	232	57.3824622946039	41.709308429772	122	1051	74.7126043216919	0.597719208872301	10	0.0403404383520374	5434500	5289500	0.0385545596813202	5691250	5841250	52
20211126 053857	binary	custom	TRUE	TRUE	FALSE	-100	-1	25.7	220	TRUE	0.195886328174552	0.88399158031507	0.863164422101685	631	32.6737748541761	217	50.4413444956063	16.330124716414	240	582	67.9516545014055	0.650984016527896	10	0.0437038152862511	5617125	5387125	0.0403454595666692	5773750	5523750	53
20211126 054503	binary	custom	TRUE	TRUE	FALSE	-100	-1	35.3	223	TRUE	0.168076446565399	0.547808036259223	0.845962734813883	239	28.5128280043576	243	62.4883576410283	67.243683577974	87	1116	78.155214868139	0.452625319209006	10	0.0422543579958659	5463625	5268625	0.0404458838593056	5758750	5658750	54
20211126 055056	binary	custom	TRUE	TRUE	FALSE	-100	-1	32.8	221	TRUE	0.188672786242369	0.570754519954807	0.816529118686341	444	8.63536531505881	243	50.3367569857187	5.31599026258345	110	1297	75.7624881018	0.664838678044334	10	0.04041659344062	5908125	5473125	0.0384206606244717	6261250	5761250	55
20211126 055756	binary	custom	TRUE	TRUE	FALSE	-100	-1	84	244	TRUE	0.0898620038050175	0.404271421097738	0.951283978369509	509	9.35200888467168	143	70.9166913046673	46.7553919317001	77	1469	79.2657813612315	0.52727253637617	10	0.0373352413948934	6153375	5543375	0.0329307992936825	6181250	5631250	56
20211126 060431	binary	custom	TRUE	TRUE	FALSE	-100	-1	50.4	228	TRUE	0.139928115867387	0.568393286880807	0.834228350792287	502	20.6850783003062	221	43.2673645421659	186.445101415596	137	720	73.5210924671462	0.459753265726373	10	0.042889541646791	5643750	5373750	0.0420443038504348	5820000	5520000	57
20211126 060804	binary	custom	TRUE	TRUE	FALSE	-100	-1	23	220	TRUE	0.19943659915943	0.638212164619852	0.893248044364809	422	36.2113551861433	136	54.8499773893825	14.2813006641928	47	1259	84.2456715320591	0.275732075045508	10	0.0413103696450838	5674625	5294625	0.0358431037801377	5896250	5596250	58
20211126 061210	binary	custom	TRUE	TRUE	FALSE	-100	-1	53.3	237	TRUE	0.106416452476697	0.66677586808719	0.875004198944616	403	19.5672793057134	207	59.0392246632633	36.6344218491149	121	1577	74.7564544874274	0.889667292237396	10	0.040767241595742	5895750	5525750	0.0375419480639033	5942500	5842500	59
20211126 061700	binary	custom	TRUE	TRUE	FALSE	-100	-1	45	230	TRUE	0.129629347849798	0.607447285990965	0.969579253974234	469	33.8722784809672	217	61.1037751787029	85.6103683746881	70	3036	80.2872387758768	0.990485471168754	10	0.0431456235930138	5625500	5520500	0.0430736528499577	5816250	5766250	60
20211126 062030	binary	custom	TRUE	TRUE	FALSE	-100	-1	57.5	235	TRUE	0.112780184969168	0.708503427287132	0.984939852951521	558	31.18442539112	26	61.4986985591331	180.06140901747	48	4205	83.9590528229903	0.940981989527792	10	0.0455516222707606	5626125	5406125	0.0446051233126627	5887500	5537500	61
20211126 062711	binary	custom	TRUE	TRUE	FALSE	-100	-1	52.1	230	TRUE	0.13171529832802	0.50667235972842	0.938858718989295	621	20.1802114832722	231	57.3174617291819	97.3770152693479	36	4421	86.8034219720734	0.741966473096659	10	0.0424083419112417	5825625	5500625	0.0407304193551087	5916250	5816250	62
20211126 063354	binary	custom	TRUE	TRUE	FALSE	-100	-1	55.5	230	TRUE	0.132980962634094	0.53343214738315	0.863428228436978	873	15.1733961027275	232	61.7959577687598	39.6440048157268	105	1440	76.1784897899973	0.704766166151383	10	0.0396525319474781	5962250	5502250	0.0449900831011022	6080000	5630000	63
20211126 063739	binary	custom	TRUE	TRUE	FALSE	-100	-1	38.8	225	TRUE	0.159918707506174	0.645387637146314	0.851368102831072	466	21.0865374386916	165	65.9087716343113	45.9566290991568	106	1439	76.0788638467202	0.711122425398653	10	0.0415463667327793	5584375	5494375	0.0384541353886839	5906250	5706250	64
20211126 064422	binary	custom	TRUE	TRUE	FALSE	-100	-1	58.5	233	TRUE	0.119570657130993	0.582811634348019	0.952771555655095	561	15.0925779214616	219	52.1044654944225	46.9121972367497	101	1210	76.5630817615591	0.569683035934584	10	0.0410634932590194	6121500	5621500	0.0335082389763417	6195000	5795000	65
20211126 064946	binary	custom	TRUE	TRUE	FALSE	-100	-1	39.2	223	TRUE	0.167727713402731	0.304174612264156	0.904588632163192	409	32.8734402940691	255	56.3844649984705	18.6596372133207	151	784	72.598639115554	0.551993691507962	10	0.0414928071100399	5602375	5122375	0.0374833672265321	5851250	5401250	66
20211126 065338	binary	custom	TRUE	TRUE	FALSE	-100	-1	56.2	238	TRUE	0.10467320106267	0.742083897057241	0.830578890927858	373	16.8488420025935	255	43.6703896615998	28.4655660871717	119	613	74.9950113562365	0.339918289164729	10	0.0386800900471157	5967500	5692500	0.035901684617509	6087500	5837500	67
20211126 065816	binary	custom	TRUE	TRUE	FALSE	-100	-1	85.3	251	TRUE	0.0778640595911514	0.761570903313529	0.777808391680575	269	6.58009486273144	219	54.6837768582831	42.8100390552887	130	1326	74.0571136805775	0.803217730808681	10	0.0396843329734796	6187500	5662500	0.0360774271296227	6361250	5611250	68
20211126 070309	binary	custom	TRUE	TRUE	FALSE	-100	-1	79.7	265	TRUE	0.0608000707564413	0.727125226965807	0.877894000601358	392	37.5291440968776	237	47.412762818968	31.5376841606333	66	2765	80.7933603159418	0.850478763717818	10	0.0443055241729641	5862250	5402250	0.0394834843882068	5902500	5552500	69
20211126 070636	binary	custom	TRUE	TRUE	FALSE	-100	-1	32.6	220	TRUE	0.199799622788962	0.755733662624963	0.748807411002	260	17.5479352839655	238	50.5910748797841	43.6774585336455	123	451	74.6041567617222	0.258332349028159	10	0.040535428853573	5690375	5475375	0.0356004117395998	6132500	5782500	70
20211126 071259	binary	custom	TRUE	TRUE	FALSE	-100	-1	56.8	230	TRUE	0.133183767644087	0.475236128859412	0.957355455882232	709	15.0088675498109	113	52.6650617320824	102.736549995619	51	3580	83.5201489293185	0.850853358989842	10	0.0383813277765225	5862125	5537125	0.0380691756002444	5963750	5613750	71
20211126 071704	binary	custom	TRUE	TRUE	FALSE	-100	-1	41.8	222	TRUE	0.177422473152673	0.774310392589506	0.88470876292775	377	10.4719641297349	253	78.3065420070837	87.6739985303432	82	1655	78.7278131374924	0.632526430354996	10	0.0395194697597349	5697125	5442125	0.0379185391612898	5736250	5786250	72
20211126 072135	binary	custom	TRUE	TRUE	FALSE	-100	-1	68.1	237	TRUE	0.105973672508513	0.716846363021109	0.878079352090134	603	6.97577436861831	233	43.0590176984085	81.4610527251806	82	482	78.6592833192393	0.184393162938882	10	0.0374992677395329	6223875	5643875	0.0383871858602596	6266250	5816250	73
20211126 072636	binary	custom	TRUE	TRUE	FALSE	-100	-1	98.7	256	TRUE	0.0713662672727792	0.676923002760115	0.94988208013747	568	13.9738177561728	180	57.9385546298153	114.201118562817	20	4338	92.6364046913987	0.404468386983436	10	0.0416852870042597	6033625	5673625	0.0441113705405338	5961250	5611250	74
20211126 073013	binary	custom	TRUE	TRUE	FALSE	-100	-1	40.4	236	TRUE	0.110467376736323	0.837035651419925	0.939100413663892	565	39.6936199583782	85	43.1380310344902	50.3959313994776	106	1268	76.0789829245321	0.626477457907071	10	0.0434435489945018	5636000	5471000	0.0417765057367377	5810000	5660000	75
20211126 073350	binary	custom	TRUE	TRUE	FALSE	-100	-1	38	220	TRUE	0.199597651960676	0.741795874649686	0.818282467905323	210	3.59523889912295	165	53.7107519409763	10.6496285775217	499	80	60.608884327612	0.185993835626295	10	0.0383595691797846	5820375	5320375	0.0328889558384173	6087500	5237500	76
20211126 073828	binary	custom	TRUE	TRUE	FALSE	-100	-1	50.8	224	TRUE	0.163369698121539	0.196647589627295	0.99318513829278	569	30.6157115698176	77	8.34306458343625	67.7954670238774	32	4339	88.1118552102508	0.647240857976421	10	0.0423932782673462	5652875	5402875	0.0405044646966768	5850000	5800000	77
20211126 074447	binary	custom	TRUE	TRUE	FALSE	-100	-1	43.4	229	TRUE	0.136130146200106	0.582988328014535	0.999758548596543	549	35.5169866350207	125	60.967979458026	51.8776463145865	36	3637	86.9172473136617	0.610373210503182	10	0.0444720611249195	5752375	5442375	0.0426384809152001	5931250	5581250	78
20211126 074933	binary	custom	TRUE	TRUE	FALSE	-100	-1	73.8	230	TRUE	0.129234219558024	0.169710773054695	0.953869110849998	559	25.974097037691	39	0.585379346964159	102.835229833227	50	3260	83.7210407340861	0.759767128799238	10	0.0403647075560912	5690875	5485875	0.0407722628103738	5660000	5810000	79
20211126 075410	binary	custom	TRUE	TRUE	FALSE	-100	-1	47.5	220	TRUE	0.199881698054814	0.170036033513628	0.957653744250102	571	30.0907984718003	86	35.8905822113727	103.616296704662	33	4958	87.9274521122489	0.762669055466057	10	0.042621743533094	5373750	5148750	0.0438268350447307	5703750	5453750	80
20211126 080011	binary	custom	TRUE	TRUE	FALSE	-100	-1	43.3	229	TRUE	0.135024655555433	0.52938473159511	0.940716071475433	559	21.0213699689709	53	2.1926772389038	41.0323884824759	64	3040	81.186601822889	0.907055522538124	10	0.0382599817562535	6085250	5740250	0.0390985245997673	6210000	6060000	81
20211126 080714	binary	custom	TRUE	TRUE	FALSE	-100	-1	146.8	247	TRUE	0.0838993425123151	0.607255626933041	0.920570306265465	553	1.3918669447438	35	0.692337150576971	49.9971949117064	48	3494	84.0583396730645	0.781853316275804	10	0.0411639175516557	6511500	5826500	0.0440193149389504	6525000	6075000	82
20211126 081506	binary	custom	TRUE	TRUE	FALSE	-100	-1	132.8	247	TRUE	0.0840048634261646	0.585792212577804	0.978668431199695	553	3.68872836597517	33	0.011159179103606	54.4392802184349	64	2456	81.2239906186937	0.732584582645888	10	0.0378909224808148	6480375	5955375	0.0347300678700844	6612500	6012500	83
20211126 081917	binary	custom	TRUE	TRUE	FALSE	-100	-1	42.5	235	TRUE	0.111547977874145	0.613123147603368	0.942461839690884	464	10.1703609889308	63	0.352090624108812	31.366148323816	39	4910	86.1750038682097	0.892546027897705	10	0.0415112182303566	6199625	5654625	0.0329810114400007	6273750	5773750	84
20211126 082613	binary	custom	TRUE	TRUE	FALSE	-100	-1	80	272	TRUE	0.0553285476021529	0.418417968699149	0.903756485135298	642	9.35009745483685	27	4.43307838428344	24.8768955762731	75	886	79.5995956685922	0.309607682058234	10	0.0366866678382834	6215250	5690250	0.0342614211711146	6232500	5582500	85
20211126 083308	binary	custom	TRUE	TRUE	FALSE	-100	-1	74.5	240	TRUE	0.0975664591987121	0.576126275877426	0.919153165081566	607	5.12050775209119	17	0.4772437898292	29.9397802597998	93	2180	77.4714289221256	0.94488791042564	10	0.0352957913852694	6258000	5713000	0.0341526281874252	6148750	5748750	86
20211126 083902	binary	custom	TRUE	TRUE	FALSE	-100	-1	42.2	229	TRUE	0.135430099835513	0.522418351496415	0.936908655561917	571	20.9028348841243	31	0.385689339335582	65.6603861273005	54	3491	82.8695012633984	0.878613388993515	10	0.0377419597800708	6017625	5717625	0.0379436452344489	6132500	6082500	87
20211126 085935	binary	custom	TRUE	TRUE	FALSE	-100	-1	544.1	308	TRUE	0.0369793825936467	0.652211238911518	0.930744380431706	534	0.374390576373864	46	3.78873377924871	137.588504900964	55	2889	82.6826730544508	0.740526270968474	10	0.0368824952089244	6691000	5831000	0.0486639384733834	6531250	6031250	88
20211126 090354	binary	custom	TRUE	TRUE	FALSE	-100	-1	36.3	227	TRUE	0.144743385346117	0.618911474287588	0.922431458050411	583	17.2508240196921	214	0.218241546457286	69.2068870605248	47	858	84.2309359203398	0.188048621094359	10	0.0403680550325124	6005375	5685375	0.0349141790732512	6185000	5635000	89
20211126 090939	binary	custom	TRUE	TRUE	FALSE	-100	-1	132.6	240	TRUE	0.0999885231509238	0.608054761147997	0.929965507847866	561	0.125173423024844	19	54.8067659065444	81.6849961097769	30	4040	88.6864520266555	0.564901274600279	10	0.0346037006351836	6306375	5786375	0.0360941645117287	6408750	5808750	90
20211126 091330	binary	custom	TRUE	TRUE	FALSE	-100	-1	37	220	TRUE	0.199821289058987	0.647836566568249	0.826691906216398	576	6.68638344681316	201	1.1549213759624	47.4454284763932	65	1419	80.9457591101355	0.429899771231875	10	0.0396257521361084	6086250	5826250	0.0377427966491761	6162500	5862500	91
20211126 092644	binary	custom	TRUE	TRUE	FALSE	-100	-1	292.9	285	TRUE	0.0469043200079636	0.507882318308757	0.92431221792476	561	1.85725669002829	58	0.301567341729125	69.9045315067547	55	2920	82.7158303341485	0.748431984131167	10	0.0414810909425657	6579125	5904125	0.0477182763843907	6622500	6122500	92
20211126 095456	binary	custom	TRUE	TRUE	FALSE	-100	-1	415.8	261	TRUE	0.0645799894506398	0.528277993724056	0.951026098257139	581	0.0899287646831976	78	2.19130675781308	86.2536185298408	39	3872	86.1682446705301	0.703857206367285	10	0.0342630949093252	6652250	5737250	0.0349476538374633	6530000	5830000	93
20211126 100143	binary	custom	TRUE	TRUE	FALSE	-100	-1	207.1	316	TRUE	0.0343741578097455	0.712486624215233	0.913712355468272	536	1.71785487249418	34	34.7356825288451	73.5061712961207	58	2790	82.206435652245	0.754182020216751	10	0.0354054212380642	6546625	5656625	0.0340689412768949	6511250	5611250	94
20211126 100737	binary	custom	TRUE	TRUE	FALSE	-100	-1	51.2	231	TRUE	0.12635660264961	0.442001250827437	0.902864976565274	542	20.2384786650875	67	0.958709126830828	56.9350060218072	89	1607	77.8787781628037	0.666344671424856	10	0.0358673729841915	6022625	5572625	0.0365209677554334	6195000	5745000	95
20211126 101132	binary	custom	TRUE	TRUE	FALSE	-100	-1	31.8	222	TRUE	0.17653720092367	0.705609546209972	0.926346955316753	574	12.2614840113107	204	164.271091465426	62.973310715516	61	2236	81.6125852814281	0.635786615220476	10	0.0457273647828743	5269875	5099875	0.0430987589231168	5462500	5312500	96
20211126 101437	binary	custom	TRUE	TRUE	FALSE	-100	-1	26.8	223	TRUE	0.168652978077729	0.8816571720151	0.940031783764847	580	14.8891402575132	41	4.40453383294518	13.9372849445802	52	3012	83.1579660145294	0.729942100474435	10	0.0395747031206849	6073875	5548875	0.03513176504063	6252500	5502500	97
20211126 102055	binary	custom	TRUE	TRUE	FALSE	-100	-1	52.3	240	TRUE	0.0991698614953697	0.512136473995786	0.97334552002754	613	46.8279652105779	38	0.0707436078677219	46.3921275705782	12	5749	97.6567251277188	0.32162525731518	10	0.0394834843882068	5882500	5652500	0.0427807486631016	5860000	5760000	98
20211126 103015	binary	custom	TRUE	TRUE	FALSE	-100	-1	111.2	246	TRUE	0.0854308057305602	0.507137863815807	0.856538569682422	546	1.69441742833117	209	35.608937323061	53.5897559810394	12	9762	97.7228282466856	0.546073735337003	10	0.0397111127848493	6288500	5703500	0.0336756127974024	6270000	5520000	99
20211126 104117	binary	custom	TRUE	TRUE	FALSE	-100	-1	235.2	258	TRUE	0.0683986682954509	0.424173229768763	0.936529571810869	581	1.2678523148192	45	0.204448121691517	97.9427698697919	30	6209	88.6693007090715	0.868215737767886	10	0.0423664984559765	6611875	6066875	0.0460612755558903	6670000	6070000	100
20211126 104813	binary	custom	TRUE	TRUE	FALSE	-100	-1	64.4	247	TRUE	0.0841847472656594	0.567849233963226	0.938946705794296	780	36.8102245089873	52	53.8722957894308	106.006873891069	46	4061	84.4408067782631	0.870700230519181	10	0.0433481459164972	5670250	5510250	0.0414417580946164	5860000	5560000	101
20211126 105820	binary	custom	TRUE	TRUE	FALSE	-100	-1	169.2	323	TRUE	0.0324968555494247	0.525040028340901	0.934779811224108	538	15.8436356606399	43	0.0627888303442595	130.889717326757	47	3262	84.2457821960439	0.714504106683809	10	0.0363946005205326	6218875	5653875	0.0332739156268568	6130000	5730000	102
20211126 111747	binary	custom	TRUE	TRUE	FALSE	-100	-1	445.4	282	TRUE	0.0486033903251233	0.54092754941253	0.932148387657332	259	0.782657615850288	95	3.23981568618098	163.001737059374	96	1749	77.1555209849589	0.782663140179195	10	0.0373528156461048	6660750	5855750	0.0472579983764739	6541250	6191250	103
20211126 113230	binary	custom	TRUE	TRUE	FALSE	-100	-1	281.2	254	TRUE	0.0734571352996023	0.458992587333733	0.921413391970361	304	0.153463577520705	47	11.0673546372104	152.751518799319	44	1753	84.9928520404094	0.359503666342158	10	0.0392491610387219	6557500	5817500	0.0422367837446545	6441250	5991250	104
20211126 113726	binary	custom	TRUE	TRUE	FALSE	-100	-1	69.7	250	TRUE	0.0790185760723569	0.606713446341911	0.931269104366677	356	16.1294242053243	32	0.368153268452059	84.7235241392227	18	11842	93.9273245588689	0.993599666913782	10	0.0371101236055669	6112000	5747000	0.0355920430485468	6133750	5833750	105
20211126 120444	binary	custom	TRUE	TRUE	FALSE	-100	-1	449.8	290	TRUE	0.0442647769661238	0.524623486841988	0.931705415626342	308	0.150609736159313	166	12.4654995889505	197.475112475249	49	3068	83.7397943330055	0.700780980579239	10	0.0411505276459709	6678500	5858500	0.0353326136259028	6472500	5972500	106
20211126 121301	binary	custom	TRUE	TRUE	FALSE	-100	-1	202.2	284	TRUE	0.0475147436041555	0.25351502697015	0.929936241150903	306	4.82530906975985	46	8.25252761889429	189.241848693608	155	954	72.3075259429873	0.689251850613889	10	0.0349501644447792	6139625	5634625	0.0326964759441976	6066250	5766250	107
20211126 124422	binary	custom	TRUE	TRUE	FALSE	-100	-1	422.4	282	TRUE	0.0484548559739172	0.909304695868647	0.909957121826226	264	0.265863960649212	122	0.641660515682516	173.646772171248	74	2294	79.7234480046994	0.791146906815203	10	0.0398483593181191	6688000	5773000	0.0427305365167834	6617500	5917500	108
20211126 125437	binary	custom	TRUE	TRUE	FALSE	-100	-1	164.2	289	TRUE	0.0445307012987476	0.458788756554693	0.922289971612203	186	5.32983442668358	135	5.1504662840444	139.65917821186	102	373	76.4634671203515	0.177106819940776	10	0.0373695530282109	6283250	5753250	0.0324621525947127	6301250	5701250	109
20211126 125904	binary	custom	TRUE	TRUE	FALSE	-100	-1	50.2	235	TRUE	0.113804628724081	0.930529771140505	0.882252777505203	694	27.6919466444081	234	68.7080174248299	37.1165299474402	16	8533	94.7350953636802	0.636440282302174	10	0.0419664750236416	5731625	5556625	0.0398768128676994	5693750	5743750	110
20211126 131847	binary	custom	TRUE	TRUE	FALSE	-100	-1	380.1	291	TRUE	0.043879953457238	0.544011392033252	0.956719263236743	314	0.0133614771761963	100	37.6294751479279	166.567772615676	59	2257	82.0270215711448	0.620781676763293	10	0.0391529210916121	6551875	5731875	0.0308218891483183	6496250	5796250	111
20211126 132458	binary	custom	TRUE	TRUE	FALSE	-100	-1	69	235	TRUE	0.114252900979261	0.341828982066697	0.928123366496272	199	6.33776835557175	79	0.222660186346025	98.4512599756517	63	3253	81.2691569906462	0.955291984658959	10	0.0406634698266844	6096250	5701250	0.0345124819027056	6195000	5745000	112
20211126 133047	binary	custom	TRUE	TRUE	FALSE	-100	-1	43.4	237	TRUE	0.107333065999579	0.424144336165964	0.98896456835158	793	25.2912617848604	33	3.0380062988276	8.53776039331421	104	1588	76.2864054841725	0.769952027949156	10	0.0391956014159825	6145500	5610500	0.0357761542517135	6106250	5606250	113
20211126 134221	binary	custom	TRUE	TRUE	FALSE	-100	-1	243.1	257	TRUE	0.0692796883658786	0.588735236648101	0.880239757353922	191	1.10818686969686	94	8.32867539853119	197.58667105367	68	2467	80.5747765731158	0.782004290169363	10	0.0406325056697882	6540875	6005875	0.0367385537228122	6462500	6012500	114
20211126 141838	binary	custom	TRUE	TRUE	FALSE	-100	-1	725.9	324	TRUE	0.0321148673959284	0.532796625237395	0.823873338477118	323	0.440553411960551	144	0.556993886045554	160.723339000537	107	1399	76.0022785445727	0.697795639136751	10	0.0385470278593725	6752375	5772375	0.0450737700116325	6667500	6017500	115
20211126 142654	binary	custom	TRUE	TRUE	FALSE	-100	-1	83	245	TRUE	0.0869805165584903	0.546663416695472	0.919763480629438	547	6.81940598422178	233	6.73247481449588	158.809630168432	61	3342	81.699972564852	0.950169106492976	10	0.037634840534592	6308625	5718625	0.0327132133263036	6363750	5513750	116
20211126 143232	binary	custom	TRUE	TRUE	FALSE	-100	-1	30.5	224	TRUE	0.160934041895438	0.501253144291459	0.883090519140918	580	45.7041217179835	37	47.5783114643733	24.627754006586	38	4660	86.4115687337812	0.825429649467722	10	0.0425773894705129	5615375	5280375	0.0426635869883591	5927500	5477500	117
20211126 152209	binary	custom	TRUE	TRUE	FALSE	-100	-1	1274.4	345	TRUE	0.0273986009574877	0.678959915798622	0.911373370921651	284	0.153129177594101	118	0.229952926821937	168.477342265851	577	273	59.1576114356983	0.733728217716374	10	0.039591440502791	6716375	5671375	0.0402282978919267	6591250	5741250	118
20211126 152648	binary	custom	TRUE	TRUE	FALSE	-100	-1	38.3	220	TRUE	0.196670168752276	0.680384799199547	0.76273525813267	345	18.6438370314387	209	27.2087525326697	131.638144165921	10	17291	99.8457402250444	0.806061255534971	10	0.0410969680232315	5686500	5566500	0.0359770028369863	5976250	5626250	119
20211126 160551	binary	custom	TRUE	TRUE	FALSE	-100	-1	574	300	TRUE	0.0399047997408333	0.469804663816249	0.810986666765298	246	0.0707907972616177	94	0.213789070209027	52.2195178358864	64	3026	81.1075264499394	0.902718528776044	10	0.0377444703873867	6742250	5727250	0.0405965202982601	6686250	5936250	120
20211126 161212	binary	custom	TRUE	TRUE	FALSE	-100	-1	34.1	220	TRUE	0.195701380022124	0.56229105167831	0.726081215022065	650	12.2274006488337	218	38.9376133941017	44.9920671963964	33	1934	87.8549712318836	0.29750209646986	10	0.0416777551823119	5804750	5439750	0.0337760370900387	6155000	5855000	121
20211126 163910	binary	custom	TRUE	TRUE	FALSE	-100	-1	563.6	279	TRUE	0.0502591352888932	0.423830711448606	0.878370866606252	247	0.367817750687242	168	0.775438170191886	183.88928269026	103	2003	76.3703068169862	0.961640793376557	10	0.0341584862711623	6722875	5827875	0.0449984517921552	6578750	5978750	122
20211126 164336	binary	custom	TRUE	TRUE	FALSE	-100	-1	46.7	236	TRUE	0.109066239516463	0.856871200657879	0.934318842118866	318	31.8898378939477	251	108.231863061814	133.898606232229	56	1477	82.4229811624608	0.385541254287725	10	0.0455148000301273	5471625	5326625	0.0460194321006251	5676250	5376250	123
20211126 170815	binary	custom	TRUE	TRUE	FALSE	-100	-1	347.3	253	TRUE	0.0745597278919317	0.582559476540232	0.803921447572767	350	0.041233856960404	45	0.10268311766559	136.422694049857	58	1468	82.0922829830297	0.396773476989637	10	0.0373544893843154	6680500	5655500	0.0461533311574737	6656250	5906250	124
20211126 171419	binary	custom	TRUE	TRUE	FALSE	-100	-1	62.6	230	TRUE	0.132422083781074	0.427379293923114	0.978472395711932	584	5.49564567568073	45	81.2655061595894	75.1389810264928	60	2974	81.7827858508695	0.831699364282512	10	0.0390458018461332	5977875	5512875	0.0397680198840099	6060000	5660000	125
20211126 171849	binary	custom	TRUE	TRUE	FALSE	-100	-1	53.8	223	TRUE	0.168834031232126	0.881272428360779	0.770967551562146	668	0.87436641208088	237	57.5393700026915	53.605278194183	51	2273	83.4749193115739	0.540334463623209	10	0.037124350380357	6094875	5469875	0.0368891901617668	6190000	5740000	126
20211126 172509	binary	custom	TRUE	TRUE	FALSE	-100	-1	45.7	232	TRUE	0.124625638644057	0.526536280274388	0.99989650901037	358	33.6023973916404	38	0.780103283353559	61.9702176667174	70	1131	80.217466961253	0.368860314077498	10	0.0393705070589909	5974375	5714375	0.0350731842032588	5961250	5861250	127
20211126 174359	binary	custom	TRUE	TRUE	FALSE	-100	-1	329.2	224	TRUE	0.162636830940782	0.544545606996805	0.937381993946617	307	0.0392519289002362	24	0.860513495376501	78.1813347476826	50	2073	83.6978497847448	0.483098976040756	10	0.0363217929083712	6579750	5444750	0.0327048446352506	6465000	5665000	128
20211126 175106	binary	custom	TRUE	TRUE	FALSE	-100	-1	104.8	261	TRUE	0.0651193348811311	0.325135503744743	0.971902203445119	271	31.5501038574637	112	1.44821635440854	157.229538493512	62	3069	81.5472527222426	0.886928425768927	10	0.039025716987606	5875875	5675875	0.0439356280284201	5887500	5687500	129
20211126 175546	binary	custom	TRUE	TRUE	FALSE	-100	-1	29.3	220	TRUE	0.199660613020588	0.601862602401869	0.7845710615686	545	40.5722385993911	207	11.6783106444982	35.5036739181171	47	1630	84.2224112561404	0.357118890841088	10	0.0400065275790214	5669375	5414375	0.0352154519511603	6090000	5890000	130
20211126 182053	binary	custom	TRUE	TRUE	FALSE	-100	-1	854.9	312	TRUE	0.0357014747136571	0.22417382847564	0.906065947395781	644	0.0272301562704446	151	19.0556209988329	86.2232332317333	86	2399	78.1935891335209	0.961717981623061	10	0.0392048069761409	6754125	5814125	0.0404709899324647	6655000	5705000	131
20211126 182624	binary	custom	TRUE	TRUE	FALSE	-100	-1	34.4	220	TRUE	0.198271410474901	0.335172031467029	0.937753662797488	686	40.1753560020611	188	12.5399051673669	44.6120363913726	45	3659	84.7771043504099	0.767516022659341	10	0.0409764588720678	5734500	5319500	0.0352070832601073	6091250	5691250	132
20211126 185258	binary	custom	TRUE	TRUE	FALSE	-100	-1	478.8	281	TRUE	0.0491062443876686	0.787648102299762	0.712625190180937	316	0.482726965673276	183	0.188844765925861	165.720966823264	72	1549	79.9840427045306	0.51988636659762	10	0.0368239143715531	6624750	5634750	0.0476680642380725	6530000	5880000	133
20211126 185946	binary	custom	TRUE	TRUE	FALSE	-100	-1	97	240	TRUE	0.0984155428658457	0.480426014396428	0.971631991532713	400	7.82226773844161	4	42.9332942510444	161.515607341034	68	903	80.5977124315434	0.286118544704417	10	0.029747349217109	5266750	4696750	0.0267212305323324	5308750	4508750	134
20211126 192049	binary	custom	TRUE	TRUE	FALSE	-100	-1	295.4	291	TRUE	0.0437047266680189	0.83791401690402	0.916111479457225	347	0.378952560198913	93	0.0131243564345139	157.928293618516	111	1475	75.6359307261311	0.763152864137403	10	0.0402684676089813	6635250	5665250	0.0380775442912974	6612500	5862500	135
20211126 194352	binary	custom	TRUE	TRUE	FALSE	-100	-1	396.4	263	TRUE	0.062561233684919	0.842873170949497	0.82970671915664	252	0.370667961641356	158	3.88553522738287	159.531388800574	63	2444	81.3677897452852	0.717679603460018	10	0.0373971697086859	6714125	5639125	0.0467809829864511	6562500	5912500	136
20211126 194747	binary	custom	TRUE	TRUE	FALSE	-100	-1	30.4	224	TRUE	0.164966767908684	0.616441405032355	0.766046828615596	739	23.6464888767358	151	2.58219510728664	28.6974736757755	70	869	80.2989646359612	0.283435434492849	10	0.0384800783309483	5902375	5657375	0.0380189634539262	6121250	5821250	137
20211126 201658	binary	custom	TRUE	TRUE	FALSE	-100	-1	255.3	252	TRUE	0.076841766759866	0.725101470301564	0.923354491484371	596	0.0393915668401134	53	0.183596362671813	191.167457406978	19	2289	93.3079302911174	0.202752239455219	10	0.0388600169047559	6610625	5760625	0.03744989246232	6506250	6006250	138
20211126 202113	binary	custom	TRUE	TRUE	FALSE	-100	-1	96.9	236	TRUE	0.110193953637317	0.654199543202691	0.587668583582892	529	0.907092171593429	22	6.17114315171656	51.8287767972269	16	10695	95.1873878122962	0.797688161417526	10	0.0404199409170412	6372625	5627625	0.0321022988794323	6455000	5805000	139
20211126 203843	binary	custom	TRUE	TRUE	FALSE	-100	-1	170.4	225	TRUE	0.155416086814415	0.514374541176944	0.721797283028392	618	0.0893839711511741	158	0.135437948514568	192.900589024113	51	3126	83.4652539135201	0.743130157364344	10	0.0370825069250918	6541125	5636125	0.0430150720125865	6675000	6125000	140
20211126 210309	binary	custom	TRUE	TRUE	FALSE	-100	-1	295.9	227	TRUE	0.143855463722014	0.607063674019035	0.72948334267247	337	0.0543624581583202	144	3.77367508722093	190.954364915306	50	3915	83.7265956018603	0.912476332424722	10	0.0370532165064062	6595500	5655500	0.0302611868477651	6530000	5780000	141
20211126 211403	binary	custom	TRUE	TRUE	FALSE	-100	-1	163.2	227	TRUE	0.145287517857984	0.530037971972446	0.790785618716539	734	0.818349799246713	168	0.19210831908718	175.769979135891	83	1947	78.5343833849243	0.753058175786207	10	0.0375293950273238	6394375	5674375	0.0359435280727741	6431250	6081250	142
20211126 212001	binary	custom	TRUE	TRUE	FALSE	-100	-1	67.9	223	TRUE	0.171841278440252	0.317670290773419	0.772459775241423	691	4.00147386255506	161	0.828601233891272	184.597813844946	43	591	85.2623115462682	0.11849919429466	10	0.0363393671595826	6192125	5617125	0.0308972073677956	6235000	5585000	143
20211126 212520	binary	custom	TRUE	TRUE	FALSE	-100	-1	112.3	228	TRUE	0.140305151587084	0.649481176353611	0.67603301810049	678	1.84472914504172	167	0.850904923048966	193.414560265682	77	2231	79.3419465214741	0.800631012850551	10	0.0381754579766179	6292875	5847875	0.0355585682843346	6388750	5838750	144
20211126 213348	binary	custom	TRUE	TRUE	FALSE	-100	-1	86	226	TRUE	0.15110406875773	0.523227953809249	0.779769745506876	615	1.21148037656249	157	1.10686388871177	108.884972153909	42	3512	85.3894939838072	0.687645507244043	10	0.0393721807972015	6349125	5754125	0.0391487367460855	6402500	5952500	145
20211126 214352	binary	custom	TRUE	TRUE	FALSE	-100	-1	191.4	236	TRUE	0.110792971414831	0.699210993332288	0.944636803111456	839	0.96696755245617	152	0.0611652923662314	127.686814308862	117	1488	75.147806697042	0.811536438631311	10	0.0382532868034111	6576250	5901250	0.0444628555647611	6458750	6058750	146
20211126 215516	binary	custom	TRUE	TRUE	FALSE	-100	-1	156.3	236	TRUE	0.110129814909924	0.554781573824085	0.906705667107887	730	0.052417051608688	157	38.3930363461977	156.90083289298	84	2289	78.409037545928	0.896403680044682	10	0.0409346154168027	6475750	5860750	0.0365711799017516	6387500	5887500	147
20211126 215929	binary	custom	TRUE	TRUE	FALSE	-100	-1	39.9	222	TRUE	0.177157641692738	0.616503241770665	0.836789659174749	936	10.1412802159651	151	0.0646217347475243	172.285943617731	85	1841	78.3871385025977	0.729406733601931	10	0.0388240315332279	6056000	5616000	0.0295080046529922	6192500	5242500	148
20211126 222449	binary	custom	TRUE	TRUE	FALSE	-100	-1	288	230	TRUE	0.131432314564608	0.467519363973732	0.745266756302813	595	0.0198674819260023	176	0.390021254390056	158.644727641805	73	2566	79.8617474927381	0.873085056290663	10	0.0374373394257404	6538125	5588125	0.0474672156527997	6560000	5960000	149
20211126 230025	binary	custom	TRUE	TRUE	FALSE	-100	-1	347.2	239	TRUE	0.101350657048075	0.740487911338931	0.914633549099614	731	0.0111545679250863	162	0.559253363069117	39.7418478792157	197	545	69.8965005890093	0.50052106904389	10	0.0374708141899526	6558125	5658125	0.0379520139255019	6481250	5831250	150
20211126 230520	binary	custom	TRUE	TRUE	FALSE	-100	-1	53.8	223	TRUE	0.173332197891851	0.598378492507493	0.567888920328537	666	0.849683835908482	12	55.1845360785398	37.8652826092389	31	1251	88.3607114701025	0.180717526981113	10	0.0374097227452654	5922250	5377250	0.0347216991790314	6263750	6063750	151
20211126 231036	binary	custom	TRUE	TRUE	FALSE	-100	-1	87.9	223	TRUE	0.167593483730975	0.598687506065038	0.530705059878872	734	0.000814749905600027	6	25.5087737435886	6.25409588802165	219	171	68.8796022252749	0.174563061569451	10	0.0395378808800515	6189375	5274375	0.0378348522507595	6398750	5898750	152
20211126 231758	binary	custom	TRUE	TRUE	FALSE	-100	-1	87.5	232	TRUE	0.122183798270768	0.558383255696848	0.686627717623125	849	0.359043718518569	22	63.5463870972237	49.6784704137151	20	2461	92.8693167337605	0.229472026401766	10	0.039737892596219	6159500	5574500	0.0441113705405338	6211250	5961250	153
20211126 232347	binary	custom	TRUE	TRUE	FALSE	-100	-1	93.9	239	TRUE	0.100540894867111	0.596671291032426	0.55380943520361	724	0.0994117230176687	15	65.1600446551336	31.3010767294412	55	715	82.7424702931387	0.183348959838664	10	0.0359736553605651	6116750	5526750	0.0390566811445022	6216250	5666250	154
20211126 232926	binary	custom	TRUE	TRUE	FALSE	-100	-1	38.9	220	TRUE	0.199735075942093	0.44084777238242	0.6163183348836	752	5.55074237857355	14	37.9364832649211	42.1834135365032	89	1668	77.82227311212	0.691705593386895	10	0.0383135413789929	5807250	5372250	0.0345710627400768	5986250	5536250	155
20211126 233447	binary	custom	TRUE	TRUE	FALSE	-100	-1	79.6	235	TRUE	0.113430053166397	0.877621240142941	0.983096953787411	723	3.42296786716678	184	28.834771923101	137.408984492382	73	2914	79.911016937075	0.991585216825404	10	0.0370038412291933	6367875	5787875	0.0390985245997673	6360000	5810000	156
20211126 233809	binary	custom	TRUE	TRUE	FALSE	-100	-1	64.2	225	TRUE	0.155062055516775	0.788944575566574	0.630360470290872	721	0.690430151464497	12	68.8624406408117	35.5522132431013	12	8037	97.9731541841368	0.449620988871833	10	0.0372013423380449	5923375	5483375	0.0382030746570929	6093750	5843750	157
20211126 234839	binary	custom	TRUE	TRUE	FALSE	-100	-1	141.9	231	TRUE	0.125262080865731	0.798501026149002	0.944669713813226	770	0.244934230502106	45	3.20853947212002	135.322916262514	19	3152	93.3167922622188	0.279146672679929	10	0.0354288535730126	6513125	5748125	0.0386215092097445	6531250	6031250	158
