fecha	objective	metric	first_metric_only	boost_from_average	feature_pre_filter	verbosity	seed	max_depth	min_gain_to_split	lambda_l1	lambda_l2	max_bin	num_iterations	force_row_wise	learning_rate	feature_fraction	bagging_fraction	bagging_freq	min_gain_to_split	min_data_in_leaf	num_leaves	max_bin	lambda_l1	lambda_l2	ratio_corte	iteracion_bayesiana	ganancia
20211125 042246	binary	custom	TRUE	TRUE	FALSE	-100	999983	-1	0	0	0	31	106	TRUE	0.0772112887068652	0.633040470168344	0.440976799814962	52	5.39393354603089	3644	287	38	41.9139528233791	28.7003108416684	0.037416508184402	1	8810000
20211125 042350	binary	custom	TRUE	TRUE	FALSE	-100	999983	-1	0	0	0	31	201	TRUE	0.0638561918716878	0.490051603609463	0.628601355638239	33	8.63077310888912	4678	222	149	58.2743513252353	35.0992320541991	0.0379580767180107	2	8898750
20211125 042415	binary	custom	TRUE	TRUE	FALSE	-100	999983	-1	0	0	0	31	176	TRUE	0.053631811184343	0.616793097302434	0.321516701575019	92	2.4939877485449	4891	626	121	62.5339758832706	7.70540009252727	0.0353383963693917	3	8528750
20211125 042448	binary	custom	TRUE	TRUE	FALSE	-100	999983	-1	0	0	0	31	116	TRUE	0.0649580881008878	0.188847564625903	0.525633688253001	65	4.35836993559496	4179	428	100	72.9761936335126	76.0679731407436	0.0376348148801202	4	8545000
20211125 042530	binary	custom	TRUE	TRUE	FALSE	-100	999983	-1	0	0	0	31	330	TRUE	0.0596981963715516	0.684549638818135	0.460339306706446	45	10.3154991645715	4463	456	78	56.6177283204161	86.3766502786893	0.0439615108502626	5	8561250
20211125 042602	binary	custom	TRUE	TRUE	FALSE	-100	999983	-1	0	0	0	31	130	TRUE	0.0814079891266301	0.122113602834288	0.720087474111351	73	12.208644871891	2419	702	199	83.657208160148	66.5474609675584	0.0424627514200431	6	8507500
20211125 042654	binary	custom	TRUE	TRUE	FALSE	-100	999983	-1	0	0	0	31	240	TRUE	0.0370904281623662	0.220554879714618	0.268313526206766	47	8.03931231232127	5277	806	55	5.9139002172742	58.9967821585014	0.0387221501530246	7	7571250
20211125 042731	binary	custom	TRUE	TRUE	FALSE	-100	999983	-1	0	0	0	31	205	TRUE	0.0425378292985261	0.706787938707275	0.557114808029728	43	3.48374241901911	2674	527	32	76.2592554138973	55.1486357825343	0.043906934176333	8	8627500
20211125 042835	binary	custom	TRUE	TRUE	FALSE	-100	999983	-1	0	0	0	31	183	TRUE	0.0729224329879507	0.451372505624895	0.966772640548879	81	9.41918623389211	3284	485	166	16.0201930964831	15.6235898798332	0.0432058338266225	9	8436250
20211125 042914	binary	custom	TRUE	TRUE	FALSE	-100	999983	-1	0	0	0	31	102	TRUE	0.0868931377436966	0.428298536380753	0.409260381701752	51	9.30415933820768	2405	886	123	49.9653130106162	30.0597474625101	0.0370974445521984	10	8405000
20211125 042954	binary	custom	TRUE	TRUE	FALSE	-100	999983	-1	0	0	0	31	106	TRUE	0.0753886611745693	0.588525713939453	0.765004214519286	58	11.5485133790353	7210	369	189	86.0605055728229	72.1028452168684	0.0504561350478805	11	7477500
20211125 043054	binary	custom	TRUE	TRUE	FALSE	-100	999983	-1	0	0	0	31	112	TRUE	0.0518244750862941	0.661890516920248	0.578564339256845	55	5.66487111820607	197	755	225	46.0491000587353	96.2653003999731	0.045728955444443	12	8535000
20211125 043143	binary	custom	TRUE	TRUE	FALSE	-100	999983	-1	0	0	0	31	267	TRUE	0.0440727587295696	0.166049595270888	0.191349130745512	27	3.16444908210542	3056	254	145	39.1443043027539	19.5963954541367	0.040796063762348	13	7803750
20211125 043256	binary	custom	TRUE	TRUE	FALSE	-100	999983	-1	0	0	0	31	302	TRUE	0.0602242690701969	0.260191394407302	0.985635153515614	63	5.18634032297996	4313	729	247	27.9925695084967	74.2336370307021	0.0449061071298127	14	9030000
20211125 043411	binary	custom	TRUE	TRUE	FALSE	-100	999983	-1	0	0	0	31	495	TRUE	0.0246056039431132	0.915117244710564	0.745458392691798	29	13.7637384218106	6250	637	51	71.3550832035253	64.4328685378423	0.0391545653387742	15	9242500
20211125 043448	binary	custom	TRUE	TRUE	FALSE	-100	999983	-1	0	0	0	31	222	TRUE	0.0304838866987266	0.794787592208595	0.372538100624806	61	12.4126980413566	1400	128	89	60.8291597384959	53.2481842301786	0.0483570322044358	16	7952500
20211125 043519	binary	custom	TRUE	TRUE	FALSE	-100	999983	-1	0	0	0	31	200	TRUE	0.0289563614106737	0.751851371211233	0.225335315002012	7	0.833390601648716	901	571	63	33.4818493574858	46.0077803838067	0.042391381923366	17	8228750
20211125 043539	binary	custom	TRUE	TRUE	FALSE	-100	999983	-1	0	0	0	31	135	TRUE	0.089555052950047	0.763627800893737	0.337376327044913	74	2.6752128021908	5893	197	137	26.4139596722089	60.9916995838284	0.0386633752734081	18	8138750
20211125 043715	binary	custom	TRUE	TRUE	FALSE	-100	999983	-1	0	0	0	31	376	TRUE	0.0408753442326561	0.511625690373476	0.430619845518377	66	3.90560352330795	5053	937	213	98.0315337347565	43.2191358553246	0.0364887047275994	19	8486250
20211125 043734	binary	custom	TRUE	TRUE	FALSE	-100	999983	-1	0	0	0	31	52	TRUE	0.0697080600485206	0.952851827978156	0.286700245804386	24	14.5412454947073	728	423	109	8.46848788787611	94.0301806532079	0.0426264814418318	20	8408750
20211125 043816	binary	custom	TRUE	TRUE	FALSE	-100	999983	-1	0	0	0	31	301	TRUE	0.0919250850472599	0.909732682515751	0.606713318132097	37	7.6163593736419	6428	885	20	69.148093292024	69.3198548036162	0.0420219398229197	21	8538750
20211125 043919	binary	custom	TRUE	TRUE	FALSE	-100	999983	-1	0	0	0	31	223	TRUE	0.0799933724794537	0.280214131191606	0.93391901707917	18	1.93744662878453	2085	550	112	67.0207212795503	50.5354598775739	0.0383107259957094	22	9443750
20211125 044026	binary	custom	TRUE	TRUE	FALSE	-100	999983	-1	0	0	0	31	319	TRUE	0.0468172300169244	0.30299030306167	0.185910197612247	31	13.055709465465	7093	340	14	31.0906454542419	81.5684952313313	0.0466819481353669	23	6651250
20211125 044056	binary	custom	TRUE	TRUE	FALSE	-100	999983	-1	0	0	0	31	246	TRUE	0.0340719167562202	0.878602939317934	0.369276376652415	35	6.73730829221313	6006	188	196	50.3600267902948	7.24404454580508	0.0381260049454863	24	8048750
20211125 044144	binary	custom	TRUE	TRUE	FALSE	-100	999983	-1	0	0	0	31	112	TRUE	0.0929944719681516	0.567022794033401	0.640880738156848	80	11.736900498101	1608	153	45	53.4001173713477	26.2498806545045	0.0417952367158277	25	8406250
20211125 044228	binary	custom	TRUE	TRUE	FALSE	-100	999983	-1	0	0	0	31	52	TRUE	0.0850392989874817	0.404582544335281	0.896013501686393	94	1.63401116579189	240	692	238	94.3773648224305	3.04205855820328	0.0435962669555032	26	8520000
20211125 044255	binary	custom	TRUE	TRUE	FALSE	-100	999983	-1	0	0	0	31	187	TRUE	0.0553383309738711	0.994182112956769	0.487574170288281	99	9.90944048939855	7622	958	251	13.4226591500919	11.5191996115027	0.0361822357124565	27	8427500
20211125 044354	binary	custom	TRUE	TRUE	FALSE	-100	999983	-1	0	0	0	31	197	TRUE	0.095226138769649	0.463403324764222	0.676180879769963	90	14.6651832688367	6825	314	234	2.74123185314238	41.8358747725142	0.0400109992988997	28	8287500
20211125 044507	binary	custom	TRUE	TRUE	FALSE	-100	999983	-1	0	0	0	31	270	TRUE	0.0273561875359155	0.841173230904387	0.917231267439201	39	10.992735707463	1636	1006	171	36.4807679527439	48.9147520752158	0.0466105786386898	29	8372500
20211125 044552	binary	custom	TRUE	TRUE	FALSE	-100	999983	-1	0	0	0	31	321	TRUE	0.0336579369953834	0.71586252931389	0.534466689323308	13	0.332291825761786	5419	505	157	80.807887588162	98.1852931599133	0.0493058266896728	30	8020000
20211125 044820	binary	custom	TRUE	TRUE	FALSE	-100	999983	-1	0	0	0	31	580	TRUE	0.0705758534870111	0.544159007313428	0.804572753501707	10	8.38159732252825	7974	111	82	10.7493611704558	20.9478068456519	0.0384450685776899	31	8603750
20211125 044857	binary	custom	TRUE	TRUE	FALSE	-100	999983	-1	0	0	0	31	99	TRUE	0.0669820741354488	0.329462330547394	0.236560634545749	20	6.92468038052903	504	395	3	78.903603926301	84.0333194943378	0.0382981313786488	32	8097500
20211125 044957	binary	custom	TRUE	TRUE	FALSE	-100	999983	-1	0	0	0	31	297	TRUE	0.0976404055687599	0.201722168400302	0.696019458021619	86	6.14297093011555	5745	776	71	19.6754451195011	90.6331924872939	0.0413040466504616	33	8652500
20211125 045143	binary	custom	TRUE	TRUE	FALSE	-100	999983	-1	0	0	0	31	507	TRUE	0.0214674816438928	0.361144300327287	0.151173795727664	97	10.8040980268561	3924	822	205	24.6984934119973	79.614286624128	0.0377355718166056	34	7415000
20211125 045301	binary	custom	TRUE	TRUE	FALSE	-100	999983	-1	0	0	0	31	277	TRUE	0.0394826224381104	0.39123397488147	0.844858482249547	70	13.3588385596813	6671	913	26	95.1867122563999	24.4087509973906	0.0346939717964542	35	8920000
20211125 045334	binary	custom	TRUE	TRUE	FALSE	-100	999983	-1	0	0	0	31	133	TRUE	0.0823455506684259	0.966434905705974	0.779004517733119	9	0.495213480200619	3479	858	182	0.221398339490406	34.4309895724291	0.0338900154074149	36	9010000
20211125 045356	binary	custom	TRUE	TRUE	FALSE	-100	999983	-1	0	0	0	31	173	TRUE	0.0560451432415284	0.853456300899852	0.129401025179541	84	4.87104052593349	1055	674	179	89.6817552729044	0.466505853109993	0.0404434144846493	37	7358750
20211125 045415	binary	custom	TRUE	TRUE	FALSE	-100	999983	-1	0	0	0	31	39	TRUE	0.0483056873045862	0.133487197674112	0.112888089407934	5	7.41892948854365	7569	994	95	22.1903235831996	14.1926630306989	0.0381134103284256	38	4652500
20211125 045442	binary	custom	TRUE	TRUE	FALSE	-100	999983	-1	0	0	0	31	62	TRUE	0.0986230524769053	0.819128756229184	0.880011681530159	17	13.8826455186645	1987	604	221	91.6410282830475	87.9820904298685	0.0441504301061726	39	8255000
20211125 045730	binary	custom	TRUE	TRUE	FALSE	-100	999983	-1	0	0	0	31	825	TRUE	0.0237919538500719	0.249241321863956	0.830768281201599	77	1.20638712728396	2841	262	133	43.5122280952055	39.9761258176295	0.0442385924255973	40	9328750
20211125 045833	binary	custom	TRUE	TRUE	FALSE	-100	999983	-1	0	0	0	31	284	TRUE	0.032718401585756	0.130457934363857	0.831613488300544	15	1.095392141384	2016	643	61	31.3895424155286	53.3036397994144	0.0391587635444611	41	8791250
20211125 045933	binary	custom	TRUE	TRUE	FALSE	-100	999983	-1	0	0	0	31	321	TRUE	0.0201377283111035	0.619449042525754	0.71619840154113	78	4.87631442677798	4287	495	82	16.2266872252611	17.661010076907	0.0389824389056117	42	8593750
20211125 050033	binary	custom	TRUE	TRUE	FALSE	-100	999983	-1	0	0	0	31	210	TRUE	0.0518524518074633	0.287447944231364	0.934411591020381	36	0.423054185527607	3515	145	142	27.3916872202025	56.6453721957126	0.0459808477856564	43	8860000
20211125 050144	binary	custom	TRUE	TRUE	FALSE	-100	999983	-1	0	0	0	31	234	TRUE	0.0471910551398628	0.392441110576456	0.874711918323211	41	3.04272667750589	4287	654	102	59.5304262550941	38.8911230942812	0.0440328803469397	44	9140000
20211125 050225	binary	custom	TRUE	TRUE	FALSE	-100	999983	-1	0	0	0	31	145	TRUE	0.0913390046200498	0.190868748015924	0.829011802928182	7	0.0784453990820927	2226	282	121	58.0519705901199	28.7614727496817	0.0355734958878575	45	9408750
20211125 050304	binary	custom	TRUE	TRUE	FALSE	-100	999983	-1	0	0	0	31	178	TRUE	0.0988332065708527	0.1417184659511	0.985926084447969	7	2.06966982648445	6211	760	89	71.9749520393501	66.4210650439206	0.0346330978139943	46	9088750
20211125 050337	binary	custom	TRUE	TRUE	FALSE	-100	999983	-1	0	0	0	31	95	TRUE	0.0968205381027929	0.158482739167605	0.909243638288829	4	1.6308042508007	1077	595	170	57.6024990597429	40.8778091210825	0.0379958605691927	47	8837500
20211125 050429	binary	custom	TRUE	TRUE	FALSE	-100	999983	-1	0	0	0	31	185	TRUE	0.0748028254027472	0.270847673659189	0.821835277271118	21	1.5259658541862	3250	250	62	74.8993364687146	16.7803449428645	0.0469758225334492	48	8863750
20211125 050536	binary	custom	TRUE	TRUE	FALSE	-100	999983	-1	0	0	0	31	276	TRUE	0.061043768316963	0.22836785869203	0.967820071843183	6	2.60014700067423	2664	329	46	64.0011567696353	67.7903530308037	0.042542517328094	49	8883750
20211125 050638	binary	custom	TRUE	TRUE	FALSE	-100	999983	-1	0	0	0	31	196	TRUE	0.0815867125171493	0.352012894397707	0.988640943060583	72	0.035080023673688	2675	747	87	68.9629927635004	72.4719585345724	0.0423200124266888	50	8700000
20211125 050715	binary	custom	TRUE	TRUE	FALSE	-100	999983	-1	0	0	0	31	94	TRUE	0.063810428126429	0.261078020045506	0.820879927519856	23	4.26684346941545	2344	477	163	27.1953112543255	47.9584421225654	0.0402838826685475	51	8956250
20211125 050804	binary	custom	TRUE	TRUE	FALSE	-100	999983	-1	0	0	0	31	190	TRUE	0.0886668458839761	0.218767697146595	0.919821031699076	72	1.60084388748456	2935	309	107	85.0419591906061	38.0250861705543	0.0481471219200914	52	8765000
20211125 050843	binary	custom	TRUE	TRUE	FALSE	-100	999983	-1	0	0	0	31	63	TRUE	0.0829771092891712	0.480139708769518	0.766054595873122	27	0.0108107921708019	3826	345	136	45.2910361589835	32.8486463584299	0.0417742456873932	53	8462500
20211125 051100	binary	custom	TRUE	TRUE	FALSE	-100	999983	-1	0	0	0	31	620	TRUE	0.040795531750647	0.297130930862611	0.940013766851378	3	6.27501295648909	5292	775	126	70.9098728825449	45.200062243402	0.0434199423166539	54	8972500
20211125 051146	binary	custom	TRUE	TRUE	FALSE	-100	999983	-1	0	0	0	31	171	TRUE	0.0884142570066972	0.242168550486646	0.883804159652759	30	0.173781722022981	5380	555	99	52.4799370133275	74.3333969435498	0.0413964071755732	55	9075000
20211125 051258	binary	custom	TRUE	TRUE	FALSE	-100	999983	-1	0	0	0	31	425	TRUE	0.0785588232688089	0.117106137293962	0.932463424908226	3	1.92737211325532	3714	734	38	64.9022211679519	23.8513374640624	0.04284478813755	56	8243750
20211125 051434	binary	custom	TRUE	TRUE	FALSE	-100	999983	-1	0	0	0	31	421	TRUE	0.0312258794126429	0.220879808995213	0.74574347439756	30	0.00386132042021062	1293	173	123	56.8434214701812	35.7701094230764	0.0394778271766647	57	8846250
20211125 051517	binary	custom	TRUE	TRUE	FALSE	-100	999983	-1	0	0	0	31	136	TRUE	0.0818953269945348	0.265762254856192	0.914620922930744	65	6.22917552965841	3615	439	94	51.6151267493624	43.3481683625253	0.0513419564478142	58	8413750
20211125 051620	binary	custom	TRUE	TRUE	FALSE	-100	999983	-1	0	0	0	31	184	TRUE	0.0782818359090989	0.304613346739752	0.956074148873842	3	0.67942980534167	861	419	116	83.1740143248828	78.1152390804271	0.0446080345260436	59	8668750
20211125 051653	binary	custom	TRUE	TRUE	FALSE	-100	999983	-1	0	0	0	31	141	TRUE	0.0548737456518135	0.956524048592525	0.742750927094422	21	12.0416837289108	5429	760	61	25.1237506210076	33.6861077114178	0.0338606279676066	60	8818750
20211125 051808	binary	custom	TRUE	TRUE	FALSE	-100	999983	-1	0	0	0	31	300	TRUE	0.0513141049323147	0.274719058479017	0.953753771808522	13	1.35178970033473	4615	655	224	54.9338813218297	53.2243873178115	0.042731436584004	61	9177500
20211125 052114	binary	custom	TRUE	TRUE	FALSE	-100	999983	-1	0	0	0	31	789	TRUE	0.0218762562800802	0.315109873395266	0.865010970061209	70	0.127705197557113	2030	618	89	40.9544100044158	41.9842037102047	0.0436256543953114	62	9211250
20211125 052214	binary	custom	TRUE	TRUE	FALSE	-100	999983	-1	0	0	0	31	292	TRUE	0.02093233770268	0.937976270505362	0.808932675150978	29	3.13611013392657	6477	742	120	37.1167220484938	58.9093236293702	0.0354979281854935	63	8381250
20211125 052321	binary	custom	TRUE	TRUE	FALSE	-100	999983	-1	0	0	0	31	430	TRUE	0.0241534285301645	0.923061695804093	0.680841903245024	92	14.8845572469287	4889	713	12	51.6820462846949	66.61168899529	0.0398304764543634	64	9041250
20211125 052419	binary	custom	TRUE	TRUE	FALSE	-100	999983	-1	0	0	0	31	174	TRUE	0.0656957995348287	0.296455926703771	0.885052787932263	26	2.07124669213531	1908	796	145	68.6268989388625	54.6073982318092	0.0448137466047012	65	8457500
20211125 052556	binary	custom	TRUE	TRUE	FALSE	-100	999983	-1	0	0	0	31	525	TRUE	0.0256158241579658	0.155668846934648	0.989302375837265	17	5.65765339934713	4500	561	100	73.2532206345461	40.257459956807	0.0431680499754405	66	8897500
20211125 052645	binary	custom	TRUE	TRUE	FALSE	-100	999983	-1	0	0	0	31	129	TRUE	0.0536990346116748	0.224254063808207	0.840300369206873	18	3.80461223561312	297	276	179	14.8707928149616	23.5167349496796	0.036429929847983	67	8953750
20211125 052822	binary	custom	TRUE	TRUE	FALSE	-100	999983	-1	0	0	0	31	324	TRUE	0.0450032716983517	0.510668172869181	0.688428178679584	48	14.3892226345843	3100	630	35	30.0936345604265	57.3678031289289	0.0447633681364585	68	8722500
20211125 052943	binary	custom	TRUE	TRUE	FALSE	-100	999983	-1	0	0	0	31	367	TRUE	0.0528213261018706	0.212046846479838	0.855018823421622	12	0.996417773409049	2271	403	111	38.6543979342301	17.4341720015376	0.0432981943517341	69	9108750
20211125 053218	binary	custom	TRUE	TRUE	FALSE	-100	999983	-1	0	0	0	31	809	TRUE	0.0202974740190929	0.187019120026051	0.840011700921658	56	0.299734505317465	1927	249	104	59.4628213969048	38.2683840078633	0.0393980612686138	70	9420000
20211125 053401	binary	custom	TRUE	TRUE	FALSE	-100	999983	-1	0	0	0	31	636	TRUE	0.0292141781719941	0.10453997822685	0.83596571907199	30	0.00538041933558454	2918	285	122	41.382272926808	47.9621336119582	0.0373199494536035	71	8538750
20211125 053530	binary	custom	TRUE	TRUE	FALSE	-100	999983	-1	0	0	0	31	345	TRUE	0.0301946675291648	0.28832087740104	0.861792869579763	87	1.88270098319317	2602	227	217	32.672057420888	29.4596013457949	0.0457919285297464	72	9116250
20211125 053630	binary	custom	TRUE	TRUE	FALSE	-100	999983	-1	0	0	0	31	186	TRUE	0.0510169659544845	0.307199204335436	0.991997289002331	11	2.922434845244	2059	576	109	32.6409144430772	13.9097477417907	0.0432562122948652	73	9371250
20211125 063700	binary	custom	TRUE	TRUE	FALSE	-100	999983	-1	0	0	0	31	574	TRUE	0.0256470300322324	0.284314695131903	0.832637757386254	10	4.51783551695895	1677	566	98	75.8042278963161	45.253479305276	0.0352628286670277	74	9451250
20211125 063748	binary	custom	TRUE	TRUE	FALSE	-100	999983	-1	0	0	0	31	73	TRUE	0.0457746991311299	0.34290493259064	0.659614975879928	6	2.04335604953152	625	552	49	65.9014405842213	26.6185808146853	0.0453469187269361	75	8098750
20211125 063828	binary	custom	TRUE	TRUE	FALSE	-100	999983	-1	0	0	0	31	127	TRUE	0.0893586771457194	0.2732216623694	0.835712846828671	7	5.33207260114862	5228	178	108	63.0714050694234	28.606257577672	0.040909415315894	76	8920000
20211125 063932	binary	custom	TRUE	TRUE	FALSE	-100	999983	-1	0	0	0	31	253	TRUE	0.0942531601014188	0.273515408922044	0.982490277581866	29	2.14754725805282	5255	576	222	30.7831074573462	15.2862272317315	0.0463125060349207	77	8961250
20211125 064054	binary	custom	TRUE	TRUE	FALSE	-100	999983	-1	0	0	0	31	259	TRUE	0.026529530379573	0.280930834721866	0.81663432764213	91	2.49740396672464	654	571	109	20.3131007982112	36.627409250703	0.0418917954466261	78	8727500
20211125 064227	binary	custom	TRUE	TRUE	FALSE	-100	999983	-1	0	0	0	31	614	TRUE	0.0295990969576566	0.783897857945248	0.802883362583738	48	13.9962003688718	6279	667	21	66.7429197125414	59.6518749726838	0.0423871837176791	79	9030000
20211125 064342	binary	custom	TRUE	TRUE	FALSE	-100	999983	-1	0	0	0	31	286	TRUE	0.0274579994300133	0.264338565036465	0.973464436031156	65	2.8340165253444	3041	206	197	47.1535104180325	34.2832298485967	0.0510732712838533	80	8193750
20211125 064434	binary	custom	TRUE	TRUE	FALSE	-100	999983	-1	0	0	0	31	173	TRUE	0.0586580587196781	0.294957329499347	0.891096237671803	5	1.96334368082054	4302	493	242	26.8623615643602	58.6610659903552	0.0431344643299454	81	8907500
20211125 064554	binary	custom	TRUE	TRUE	FALSE	-100	999983	-1	0	0	0	31	353	TRUE	0.0331628727166286	0.228634611956143	0.810737099709108	71	0.0789072474756941	3058	671	223	50.1656503493822	14.593844970757	0.0450236568890456	82	8945000
20211125 064730	binary	custom	TRUE	TRUE	FALSE	-100	999983	-1	0	0	0	31	319	TRUE	0.0210987352211861	0.417617453749934	0.821837297750423	9	11.4343290523867	3413	1016	69	69.6128844755214	50.9942029582442	0.045199981527895	83	8442500
20211125 064822	binary	custom	TRUE	TRUE	FALSE	-100	999983	-1	0	0	0	31	213	TRUE	0.0254552746270953	0.879731549499774	0.727676837293705	67	14.6996023057017	2967	795	33	88.0093670274114	66.2269900773639	0.0448431340445094	84	8198750
20211125 064921	binary	custom	TRUE	TRUE	FALSE	-100	999983	-1	0	0	0	31	268	TRUE	0.08701964108483	0.207435114032048	0.964251864178036	3	3.81341446082442	6625	969	244	55.3952088590825	73.844821739248	0.0426894545271351	85	9240000
20211125 065040	binary	custom	TRUE	TRUE	FALSE	-100	999983	-1	0	0	0	31	539	TRUE	0.0237070666591922	0.936944729334093	0.738381622926138	35	14.0084804301998	7200	548	40	51.0269776425605	85.5593045850336	0.046602182227316	86	8475000
20211125 065134	binary	custom	TRUE	TRUE	FALSE	-100	999983	-1	0	0	0	31	227	TRUE	0.0930303898790343	0.232348444606278	0.943843388456805	3	0.0530001927896986	7577	378	253	58.5848081500182	42.6165733022611	0.0448347376331356	87	9001250
20211125 065222	binary	custom	TRUE	TRUE	FALSE	-100	999983	-1	0	0	0	31	186	TRUE	0.0757085199261385	0.237388006797351	0.822438838421131	93	4.6838635477508	5401	701	227	32.9124987690666	55.5058820129273	0.0427104455555695	88	8683750
20211125 065337	binary	custom	TRUE	TRUE	FALSE	-100	999983	-1	0	0	0	31	211	TRUE	0.0486014442521478	0.498664061805632	0.980732350389763	3	0.792920263157317	3273	811	102	56.599662424915	94.5919515333761	0.0446710076113469	89	8600000
20211125 065452	binary	custom	TRUE	TRUE	FALSE	-100	999983	-1	0	0	0	31	296	TRUE	0.0327357195733596	0.274899361313079	0.830250077341171	77	0.512939350205618	3876	559	112	57.0039771833295	28.5345266591797	0.047210922051915	90	8743750
20211125 065552	binary	custom	TRUE	TRUE	FALSE	-100	999983	-1	0	0	0	31	161	TRUE	0.0376849025281181	0.321122265624222	0.867576953700331	47	0.993872687051089	885	226	85	49.4000254274521	49.5184147726847	0.042769220435186	91	9016250
20211125 065700	binary	custom	TRUE	TRUE	FALSE	-100	999983	-1	0	0	0	31	423	TRUE	0.0437544362609041	0.702158819206724	0.828135109777033	38	6.18933157892148	7178	605	54	73.830544793903	64.6022169638476	0.043793582622787	92	9011250
20211125 065743	binary	custom	TRUE	TRUE	FALSE	-100	999983	-1	0	0	0	31	136	TRUE	0.0953674808339598	0.247406057579404	0.987891069433841	37	3.12040242229372	2171	244	128	38.2773006479077	20.8883368933185	0.0445576560578009	93	8883750
20211125 065920	binary	custom	TRUE	TRUE	FALSE	-100	999983	-1	0	0	0	31	319	TRUE	0.0302295401672188	0.398979473842242	0.978328346833075	14	4.19633701134909	5131	508	101	20.0133944336188	49.7564632474483	0.0458045231468071	94	8662500
20211125 070037	binary	custom	TRUE	TRUE	FALSE	-100	999983	-1	0	0	0	31	100	TRUE	0.0856656651033177	0.616197380990144	0.946311896706661	11	1.35647370384993	37	787	106	78.2324905251083	24.6225564763369	0.038138599562547	95	8495000
20211125 070136	binary	custom	TRUE	TRUE	FALSE	-100	999983	-1	0	0	0	31	222	TRUE	0.0727138717538708	0.252433415647552	0.825662725919059	11	4.76617625608151	1968	146	196	67.1659683414715	34.3617171019476	0.0366860203948832	96	9377500
20211125 073852	binary	custom	TRUE	TRUE	FALSE	-100	999983	-1	0	0	0	31	364	TRUE	0.0262571733730205	0.224995745187043	0.831953537847864	11	1.11425996903284	554	304	119	70.2536699890464	19.8252638024468	0.0408590368476513	97	9485000
20211125 073949	binary	custom	TRUE	TRUE	FALSE	-100	999983	-1	0	0	0	31	193	TRUE	0.0761057896560706	0.221872288865825	0.83410070331039	13	1.62003000328943	1576	239	112	62.7453673756493	82.9079483077017	0.0432855997346734	98	8512500
20211125 074139	binary	custom	TRUE	TRUE	FALSE	-100	999983	-1	0	0	0	31	354	TRUE	0.0202329046777237	0.314005678759796	0.826512155162872	79	5.63696552108195	723	258	87	69.6747901242437	13.6874152799177	0.0461235867790106	99	8917500
20211125 074245	binary	custom	TRUE	TRUE	FALSE	-100	999983	-1	0	0	0	31	462	TRUE	0.0357832984877211	0.891940653445045	0.677265696786692	58	10.8094987763024	6262	637	46	72.5874157453523	39.8216900540341	0.0370722553180771	100	8762500
20211125 074344	binary	custom	TRUE	TRUE	FALSE	-100	999983	-1	0	0	0	31	248	TRUE	0.081171140835083	0.208000384258054	0.796253229613095	10	8.29384570651905	2028	584	219	67.7859847868429	36.9149817208589	0.0340663400462642	101	8907500
20211125 074621	binary	custom	TRUE	TRUE	FALSE	-100	999983	-1	0	0	0	31	607	TRUE	0.0224790716037558	0.270544512446944	0.908510180195558	8	0.052188584555675	828	405	103	73.9507369101571	30.9571286063702	0.0394862235880385	102	8893750
20211125 074711	binary	custom	TRUE	TRUE	FALSE	-100	999983	-1	0	0	0	31	173	TRUE	0.0794901116318519	0.278640163084396	0.974131526147477	9	5.88286510805511	5555	609	81	80.2011566907041	65.8864866049196	0.0411445148343598	103	8950000
20211125 074832	binary	custom	TRUE	TRUE	FALSE	-100	999983	-1	0	0	0	31	428	TRUE	0.0434884735447557	0.174896071221103	0.998211342798652	22	8.31885777178266	7865	881	163	42.0802889812993	78.0319289859552	0.0388858801748133	104	9072500
20211125 081208	binary	custom	TRUE	TRUE	FALSE	-100	999983	-1	0	0	0	31	193	TRUE	0.0724996370830636	0.224171909051375	0.834564388489597	52	0.678559895946498	2491	122	223	55.5353815231019	14.0237331951167	0.0385752129539835	105	9815000
20211125 081305	binary	custom	TRUE	TRUE	FALSE	-100	999983	-1	0	0	0	31	193	TRUE	0.0764409575646676	0.245838181207721	0.840656441728001	61	0.796408682859396	2508	101	209	40.4660925020638	0.927263585580618	0.0437977808284739	106	9110000
20211125 081342	binary	custom	TRUE	TRUE	FALSE	-100	999983	-1	0	0	0	31	125	TRUE	0.0735767725404893	0.197522413820456	0.831294631691279	56	0.650033766844182	2592	122	239	56.067556819486	24.553379155746	0.0470555884415001	107	8640000
20211125 081425	binary	custom	TRUE	TRUE	FALSE	-100	999983	-1	0	0	0	31	141	TRUE	0.0418231205495568	0.625398266856549	0.835050383698721	12	3.00095753183169	1820	112	207	54.6462530796154	13.0563258107538	0.051161433603278	108	7817500
20211125 081457	binary	custom	TRUE	TRUE	FALSE	-100	999983	-1	0	0	0	31	69	TRUE	0.0907791747731647	0.218336452608362	0.861234697660669	16	0.317957616312525	1015	165	216	57.1127790618934	13.0350159212052	0.0429119594285402	109	8623750
20211125 081542	binary	custom	TRUE	TRUE	FALSE	-100	999983	-1	0	0	0	31	147	TRUE	0.07480213557652	0.256666429370125	0.83626881378955	53	6.41354249826767	2278	136	201	77.2742724680227	13.162436774079	0.0447339806966503	110	8781250
20211125 081626	binary	custom	TRUE	TRUE	FALSE	-100	999983	-1	0	0	0	31	167	TRUE	0.096063614187371	0.227236156307136	0.834650763040322	32	0.622793776147892	4333	180	85	60.9078839017558	30.712236941849	0.0423284088380626	111	9197500
20211125 081704	binary	custom	TRUE	TRUE	FALSE	-100	999983	-1	0	0	0	31	121	TRUE	0.0751454824393484	0.225279050615012	0.829775598294506	6	2.0827550259008	2527	326	130	60.1572034826619	36.8364773096808	0.0419631649433032	112	9506250
20211125 081841	binary	custom	TRUE	TRUE	FALSE	-100	999983	-1	0	0	0	31	463	TRUE	0.0218635380584069	0.180694020267545	0.837896523673425	21	6.22375835449813	2220	464	51	64.0461403170853	46.1871480372648	0.0476097515921695	113	8275000
20211125 081955	binary	custom	TRUE	TRUE	FALSE	-100	999983	-1	0	0	0	31	322	TRUE	0.0539747216885443	0.225494727885979	0.828856553087413	24	6.20461791683822	2493	256	245	77.2174166001879	2.22663166242104	0.0428993648114796	114	8827500
20211125 082029	binary	custom	TRUE	TRUE	FALSE	-100	999983	-1	0	0	0	31	75	TRUE	0.0805225263034812	0.296407310889451	0.836295563694334	22	0.923763493829867	1668	797	140	60.5466527356085	37.8302449551236	0.0430043199536518	115	8246250
20211125 082137	binary	custom	TRUE	TRUE	FALSE	-100	999983	-1	0	0	0	31	276	TRUE	0.0395948382881248	0.251140583151025	0.764374344544198	17	1.62387243864584	3541	827	144	59.0494866868639	78.933509108453	0.0459472621401613	116	8570000
20211125 082208	binary	custom	TRUE	TRUE	FALSE	-100	999983	-1	0	0	0	31	70	TRUE	0.0752101881371816	0.280036934938917	0.818195932796197	3	4.72720217674076	2525	524	224	61.8764316796746	79.3705985424691	0.0492764392498646	117	8078750
20211125 082307	binary	custom	TRUE	TRUE	FALSE	-100	999983	-1	0	0	0	31	206	TRUE	0.0682840386982813	0.283445147391073	0.948852356987967	23	8.8847838048506	3522	627	201	83.5571702940193	33.6147758910941	0.0389488532601166	118	9203750
20211125 082347	binary	custom	TRUE	TRUE	FALSE	-100	999983	-1	0	0	0	31	109	TRUE	0.0846455534858664	0.240037928787084	0.844880686019457	11	9.56659219268062	2772	585	181	55.6320486413808	37.2636374089021	0.0413124430618354	119	8950000
20211125 082432	binary	custom	TRUE	TRUE	FALSE	-100	999983	-1	0	0	0	31	125	TRUE	0.0419997650771667	0.311403306080888	0.953664391597201	43	9.01510959399403	3937	662	213	28.803214072325	19.3507117573641	0.0458423069979891	120	8251250
20211125 082510	binary	custom	TRUE	TRUE	FALSE	-100	999983	-1	0	0	0	31	118	TRUE	0.0846359863370764	0.225191978096702	0.846254342932773	52	1.36370482428135	2103	225	11	78.6899572160159	17.405037034188	0.0447759627535191	121	9118750
20211125 082600	binary	custom	TRUE	TRUE	FALSE	-100	999983	-1	0	0	0	31	149	TRUE	0.0723614332251552	0.285319537501449	0.990771033535964	4	6.28044022620826	1658	342	47	17.2714358883725	36.1625283744961	0.0427398329953778	122	9175000
20211125 082649	binary	custom	TRUE	TRUE	FALSE	-100	999983	-1	0	0	0	31	192	TRUE	0.0725753006199743	0.249831532997679	0.838817076103937	20	0.0328144367987701	5732	201	122	58.3468143085287	42.0462427104187	0.0432981943517341	123	9008750
20211125 082754	binary	custom	TRUE	TRUE	FALSE	-100	999983	-1	0	0	0	31	277	TRUE	0.0716069885014173	0.232343707165641	0.827155400074375	27	1.32953094903931	3153	314	212	11.8348825730329	24.8191883205207	0.0483906178499309	124	8242500
20211125 082831	binary	custom	TRUE	TRUE	FALSE	-100	999983	-1	0	0	0	31	114	TRUE	0.0789691787472322	0.223591013488275	0.955202114954899	39	2.6422337285003	3624	324	135	48.7864577127016	20.9549187401325	0.0436634382464934	125	8700000
20211125 082935	binary	custom	TRUE	TRUE	FALSE	-100	999983	-1	0	0	0	31	227	TRUE	0.0779122635300138	0.276933782085831	0.984996537860908	11	4.29143721116452	2604	295	134	37.4908253417923	44.5759669834646	0.0423074178096282	126	8553750
20211125 083033	binary	custom	TRUE	TRUE	FALSE	-100	999983	-1	0	0	0	31	246	TRUE	0.0913366479777293	0.223944195808519	0.797556114965932	49	0.225372903047962	2974	282	177	65.4659837138141	21.793558382463	0.0441672229289202	127	8750000
20211125 083114	binary	custom	TRUE	TRUE	FALSE	-100	999983	-1	0	0	0	31	162	TRUE	0.08491031980676	0.176655576724632	0.887133452024788	57	1.82280818119166	4540	119	222	57.7046546123644	14.0944915316421	0.0470933722926821	128	8378750
20211125 083232	binary	custom	TRUE	TRUE	FALSE	-100	999983	-1	0	0	0	31	318	TRUE	0.0402237839546329	0.215440917254596	0.802734738821625	9	3.38685345191449	1068	332	147	91.2744482739978	25.9199426781085	0.0425299227110333	129	9037500
20211125 083349	binary	custom	TRUE	TRUE	FALSE	-100	999983	-1	0	0	0	31	365	TRUE	0.0636597752644305	0.212269302796985	0.943446570898431	12	1.62510096084599	7057	598	179	76.8262054901991	67.9213813853171	0.0364845065219125	130	9437500
20211125 083447	binary	custom	TRUE	TRUE	FALSE	-100	999983	-1	0	0	0	31	222	TRUE	0.0924247968606233	0.235620223202032	0.935578319520596	20	5.0932637481109	6148	596	164	32.2511841723746	62.5548026804739	0.0380462390374354	131	8572500
20211125 083532	binary	custom	TRUE	TRUE	FALSE	-100	999983	-1	0	0	0	31	139	TRUE	0.0359561830313485	0.208509221521991	0.851145799292407	52	0.0301186741267458	1668	316	121	40.7693448427703	53.7753837069438	0.0432562122948652	132	8421250
20211125 083614	binary	custom	TRUE	TRUE	FALSE	-100	999983	-1	0	0	0	31	169	TRUE	0.0753025934245526	0.201686405365499	0.829949281266446	11	0.740256096880273	6403	345	207	71.6226826543869	37.922367285582	0.0376390130858071	133	8643750
20211125 083718	binary	custom	TRUE	TRUE	FALSE	-100	999983	-1	0	0	0	31	285	TRUE	0.0357994962910157	0.14943860863925	0.922282471264628	11	5.05358415519692	1696	581	181	68.2178955465362	82.1846948849967	0.0350025399144406	134	8978750
20211125 083752	binary	custom	TRUE	TRUE	FALSE	-100	999983	-1	0	0	0	31	94	TRUE	0.0709345947711587	0.21034640267566	0.795501994024384	51	0.092520315371221	1746	110	222	80.7654068071935	75.2212481385599	0.0449690802151161	135	8661250
20211125 083827	binary	custom	TRUE	TRUE	FALSE	-100	999983	-1	0	0	0	31	74	TRUE	0.0885495131423079	0.362836046003669	0.873534131737695	33	2.79243523489322	5244	567	118	48.3635981673905	29.8898715717595	0.0448977107184389	136	7932500
20211125 083913	binary	custom	TRUE	TRUE	FALSE	-100	999983	-1	0	0	0	31	159	TRUE	0.0868914419749949	0.256281500071075	0.937787212617566	3	0.645314381844303	4397	445	65	82.8496929367238	50.3706318003004	0.0433359782029161	137	8947500
20211125 083950	binary	custom	TRUE	TRUE	FALSE	-100	999983	-1	0	0	0	31	136	TRUE	0.0735880537268182	0.192825180394754	0.965744728172503	29	0.795801133975792	6470	539	83	74.8860476182718	75.1862628023931	0.0381595905909814	138	8988750
20211125 084219	binary	custom	TRUE	TRUE	FALSE	-100	999983	-1	0	0	0	31	646	TRUE	0.0350175914521155	0.28562437659891	0.865177604966497	8	8.12633807362299	2111	362	202	69.4989170313959	36.956540858117	0.0442092049857891	139	9037500
20211125 084253	binary	custom	TRUE	TRUE	FALSE	-100	999983	-1	0	0	0	31	89	TRUE	0.0941345761774772	0.202719986235285	0.831058988611573	5	3.71858831606066	911	143	11	43.1014239739109	34.3191590401955	0.0389614478771773	140	7800000
20211125 084329	binary	custom	TRUE	TRUE	FALSE	-100	999983	-1	0	0	0	31	107	TRUE	0.0728474589649003	0.223040086517464	0.841226999206137	67	1.32007406587777	2388	201	156	40.6433868724585	26.7629511279681	0.0483066537361932	141	8917500
20211125 084411	binary	custom	TRUE	TRUE	FALSE	-100	999983	-1	0	0	0	31	168	TRUE	0.089573729826923	0.188908100707006	0.823293252384126	40	0.0119259048932256	3923	402	174	41.8623207354741	29.800623166859	0.0405399732154477	142	8880000
20211125 084458	binary	custom	TRUE	TRUE	FALSE	-100	999983	-1	0	0	0	31	140	TRUE	0.0836517994078615	0.248614243016068	0.85919870798323	47	9.13092351498234	2612	275	48	52.4540051268464	44.1276989179388	0.0461907580700009	143	9347500
20211125 084551	binary	custom	TRUE	TRUE	FALSE	-100	999983	-1	0	0	0	31	146	TRUE	0.0265296420740337	0.283260880897129	0.921119061995086	55	4.3463121491168	1924	842	100	31.2290457197841	40.0334864780695	0.0459388657287875	144	8072500
20211125 084638	binary	custom	TRUE	TRUE	FALSE	-100	999983	-1	0	0	0	31	127	TRUE	0.0503632233499973	0.34289240797559	0.83739272374761	54	9.53577080560689	2658	277	76	65.335086508658	39.3564022244231	0.0468792638026507	145	8342500
20211125 084753	binary	custom	TRUE	TRUE	FALSE	-100	999983	-1	0	0	0	31	351	TRUE	0.0829047005299765	0.223938174422722	0.95062069062745	6	3.07512785914833	6900	388	154	12.7462836596971	32.4538109668158	0.0406113427121248	146	9158750
20211125 084909	binary	custom	TRUE	TRUE	FALSE	-100	999983	-1	0	0	0	31	335	TRUE	0.0584442394453902	0.238778687080343	0.971536729520425	10	2.76698300455541	6988	832	187	77.4818218802792	71.993264541953	0.0444610973270024	147	8512500
20211125 084948	binary	custom	TRUE	TRUE	FALSE	-100	999983	-1	0	0	0	31	109	TRUE	0.0875147454733109	0.258047164698836	0.981085175344059	6	3.64850851877229	2725	586	125	65.5819719220364	23.6611175738316	0.0443435475677695	148	8947500
20211125 085045	binary	custom	TRUE	TRUE	FALSE	-100	999983	-1	0	0	0	31	141	TRUE	0.0821663264231847	0.298170656372958	0.85901785482186	11	1.36645934963478	2513	638	103	63.2975320270936	25.0385178043045	0.0453175312871279	149	8407500
20211125 085145	binary	custom	TRUE	TRUE	FALSE	-100	999983	-1	0	0	0	31	220	TRUE	0.0913140931684421	0.283713038288517	0.947889398366888	6	0.555272058603806	3696	560	63	69.3201803948163	50.8127362397506	0.0418666062125048	150	8685000
20211125 085224	binary	custom	TRUE	TRUE	FALSE	-100	999983	-1	0	0	0	31	126	TRUE	0.0828006229809993	0.250732313605573	0.827984288813079	59	10.1598034010217	3086	128	34	59.157784270073	44.9161312027505	0.0430169145707125	151	8842500
20211125 085346	binary	custom	TRUE	TRUE	FALSE	-100	999983	-1	0	0	0	31	320	TRUE	0.0291813121768423	0.248815239155507	0.846697658699232	30	5.73613726322445	2194	957	186	53.895759468498	33.4223176444066	0.0436592400408066	152	9001250
20211125 085435	binary	custom	TRUE	TRUE	FALSE	-100	999983	-1	0	0	0	31	187	TRUE	0.0703144359765806	0.18902104551104	0.844534789094309	15	0.0682206607830984	1622	552	26	75.1369336422475	33.7045450992824	0.0463125060349207	153	9061250
20211125 085553	binary	custom	TRUE	TRUE	FALSE	-100	999983	-1	0	0	0	31	311	TRUE	0.0531467799371054	0.246241569427238	0.859035704004158	34	5.45539793947868	3062	321	172	50.6837254063257	62.6143480921666	0.0401453418808801	154	8897500
20211125 085649	binary	custom	TRUE	TRUE	FALSE	-100	999983	-1	0	0	0	31	185	TRUE	0.0468118182439387	0.277742163581194	0.936434287535841	37	5.72972176864523	2483	242	227	58.9353634891508	66.1591957700079	0.0413082448561485	155	9151250
20211125 085727	binary	custom	TRUE	TRUE	FALSE	-100	999983	-1	0	0	0	31	96	TRUE	0.0724650287568616	0.277410121913901	0.94255921145468	24	5.44523193572785	2147	632	8	70.3294280188134	33.6155008931949	0.0476433372376646	156	8265000
20211125 085833	binary	custom	TRUE	TRUE	FALSE	-100	999983	-1	0	0	0	31	325	TRUE	0.0704919632336862	0.17560076393543	0.866229054149657	7	1.87377309011631	3957	454	147	61.1976289745671	47.9363695785942	0.0414048035869469	157	8772500
20211125 085920	binary	custom	TRUE	TRUE	FALSE	-100	999983	-1	0	0	0	31	149	TRUE	0.0612607961767819	0.280563397397876	0.932686729378883	23	6.25219065234723	3858	264	230	50.8527936893733	70.2213470650438	0.0404853965415182	158	8796250
20211125 090016	binary	custom	TRUE	TRUE	FALSE	-100	999983	-1	0	0	0	31	224	TRUE	0.0385704355136475	0.210844329736497	0.948794957644269	13	6.30906669550863	4885	650	52	49.522053579773	70.5292481088991	0.0409555955784498	159	8456250
20211125 090110	binary	custom	TRUE	TRUE	FALSE	-100	999983	-1	0	0	0	31	228	TRUE	0.0714853022254287	0.225307184883413	0.844965289542491	23	4.61603005657394	5575	344	224	97.1128298767249	29.3048172302608	0.0309848570720874	160	9075000
20211125 090201	binary	custom	TRUE	TRUE	FALSE	-100	999983	-1	0	0	0	31	177	TRUE	0.0563222037811144	0.248378527343494	0.869240869757222	64	4.26335949817701	2352	701	82	26.8658555941271	27.8911939112969	0.0462285419211829	161	8936250
20211125 090238	binary	custom	TRUE	TRUE	FALSE	-100	999983	-1	0	0	0	31	96	TRUE	0.090011320941117	0.246987227967382	0.844910531994861	43	2.76729313699478	1182	243	44	78.3701895228883	35.8919325359164	0.040376243193659	162	9228750
20211125 090347	binary	custom	TRUE	TRUE	FALSE	-100	999983	-1	0	0	0	31	321	TRUE	0.0728601886830942	0.212248440356207	0.913991291879645	21	6.71782212935024	6281	402	208	97.5837268579142	38.1199349603399	0.0352754232840884	163	9197500
20211125 090558	binary	custom	TRUE	TRUE	FALSE	-100	999983	-1	0	0	0	31	642	TRUE	0.0258790540515528	0.188226589586692	0.83713889037919	86	8.24617276218162	1339	630	157	73.6136793419402	36.9304829628167	0.0434031494939063	164	9127500
20211125 090641	binary	custom	TRUE	TRUE	FALSE	-100	999983	-1	0	0	0	31	108	TRUE	0.0837051684017915	0.250061814779218	0.909175330413933	42	0.906271374189388	1729	457	28	76.8801851353048	39.3013587978103	0.039351881006058	165	9033750
20211125 090800	binary	custom	TRUE	TRUE	FALSE	-100	999983	-1	0	0	0	31	362	TRUE	0.0828920635887103	0.246099706637229	0.868367822170837	18	10.434166812755	5828	308	186	93.0266597871975	37.6419479775567	0.0418875972409392	166	9328750
20211125 090859	binary	custom	TRUE	TRUE	FALSE	-100	999983	-1	0	0	0	31	241	TRUE	0.0804185492487688	0.247272753480125	0.855496956690919	17	9.38808575349589	4900	203	187	66.8464389120263	17.6555928055705	0.0394232505027351	167	9212500
20211125 091031	binary	custom	TRUE	TRUE	FALSE	-100	999983	-1	0	0	0	31	436	TRUE	0.0821050268948047	0.244437722094447	0.815975007367122	9	4.54408366505516	4827	219	234	79.2188227625389	37.0116972628481	0.0433611674370374	168	8740000
20211125 091123	binary	custom	TRUE	TRUE	FALSE	-100	999983	-1	0	0	0	31	198	TRUE	0.0707429661600863	0.247673707541073	0.918460223625479	21	7.74157949698554	4932	329	164	70.6268959278404	36.5742986370198	0.040796063762348	169	8853750
20211125 091158	binary	custom	TRUE	TRUE	FALSE	-100	999983	-1	0	0	0	31	91	TRUE	0.0814980025956043	0.249110372268059	0.843309437367377	51	4.67969561509305	2295	447	9	86.8481927610282	10.2506442119724	0.0373703279218462	170	8773750
20211125 091232	binary	custom	TRUE	TRUE	FALSE	-100	999983	-1	0	0	0	31	91	TRUE	0.0950341533536599	0.245025773531632	0.879528079747272	71	0.71483376108204	2708	484	38	77.5094145318667	47.8321146906967	0.0383107259957094	171	9043750
20211125 091351	binary	custom	TRUE	TRUE	FALSE	-100	999983	-1	0	0	0	31	378	TRUE	0.0631462637106958	0.214990805217918	0.982332229759627	19	5.62623564742622	6436	413	218	99.1214655975711	41.3865388016754	0.0449103053354996	172	8978750
20211125 091434	binary	custom	TRUE	TRUE	FALSE	-100	999983	-1	0	0	0	31	152	TRUE	0.0867300936012141	0.226501624322995	0.897607223833706	6	4.00138122594466	4822	164	216	66.1238929128358	39.5974861746364	0.0403972342220935	173	9072500
20211125 091528	binary	custom	TRUE	TRUE	FALSE	-100	999983	-1	0	0	0	31	211	TRUE	0.0843069999825254	0.253496631828853	0.867248007082325	10	5.94673233673555	4846	156	230	75.673968392147	31.8596845415657	0.0369673001759048	174	9343750
20211125 091634	binary	custom	TRUE	TRUE	FALSE	-100	999983	-1	0	0	0	31	260	TRUE	0.0418835003800356	0.25356281492506	0.853917882943568	12	6.72786712231591	3762	172	48	44.3091514726303	36.3505898308677	0.0430085181593387	175	9045000
20211125 091726	binary	custom	TRUE	TRUE	FALSE	-100	999983	-1	0	0	0	31	92	TRUE	0.0729426499550454	0.280718809215188	0.933074668303863	27	2.87477559042649	320	560	191	72.8632230971799	58.9816419627237	0.0443729350075778	176	8488750
20211125 091843	binary	custom	TRUE	TRUE	FALSE	-100	999983	-1	0	0	0	31	359	TRUE	0.0584126972126439	0.228087580702449	0.92113828593548	14	4.03098033281194	6703	447	206	72.5264530036269	32.0769759642859	0.0397423141349387	177	9417500
20211125 091955	binary	custom	TRUE	TRUE	FALSE	-100	999983	-1	0	0	0	31	287	TRUE	0.0406011111543766	0.259364637487891	0.883331175499951	14	6.85895989267521	6306	545	210	77.5675483978323	29.4782324615581	0.04774409417415	178	8385000
20211125 092100	binary	custom	TRUE	TRUE	FALSE	-100	999983	-1	0	0	0	31	290	TRUE	0.0591818978783267	0.225633270314229	0.954446665109418	7	4.63722495433491	7910	197	165	68.1482552749193	37.6396323137714	0.0416189120769783	179	9058750
20211125 092308	binary	custom	TRUE	TRUE	FALSE	-100	999983	-1	0	0	0	31	653	TRUE	0.0377619522152136	0.227368962486215	0.894267540392913	9	6.22306080320514	6585	820	202	20.1129521396039	33.0587289473002	0.0411655058627942	180	9043750
20211125 092352	binary	custom	TRUE	TRUE	FALSE	-100	999983	-1	0	0	0	31	169	TRUE	0.0607426837183082	0.210869548929067	0.938522711789723	7	4.14399399588396	7987	105	183	66.6708756109245	42.7505228862224	0.0378153377246565	181	8891250
20211125 092426	binary	custom	TRUE	TRUE	FALSE	-100	999983	-1	0	0	0	31	101	TRUE	0.0907821646952077	0.191848113432389	0.836951519167847	55	1.19189537580564	1999	301	44	95.5577369442413	39.9326226694349	0.0435186001502958	182	8542500
20211125 092503	binary	custom	TRUE	TRUE	FALSE	-100	999983	-1	0	0	0	31	117	TRUE	0.0676548469754382	0.226853715300042	0.841888713841559	24	4.90776942606995	4247	163	39	31.0311399403856	42.7109548362546	0.0475845623580482	183	8282500
20211125 092605	binary	custom	TRUE	TRUE	FALSE	-100	999983	-1	0	0	0	31	271	TRUE	0.0691047296690649	0.199005566663205	0.930243561430591	12	3.70800399554515	4141	372	206	38.0629650569533	26.6932347005025	0.0462579293609911	184	8877500
20211125 092713	binary	custom	TRUE	TRUE	FALSE	-100	999983	-1	0	0	0	31	238	TRUE	0.038258844556658	0.278782364985057	0.878288386383733	11	3.76007779121044	2000	234	152	5.83595641912678	3.89674287702941	0.043793582622787	185	9011250
20211125 092810	binary	custom	TRUE	TRUE	FALSE	-100	999983	-1	0	0	0	31	200	TRUE	0.0717998443717529	0.244250885230841	0.901004803909888	17	2.5882772354647	5862	442	133	58.6061813041369	40.61938342574	0.0387809250326411	186	9103750
20211125 092928	binary	custom	TRUE	TRUE	FALSE	-100	999983	-1	0	0	0	31	266	TRUE	0.0235396845891222	0.244285681147294	0.804848589927669	11	5.94112654329899	990	351	134	64.3279109999731	64.3671443756897	0.0469800207391361	187	8662500
20211125 093011	binary	custom	TRUE	TRUE	FALSE	-100	999983	-1	0	0	0	31	136	TRUE	0.0807673804031122	0.251995669104645	0.856990051094323	31	1.03260433039359	2300	519	20	73.0839530363664	50.1957474342562	0.0449858730378636	188	8956250
20211125 093112	binary	custom	TRUE	TRUE	FALSE	-100	999983	-1	0	0	0	31	202	TRUE	0.0560388207134813	0.298334828426634	0.987934789655626	8	2.21717934450362	2936	194	137	18.471629636763	17.5987913487546	0.0403426575481639	189	8838750
20211125 093245	binary	custom	TRUE	TRUE	FALSE	-100	999983	-1	0	0	0	31	419	TRUE	0.0361376028219744	0.224313294374458	0.864050600734918	6	4.56950717947923	2820	259	84	53.6456443714216	19.4538641530773	0.0430882840673896	190	8971250
20211125 093445	binary	custom	TRUE	TRUE	FALSE	-100	999983	-1	0	0	0	31	527	TRUE	0.0352010267835454	0.283466164146054	0.797780091099982	10	4.64930374652594	3102	281	84	48.9032165252748	30.2409335537165	0.0419127864750606	191	8971250
20211125 093527	binary	custom	TRUE	TRUE	FALSE	-100	999983	-1	0	0	0	31	131	TRUE	0.0747501324358653	0.251845596821619	0.875166766524838	4	9.08336801080654	2857	140	108	27.1601324617103	40.7186638125854	0.0368581468280457	192	9126250
20211125 093619	binary	custom	TRUE	TRUE	FALSE	-100	999983	-1	0	0	0	31	188	TRUE	0.0770097211107523	0.281542816317897	0.914069742960696	26	5.79319214448244	5867	130	234	82.4911089006831	42.2771106293249	0.0455946128624626	193	8625000
20211125 093712	binary	custom	TRUE	TRUE	FALSE	-100	999983	-1	0	0	0	31	216	TRUE	0.0789874907865233	0.228027858184772	0.909051014112642	4	5.16989804397403	7248	330	234	64.9073274711178	16.4537557636902	0.0406155409178117	194	9057500
20211125 093933	binary	custom	TRUE	TRUE	FALSE	-100	999983	-1	0	0	0	31	578	TRUE	0.0267752174257977	0.288970498134286	0.808120115964723	8	4.11234231394592	1493	876	128	27.574195113306	48.2591154206607	0.03957858411315	195	9216250
20211125 094155	binary	custom	TRUE	TRUE	FALSE	-100	999983	-1	0	0	0	31	746	TRUE	0.0215045245053363	0.190858573944964	0.843561999741045	69	2.13998890916662	4573	114	36	59.2530781455766	32.7277382632068	0.0466483624898718	196	8911250
20211125 094244	binary	custom	TRUE	TRUE	FALSE	-100	999983	-1	0	0	0	31	186	TRUE	0.0879482001581181	0.248483316939613	0.890975135760386	11	8.31309151914907	7481	186	229	74.7128317835928	26.1043166843848	0.0356826492357167	197	9376250
20211125 094337	binary	custom	TRUE	TRUE	FALSE	-100	999983	-1	0	0	0	31	212	TRUE	0.0879322620265089	0.243480565917466	0.887204834147471	28	4.0345733144943	7239	116	200	66.781768192546	18.9928104170226	0.0357876043778889	198	9145000
20211125 094422	binary	custom	TRUE	TRUE	FALSE	-100	999983	-1	0	0	0	31	143	TRUE	0.0724178276233876	0.224622268996404	0.835244246049188	41	7.09965241718608	1565	354	229	56.0696438813749	10.6142124242488	0.0431848427981881	199	8292500
20211125 094622	binary	custom	TRUE	TRUE	FALSE	-100	999983	-1	0	0	0	31	587	TRUE	0.0255885734973593	0.225052817243188	0.853966681732006	55	0.717740418974815	4294	113	179	22.3726453416978	0.00872834098465138	0.0421562824049001	200	8998750
20211125 094722	binary	custom	TRUE	TRUE	FALSE	-100	999983	-1	0	0	0	31	181	TRUE	0.0549635796378215	0.285260536970493	0.940211516600968	13	13.2953900339238	1881	510	108	84.6076807142912	41.095477857277	0.0455358379828461	201	8942500
20211125 094812	binary	custom	TRUE	TRUE	FALSE	-100	999983	-1	0	0	0	31	154	TRUE	0.0479920203891025	0.22653776571311	0.878221646011578	4	11.731039300446	1360	457	144	80.1590710469416	4.70305157716607	0.0375508507663824	202	9570000
20211125 094910	binary	custom	TRUE	TRUE	FALSE	-100	999983	-1	0	0	0	31	207	TRUE	0.060884923517056	0.228171415063548	0.809361834885005	3	10.6213166245003	1237	500	121	52.2219030474158	11.131559965104	0.0375382561493218	203	9223750
20211125 095119	binary	custom	TRUE	TRUE	FALSE	-100	999983	-1	0	0	0	31	536	TRUE	0.0323935971362451	0.226973150517038	0.924224514326969	14	9.75628965306041	980	482	139	88.7880683524272	4.87965167927713	0.0441630247232333	204	8801250
20211125 095214	binary	custom	TRUE	TRUE	FALSE	-100	999983	-1	0	0	0	31	176	TRUE	0.0772428170328944	0.223161296795872	0.905258086910576	3	2.15425690279687	2423	608	176	93.372036910681	60.883030075023	0.0462537311553042	205	8828750
20211125 095355	binary	custom	TRUE	TRUE	FALSE	-100	999983	-1	0	0	0	31	417	TRUE	0.0403758712147283	0.227047072349175	0.84573922874293	3	12.8938552825944	1160	317	181	76.8876240519178	27.5462490383451	0.0377061843767974	206	9123750
20211125 095434	binary	custom	TRUE	TRUE	FALSE	-100	999983	-1	0	0	0	31	123	TRUE	0.0842659668124126	0.190540067698944	0.928498054095862	11	0.749025415274008	2244	622	142	86.9698328221449	64.1414000469508	0.0489489792062872	207	8226250
20211125 095544	binary	custom	TRUE	TRUE	FALSE	-100	999983	-1	0	0	0	31	222	TRUE	0.0502055106623785	0.243401555727921	0.884429918784777	6	9.85471283164678	611	749	156	45.6215824293713	15.6718287888334	0.0443477457734564	208	8646250
20211125 095705	binary	custom	TRUE	TRUE	FALSE	-100	999983	-1	0	0	0	31	322	TRUE	0.0543879358356371	0.250013948236062	0.990644358700645	4	10.7717708296256	2805	332	142	63.4962127148667	27.6599160638061	0.0439657090559495	209	8960000
20211125 095817	binary	custom	TRUE	TRUE	FALSE	-100	999983	-1	0	0	0	31	332	TRUE	0.0587606360559632	0.218077665081065	0.953779572299967	14	0.954035601521003	7977	480	173	84.9751903578974	31.4669073848697	0.0426516706759531	210	8601250
20211125 095911	binary	custom	TRUE	TRUE	FALSE	-100	999983	-1	0	0	0	31	215	TRUE	0.0597822730356682	0.209755189055102	0.903813062162163	14	7.16107176933802	7199	663	224	79.3797794221521	72.2930455664592	0.0386717716847819	211	8986250
20211125 100015	binary	custom	TRUE	TRUE	FALSE	-100	999983	-1	0	0	0	31	236	TRUE	0.0519544715426968	0.281488936030236	0.862749429971795	43	2.62925899827598	4552	441	54	39.0034513697382	62.2753608405079	0.0411781004798549	212	8790000
20211125 100128	binary	custom	TRUE	TRUE	FALSE	-100	999983	-1	0	0	0	31	275	TRUE	0.0397971446178679	0.279937313249619	0.896527330895631	21	9.44454222639351	5657	639	141	66.7352257543519	59.9345926827258	0.0462789203894256	213	8221250
20211125 100214	binary	custom	TRUE	TRUE	FALSE	-100	999983	-1	0	0	0	31	135	TRUE	0.0689455024634205	0.21093456322166	0.833061292613069	7	10.5012096623704	1846	249	182	55.1530951654573	5.84002681128952	0.0446878004340945	214	8945000
20211125 100339	binary	custom	TRUE	TRUE	FALSE	-100	999983	-1	0	0	0	31	401	TRUE	0.0358195032849475	0.188464051058518	0.837239259391217	60	0.134096934365524	2965	389	106	15.6456611982781	15.2012115288485	0.0435248974588261	215	8941250
20211125 100515	binary	custom	TRUE	TRUE	FALSE	-100	999983	-1	0	0	0	31	397	TRUE	0.0349899983633682	0.23979246128153	0.842839325878303	72	1.6706504798808	1623	388	143	13.9446984421697	27.8644163704244	0.0394400433254827	216	9007500
20211125 100647	binary	custom	TRUE	TRUE	FALSE	-100	999983	-1	0	0	0	31	421	TRUE	0.0393355658163224	0.241408379124672	0.924449363462439	12	1.91031500720891	5730	361	231	76.8183461553336	64.2889695285436	0.0413586233243912	217	9036250
20211125 100739	binary	custom	TRUE	TRUE	FALSE	-100	999983	-1	0	0	0	31	200	TRUE	0.09770019331687	0.222816835423991	0.871793661361229	46	0.469671142116072	2900	217	56	80.9555881788166	33.9095907376522	0.0408002619680349	218	8852500
20211125 100812	binary	custom	TRUE	TRUE	FALSE	-100	999983	-1	0	0	0	31	77	TRUE	0.0669650288572018	0.250041578505862	0.870032812622071	11	8.09596131271419	4039	124	175	64.9340246814119	29.1550752696956	0.0472613005201577	219	8078750
20211125 100844	binary	custom	TRUE	TRUE	FALSE	-100	999983	-1	0	0	0	31	75	TRUE	0.0818712614776194	0.355223220120603	0.3126651715121	75	9.82668867994915	2272	790	92	16.3194857435301	88.541756724054	0.0378741126042729	220	8473750
20211125 100912	binary	custom	TRUE	TRUE	FALSE	-100	999983	-1	0	0	0	31	103	TRUE	0.0968052633377351	0.148772404214111	0.346446429403056	57	11.1072645573865	2390	780	187	9.4630930905696	87.4571734160418	0.0385752129539835	221	8215000
20211125 100932	binary	custom	TRUE	TRUE	FALSE	-100	999983	-1	0	0	0	31	172	TRUE	0.0631069540459476	0.710062928310456	0.182748589328467	18	10.2821179952659	4759	437	229	63.5531374154845	87.162407328561	0.043869150325151	222	7538750
20211125 101041	binary	custom	TRUE	TRUE	FALSE	-100	999983	-1	0	0	0	31	288	TRUE	0.0369661776017956	0.383032489678729	0.138643185479031	74	9.32776745355106	2955	466	229	96.1131863960298	39.5867669354659	0.0330545724757239	223	7408750
20211125 101333	binary	custom	TRUE	TRUE	FALSE	-100	999983	-1	0	0	0	31	784	TRUE	0.0245453145356849	0.536345531099616	0.264875346827484	92	4.67813233235618	6654	195	31	41.3177808420965	36.0825143859256	0.0354685407456853	224	7990000
20211125 101435	binary	custom	TRUE	TRUE	FALSE	-100	999983	-1	0	0	0	31	215	TRUE	0.0903004318590835	0.566520510352077	0.126705348542775	7	4.3424497480283	3375	975	243	62.0447427753126	18.2693632083014	0.0440202857298791	225	7143750
20211125 101539	binary	custom	TRUE	TRUE	FALSE	-100	999983	-1	0	0	0	31	220	TRUE	0.0698657024607722	0.343830942145346	0.931136200553247	13	3.82543660654164	7107	506	215	56.0937191725359	58.234332085564	0.0450278550947325	226	8693750
20211125 101612	binary	custom	TRUE	TRUE	FALSE	-100	999983	-1	0	0	0	31	59	TRUE	0.0848721917976869	0.253504625272509	0.909909762967779	15	9.30184435345545	1299	277	48	75.8982846596133	40.3739311507541	0.041707074396403	227	8232500
20211125 101712	binary	custom	TRUE	TRUE	FALSE	-100	999983	-1	0	0	0	31	348	TRUE	0.0462444625381753	0.156665834997222	0.234121596284281	49	3.09205673164688	4744	937	239	16.1467760489788	60.227835967578	0.0383233206127701	228	7790000
20211125 101755	binary	custom	TRUE	TRUE	FALSE	-100	999983	-1	0	0	0	31	126	TRUE	0.052094487557316	0.226521934927306	0.831131125693186	7	2.78179759555416	1983	382	130	68.5100085383444	17.9008390880532	0.0483654286158096	229	8650000
20211125 101933	binary	custom	TRUE	TRUE	FALSE	-100	999983	-1	0	0	0	31	351	TRUE	0.0290043345742199	0.240000743973951	0.839475559434958	10	2.68896747134473	642	517	130	78.4488846175091	24.1416224808016	0.0430588966275814	230	8880000
20211125 102102	binary	custom	TRUE	TRUE	FALSE	-100	999983	-1	0	0	0	31	390	TRUE	0.0570578086512346	0.223733836314713	0.890673878527634	9	11.8042353693232	2565	467	181	81.94656413259	11.6973174442215	0.0372821656024215	231	9300000
20211125 102205	binary	custom	TRUE	TRUE	FALSE	-100	999983	-1	0	0	0	31	219	TRUE	0.0501797660246876	0.211110796022985	0.841797286183775	7	11.234896482404	939	384	159	73.3308387248806	29.2154780002049	0.0433065907631078	232	8306250
20211125 102326	binary	custom	TRUE	TRUE	FALSE	-100	999983	-1	0	0	0	31	445	TRUE	0.0205634389155358	0.154104256535065	0.363342576951883	14	4.30167559795082	2089	646	69	58.9435294504976	39.3267171152402	0.0488566186811757	233	8053750
20211125 102358	binary	custom	TRUE	TRUE	FALSE	-100	999983	-1	0	0	0	31	121	TRUE	0.0826497884379141	0.655293140710611	0.79044696781286	55	0.51443025269662	3768	964	26	33.9433329003397	53.457816919731	0.0397968908088683	234	8951250
20211125 102444	binary	custom	TRUE	TRUE	FALSE	-100	999983	-1	0	0	0	31	112	TRUE	0.093506276779715	0.359750563908159	0.433734742681426	85	3.97621722946758	808	291	46	62.2161531495396	10.953282628255	0.0380168515976272	235	8631250
20211125 102521	binary	custom	TRUE	TRUE	FALSE	-100	999983	-1	0	0	0	31	147	TRUE	0.0911583549851738	0.711568957251287	0.883742525102501	84	7.01162533550989	4172	127	9	57.8032302438747	49.2116383632645	0.0382939331729619	236	9348750
20211125 102602	binary	custom	TRUE	TRUE	FALSE	-100	999983	-1	0	0	0	31	109	TRUE	0.0872214227709919	0.442703502232791	0.555164203449688	96	11.5686061375472	4968	962	204	35.978355574538	74.5340988115873	0.0389194658203084	237	8662500
20211125 102652	binary	custom	TRUE	TRUE	FALSE	-100	999983	-1	0	0	0	31	222	TRUE	0.0921900799669512	0.983221525189327	0.809178329600627	82	5.51266275796574	2351	947	190	87.1375828885473	43.1096023351885	0.034074736457638	238	8905000
20211125 102804	binary	custom	TRUE	TRUE	FALSE	-100	999983	-1	0	0	0	31	393	TRUE	0.0658060146027803	0.201655068572308	0.453506030078162	65	7.29426457176916	7042	125	172	58.3259191308636	83.9638544298941	0.0414509838495027	239	8108750
20211125 103005	binary	custom	TRUE	TRUE	FALSE	-100	999983	-1	0	0	0	31	662	TRUE	0.0235631740295328	0.125952121911617	0.859605919516273	36	12.7857240457367	1090	949	52	72.9258157277014	90.5114446505206	0.0431470589470061	240	9303750
