Feature	Gain	Cover	Frequency
ctrx_quarter	0.117962779709625	0.0113932065850722	0.00316875776131546
mcuentas_saldo	0.0581747848845649	0.0155011088958131	0.00620905237014516
mv_status04	0.0350449425307448	0.000780620998237226	0.000556673660771635
mtarjeta_visa_consumo	0.0263908434359819	0.0052076618447313	0.00119898942320045
ctarjeta_visa_transacciones	0.0261384658298502	0.00535412193224607	0.00188412623645784
cproductos_delta2	0.0253375022917019	0.006075125415242	0.00252644199888665
cpayroll_trx	0.0252615126492251	0.0129453486561662	0.00128463152485762
mcaja_ahorro	0.0234879159763196	0.00446350980688296	0.00282618935468676
mpasivos_margen	0.0232080160578719	0.00517499838606005	0.00265490515137241
mv_status04_delta1	0.012404025202524	0.000859989073140666	0.000299747355800111
cpayroll_trx_lag1	0.00966551484455076	0.00321562538614423	0.000899242067400334
mdescubierto_preacordado	0.0083634187627564	0.00247469287976717	0.00128463152485762
mpayroll_lag1	0.00697161729453507	0.00471692943735057	0.00137027362651479
mprestamos_personales_lag1	0.00672594256108393	0.00284457345009053	0.00167002098231491
mv_msaldopesos	0.00657430294083051	0.0016091314853529	0.000856421016571747
foto_mes	0.00648907356972879	0.00601728937599736	0.00638033657345951
mcaja_ahorro_lag1	0.00573727276553526	0.00157553145138353	0.00218387359225795
mpasivos_margen_lag2	0.00526903372518229	0.00144642947512438	0.00226951569391513
mdescubierto_preacordado_delta2	0.00514910661447378	0.00628241375495142	0.00171284203314349
mactivos_margen	0.00513695516115404	0.00508656084818222	0.00415364193037297
cprestamos_personales	0.00472521214095176	0.00168299822213667	0.0010277052198861
cprestamos_personales_delta2	0.00434631013778964	0.00353220134382646	0.000899242067400334
mprestamos_personales	0.00390777912349812	0.0103988673803811	0.00252644199888665
Master_fechaalta	0.00385740911213823	0.00088445067265006	0.00196976833811502
mautoservicio	0.00381553519284739	0.0049638760938952	0.00111334732154327
ctarjeta_debito_transacciones	0.00352709254352263	0.00201641931565042	0.00064231576242881
mprestamos_personales_delta1	0.00349489290754954	0.00672495176201114	0.00261208410054383
mcuenta_corriente_lag2	0.00333205414804477	0.00251853230553531	0.0030402946088297
mcaja_ahorro_dolares_delta2	0.00330316059184141	0.0041288049815936	0.0023551577955723
mrentabilidad_annual_lag2	0.00316594793138345	0.00136340160076662	0.00381107352374427
ctrx_quarter_delta2	0.00305237573169474	0.00423731580820992	0.00449621033700167
mvr_msaldototal	0.00295883508905074	0.001823113220358	0.00137027362651479
mes	0.00290470543221586	0.00289010296463691	0.00351132616794416
mprestamos_personales_delta2	0.00284820449018936	0.0063477642375515	0.00226951569391513
ctrx_quarter_delta1	0.00275418674688756	0.00295728981304093	0.00368261037125851
cpayroll_trx_lag2	0.00268139897438495	0.0017494738020955	0.000513852609943048
cproductos	0.00257335923429831	0.00323934726647063	0.00196976833811502
mcuentas_saldo_delta2	0.00254976045361531	0.00408374964601068	0.00363978932042992
mrentabilidad	0.00253873845546748	0.00206374553739652	0.00274054725302959
numero_de_cliente	0.00252876470559363	0.00437189613209354	0.00475313664197319
cprestamos_personales_delta1	0.00245348840054926	0.000357091245225952	0.000385389457457286
mdescubierto_preacordado_delta1	0.00244591505076322	0.00619589391175428	0.00119898942320045
Visa_mpagominimo	0.00240590725490288	0.00225027460946697	0.00167002098231491
ccaja_ahorro	0.00240010301696751	0.00436103341049372	0.00184130518562926
mcuenta_corriente	0.00239041569388444	0.00184421906971207	0.00334004196462981
chomebanking_transacciones_delta2	0.00238543077399117	0.00356874588546831	0.00419646298120156
mcuenta_corriente_lag1	0.00236504782124756	0.000876004539476726	0.00291183145634394
cliente_edad_lag2	0.00235984557610822	0.00374021302199104	0.00432492613368732
mrentabilidad_annual_delta1	0.00229303395789534	0.00234128851971292	0.00423928403203015
ccomisiones_mantenimiento_delta1	0.00221992804901723	0.00208376594799606	0.00119898942320045
mcuentas_saldo_lag1	0.00202002855209471	0.00158511388978202	0.00299747355800111
tmobile_app_delta2	0.00201693672609652	0.000593213976631403	0.0020125893889436
mpayroll	0.00200927942439276	0.00919602133973511	0.00145591572817197
mactivos_margen_lag1	0.00196036651229724	0.00255869986183917	0.002697726202201
mcaja_ahorro_lag2	0.00196016950977781	0.00258294764974322	0.00329722091380122
mvr_msaldopesos2	0.00195337607870905	0.000650087288889631	0.0023551577955723
mcuentas_saldo_delta1	0.00193931615054019	0.00510147880575377	0.00321157881214405
mpagomiscuentas	0.00193860141296346	0.00785452996827329	0.00115616837237186
mv_msaldototal_lag2	0.00187822921406126	0.000423408190767915	0.000770778914914572
tcallcenter	0.00182634816840318	0.000473785251226781	0.000385389457457286
Visa_status_delta2	0.00182622565282573	0.000893387940277061	0.000256926304971524
ccomisiones_mantenimiento_delta2	0.001804880579108	0.00269366498913616	0.00162719993148632
mcomisiones_otras_lag1	0.00179322405617885	0.00142309527202326	0.00192694728728643
mcuenta_corriente_delta2	0.00178949834946576	0.00645981473828473	0.00329722091380122
mrentabilidad_annual	0.00173904676053818	0.00325439483295885	0.00278336830385818
mttarjeta_visa_debitos_automaticos_delta2	0.00173666726386846	0.00324022349171886	0.00274054725302959
mrentabilidad_annual_delta2	0.00171972752103126	0.00414611395066574	0.00312593671048688
cliente_antiguedad_lag1	0.0016553412770597	0.000938180322071163	0.00218387359225795
mrentabilidad_lag1	0.00164724815684864	0.00140734994400577	0.002697726202201
mv_status06	0.00164347416505259	0.000278114870884446	0.000727957864085985
mcuentas_saldo_lag2	0.0016333277980153	0.000971401300250964	0.00248362094805807
mpasivos_margen_lag1	0.00162074415919438	0.00305510086319214	0.00214105254142937
mtransferencias_recibidas	0.00159299216277919	0.00263293904464514	0.00175566308397208
mv_Finiciomora	0.00158102609888696	0.00290425217752528	0.00107052627071468
mcomisiones	0.00157516417647861	0.00319299095624069	0.00261208410054383
chomebanking_transacciones	0.00157141746096815	0.0019552663227111	0.00179848413480067
mcomisiones_otras	0.00155235779716814	0.00304220290800492	0.00231233674474372
chomebanking_transacciones_delta1	0.00155048866342731	0.00324231735106901	0.00265490515137241
mcuenta_corriente_delta1	0.00154538461777973	0.00227582624582994	0.00214105254142937
Visa_fechaalta_lag2	0.00152410202439781	0.00164710373674654	0.00222669464308654
mv_msaldototal_lag1	0.00150986969793017	0.000538958419632647	0.000727957864085985
mv_fechaalta_lag2	0.00150514650554459	0.00101549103503558	0.00222669464308654
mpasivos_margen_delta1	0.00149051734795728	0.000841229403821546	0.00137027362651479
Master_fechaalta_lag2	0.0014850408727582	0.00163743537137225	0.00295465250717253
mpayroll_lag2	0.00148247362483855	0.00128083813441186	0.000856421016571747
cliente_edad_lag1	0.00148150723489803	0.00235202594311392	0.00291183145634394
mcuenta_debitos_automaticos	0.00147799673552846	0.00435950569208782	0.00167002098231491
mv_msaldototal	0.001472460402685	0.000888090355421081	0.0010277052198861
mactivos_margen_delta2	0.00146018408522991	0.00127360446247903	0.00286901040551535
mcaja_ahorro_delta1	0.00144021558479096	0.00272398801539626	0.00222669464308654
mvr_msaldototal_lag1	0.00143493651962701	0.00039431860457518	0.00064231576242881
mactivos_margen_delta1	0.00143447791119137	0.00130624665494222	0.00244079989722948
tmobile_app	0.00142626436161793	0.000654610668819821	0.00162719993148632
mcaja_ahorro_dolares_delta1	0.00142064035910506	0.00577883023551742	0.00218387359225795
mrentabilidad_annual_lag1	0.00140968296877551	0.00240637461161822	0.00274054725302959
ccaja_seguridad	0.0013491710251513	0.00455860251835821	0.000727957864085985
thomebanking	0.00134744686898772	0.0021495273856978	0.000813599965743159
mv_mlimitecompra	0.00133522087861557	0.000477487870478406	0.000471031559114461
cextraccion_autoservicio	0.00132551027334288	0.000523325745041633	0.000685136813257397
Visa_mpagospesos	0.00132388980671072	0.00142770342940449	0.000984884169057509
tmobile_app_delta1	0.00131561744960115	0.000509994993782311	0.00149873677900056
mprestamos_personales_lag2	0.00129855451322188	0.00180968590901885	0.00154155782982914
mrentabilidad_lag2	0.00129583618825407	0.00240796785293544	0.00261208410054383
chomebanking_transacciones_lag2	0.00129223065961429	0.000593478367326179	0.00265490515137241
mcomisiones_mantenimiento	0.0012745744113339	0.00513083881764627	0.00205541043977219
mcomisiones_mantenimiento_delta2	0.00126455433657918	0.00179541599603069	0.00145591572817197
Visa_fechaalta	0.00125658142023358	0.00122691967554895	0.00192694728728643
Visa_fechaalta_lag1	0.00123918493336346	0.00141299784653233	0.00218387359225795
ctrx_quarter_lag1	0.00123881034685276	0.000945041260600602	0.00226951569391513
mrentabilidad_delta2	0.00123880851929594	0.000872617752152882	0.00209823149060078
mcomisiones_delta2	0.00119795329196898	0.000973749204573051	0.00171284203314349
Visa_Finiciomora	0.00119356207306957	0.00233251390983944	0.000685136813257397
mcomisiones_lag1	0.00119114143426378	0.00195891204048711	0.002697726202201
Visa_msaldototal	0.00118712815558922	0.00134464595478416	0.000813599965743159
Master_Fvencimiento_lag2	0.00118290431583959	0.000750269233858125	0.00226951569391513
Visa_status	0.00118180822242274	0.000792437825387765	0.000299747355800111
mvr_mconsumototal	0.00118025983669505	0.000719613132798843	0.00107052627071468
mdescubierto_preacordado_lag2	0.00117203969833711	0.000914960496683647	0.000556673660771635
canarito105	0.00116740362293239	0.00184002043052655	0.00274054725302959
mcomisiones_mantenimiento_lag1	0.0011606300510688	0.00223177530750597	0.00175566308397208
canarito138	0.00115737028881076	0.00172278298669548	0.00274054725302959
canarito200	0.00115333344865463	0.00237138192840223	0.00248362094805807
Visa_fechaalta_delta2	0.00114805321105402	0.00205320928082851	0.000727957864085985
canarito72	0.00114690514427926	0.000598279932248264	0.00265490515137241
mtransferencias_recibidas_lag2	0.00112943396118242	0.0039113151844025	0.00179848413480067
mcomisiones_otras_delta1	0.00112148054000446	0.00315598976588797	0.00192694728728643
Master_fechaalta_delta2	0.00111742629163267	7.6953785526469e-05	0.000385389457457286
mv_mpagominimo_lag2	0.00111361520927612	0.00102341528396792	0.00137027362651479
Visa_mfinanciacion_limite_lag2	0.00111345860018399	0.000537850565145298	0.00154155782982914
canarito196	0.0011097757091479	0.00113306873819558	0.00248362094805807
mactivos_margen_lag2	0.00110840941145474	0.00204485769606667	0.00192694728728643
canarito34	0.0011073559789621	0.00260299392464985	0.00261208410054383
Visa_msaldototal_lag2	0.00110658375588027	0.00104815736751873	0.00171284203314349
mv_Fvencimiento_lag1	0.00110610566333075	0.000465833988462582	0.00196976833811502
ctarjeta_visa	0.00110189218243848	0.000979928187538681	0.000428210508285873
ccaja_ahorro_delta2	0.00109336593568186	0.00269063081853241	0.000599494711600223
mpasivos_margen_delta2	0.00109117927720753	0.00048053612276046	0.00171284203314349
mv_fechaalta	0.00109054603687443	0.00161205214038661	0.00205541043977219
canarito64	0.00108348317234567	0.000984946437878007	0.00248362094805807
Visa_Fvencimiento	0.00107105105935601	0.000987218473565941	0.00244079989722948
canarito151	0.0010692427103025	0.000967894674970901	0.00256926304971524
mv_status01	0.00105131969399479	0.000829956014501247	0.000513852609943048
canarito74	0.00104875104445696	0.000742358204460522	0.00222669464308654
ccomisiones_mantenimiento	0.00104194319411225	0.0024665085508579	0.0010277052198861
Master_fechaalta_lag1	0.00103367670287055	0.00168731353808532	0.00222669464308654
Visa_mpagominimo_delta2	0.00103289185417136	0.000911097231346826	0.00179848413480067
canarito235	0.00102755325855465	0.000453665981497894	0.00244079989722948
canarito96	0.00102424524879649	0.000540544763801304	0.00209823149060078
canarito221	0.00101713473293433	0.000632128838328157	0.00231233674474372
Visa_Fvencimiento_lag1	0.00101638071541351	0.000909243622671494	0.0023551577955723
mv_Finiciomora_lag1	0.00101445905194162	0.00144389304874167	0.000685136813257397
canarito7	0.00101177098335609	0.000800850909724253	0.00239797884640089
mcomisiones_otras_lag2	0.00100803645057522	0.000744898079417512	0.00192694728728643
canarito54	0.00100172629406387	0.000883276720489017	0.0023551577955723
cliente_edad	0.000991482686265224	0.00201784242730317	0.00188412623645784
mv_status07	0.000991252565910635	0.000497488164394644	0.000214105254142937
mrentabilidad_delta1	0.000990046822768983	0.0012950198213747	0.00248362094805807
canarito172	0.000989063519084834	0.00142152990668147	0.00252644199888665
cliente_antiguedad_lag2	0.000982491974048105	0.00104862666100196	0.00209823149060078
canarito206	0.000981279815297701	0.00051905957127647	0.00218387359225795
canarito71	0.000979885137415688	0.000765979213989242	0.00226951569391513
mcomisiones_lag2	0.000975347422887786	0.000787833691343193	0.00179848413480067
mcomisiones_otras_delta2	0.000965530964492213	0.00167874814171815	0.00192694728728643
mv_Fvencimiento_lag2	0.000963587144104596	0.00046110053288252	0.0020125893889436
Visa_Fvencimiento_lag2	0.000963206102928486	0.00168163689743977	0.00222669464308654
canarito185	0.000959362422264029	0.00114037483018829	0.00231233674474372
mvr_mpagominimo_lag2	0.000959034588783604	0.000761718500466688	0.00145591572817197
Master_Fvencimiento_lag1	0.000958089802333339	0.000663815775715877	0.0020125893889436
Master_Fvencimiento	0.000956815254624969	0.000617164037622643	0.00209823149060078
canarito211	0.000956246377453347	0.000685931482571514	0.00214105254142937
canarito191	0.000952545577097307	0.00163266110766321	0.00218387359225795
canarito33	0.000950503988314999	0.000764553515905781	0.00222669464308654
canarito186	0.000949198732493574	0.0013069524631448	0.00226951569391513
mpayroll_delta2	0.00094661198424785	0.00335918608483334	0.00111334732154327
canarito84	0.000945941229626357	0.00160060488544638	0.00226951569391513
canarito231	0.000943450711090387	0.000862355369858912	0.0023551577955723
mcaja_ahorro_delta2	0.000942190080816759	0.00141368152638328	0.00188412623645784
canarito88	0.000941898060080886	0.000889991669373948	0.00205541043977219
canarito132	0.000938188039405907	0.000531730782704802	0.00218387359225795
canarito78	0.000933589677257446	0.00206717485713648	0.00222669464308654
canarito131	0.000930935963055598	0.00144611450534017	0.00205541043977219
cpayroll_trx_delta2	0.000930742877255729	0.00164764803672035	0.000685136813257397
canarito112	0.000927064610380551	0.00051795114202674	0.00214105254142937
canarito81	0.000922254427027111	0.000970533983819622	0.00222669464308654
canarito114	0.000921970367954108	0.000698289735883964	0.00226951569391513
canarito152	0.000920531312128771	0.00281417484257746	0.00222669464308654
canarito107	0.000919995782710745	0.000460821773128246	0.0020125893889436
Visa_cconsumos	0.000916107165519063	0.00062459399090823	0.00119898942320045
Master_fultimo_cierre_lag1	0.00091566944207855	0.000593556822391042	0.0020125893889436
canarito32	0.000915626012548787	0.000418331027284645	0.0020125893889436
canarito79	0.000914304122275681	0.000337497883074717	0.00209823149060078
canarito203	0.000913772233232939	0.00139865809991501	0.00218387359225795
canarito8	0.000911651740421711	0.00172055951842865	0.00231233674474372
canarito6	0.000911265882012153	0.000422208374299773	0.00179848413480067
canarito14	0.000908215164251799	0.000566602191058623	0.00205541043977219
canarito215	0.000907509968290289	0.000650303974306871	0.00226951569391513
canarito126	0.000906647206716987	0.000902722943470985	0.00214105254142937
mtarjeta_visa_consumo_delta2	0.000902407184983371	0.00104575830934483	0.00154155782982914
canarito180	0.000900699571893632	0.000792039227677272	0.00192694728728643
Visa_mpagominimo_lag2	0.000897992315435294	0.000393178563394553	0.00124181047402903
mvr_msaldopesos2_delta1	0.00089793959705321	0.00105828525541579	0.00162719993148632
ccaja_seguridad_lag2	0.000897471405734935	0.00164609962686877	0.000471031559114461
canarito37	0.000895937370012898	0.00132031338942907	0.00209823149060078
canarito174	0.00089295917604478	0.000613608844921475	0.00205541043977219
canarito58	0.000890195723687967	0.000296779704410876	0.00184130518562926
canarito106	0.000889987189874516	0.00067769599981043	0.00209823149060078
canarito181	0.000889937891529213	0.00116783927575172	0.00214105254142937
Visa_mfinanciacion_limite	0.000884698996506385	0.000658860461857156	0.00145591572817197
mcaja_ahorro_dolares	0.000883143811972546	0.00115688430478991	0.00145591572817197
canarito53	0.000879713017661841	0.000457100761480463	0.00209823149060078
mvr_mpagominimo	0.000870399163921674	0.00101554190150621	0.00145591572817197
canarito113	0.000870210774500688	0.00199457432187574	0.00218387359225795
ctrx_quarter_lag2	0.000869460487259159	0.00196771136514292	0.00192694728728643
canarito163	0.000865659858085493	0.000615141448807606	0.00222669464308654
mvr_mpagominimo_lag1	0.000863480599005549	0.00059810031900453	0.00132745257568621
canarito102	0.000858257347279592	0.000885630947197283	0.00214105254142937
canarito28	0.000856608223377374	0.000928856239362458	0.00192694728728643
canarito60	0.000855327159102476	0.00141866299193029	0.00214105254142937
mvr_msaldopesos2_lag2	0.000855117532439521	0.000382075303738719	0.00149873677900056
cmobile_app_trx_delta2	0.000850497630175762	0.000725997018552924	0.00179848413480067
Visa_cconsumos_lag2	0.000847787184336001	0.00197909597098374	0.00179848413480067
mplazo_fijo_dolares	0.000847732746724051	0.00659883423940987	0.00107052627071468
ctarjeta_visa_transacciones_delta2	0.000846573783141725	0.000924877159406078	0.00167002098231491
canarito2	0.000846056553610226	0.00257008647934831	0.00205541043977219
canarito43	0.000845662292123872	0.000792972929163497	0.00192694728728643
chomebanking_transacciones_lag1	0.000843480779548458	0.000473257044599609	0.00167002098231491
canarito136	0.000839035283685233	0.000903018658715468	0.00188412623645784
canarito22	0.000838526895696784	0.00117203475374415	0.00205541043977219
canarito225	0.000838193257512692	0.000597007695720249	0.00196976833811502
mv_msaldopesos_lag2	0.000837363265949215	0.000836632741687912	0.000899242067400334
mv_status07_delta1	0.000834751650403089	0.000854712179730364	0.00064231576242881
canarito51	0.000834414331313218	0.00143843453041931	0.00205541043977219
canarito9	0.00083185312612177	0.00115431540433273	0.00192694728728643
mcuenta_debitos_automaticos_delta2	0.000828779374513182	0.00423978958549322	0.00132745257568621
canarito1	0.00082593765703542	0.000653393609480281	0.0020125893889436
mcomisiones_mantenimiento_delta1	0.000822718556442867	0.000972664627962089	0.000770778914914572
canarito194	0.000820779126613134	0.00286119644026219	0.00218387359225795
mv_mpagospesos	0.000820388279268216	0.000482157240053103	0.000599494711600223
cproductos_lag2	0.000820084135493111	0.000580016282863038	0.00107052627071468
canarito73	0.000818725062544754	0.00102320721998638	0.00184130518562926
canarito195	0.00081819442552582	0.000973348020431847	0.00175566308397208
mvr_mpagominimo_delta1	0.000816425293778359	0.00215095538283078	0.00167002098231491
canarito189	0.000810506384021523	0.000374537869888082	0.00188412623645784
Visa_mpagospesos_delta1	0.000809347562664385	0.000975465732420766	0.00167002098231491
mvr_msaldototal_delta1	0.000808225808286361	0.00326782559287229	0.00179848413480067
canarito188	0.000807150071494376	0.000893218672756166	0.00184130518562926
canarito61	0.000805453906426915	0.000853683642451447	0.00209823149060078
canarito219	0.000805233234098951	0.000781829148759876	0.00179848413480067
mv_mpagominimo_lag1	0.000803636328948362	0.00107741363480165	0.000984884169057509
canarito86	0.000800718943248943	0.00111747830863949	0.00196976833811502
canarito24	0.000793730224469107	0.000639413951493997	0.00179848413480067
canarito179	0.000792663461128507	0.00111087946175531	0.00196976833811502
Visa_msaldopesos	0.00079201846768904	0.00103794901288848	0.000942063118228921
canarito202	0.000791875938890543	0.000545419036164452	0.00184130518562926
canarito207	0.000790764772551404	0.00109368199658489	0.00196976833811502
canarito57	0.00078626865704877	0.000350397849930269	0.00171284203314349
canarito118	0.000785030545517642	0.000621428487100667	0.00179848413480067
mtransferencias_emitidas	0.00078496608876756	0.00238637949056341	0.00141309467734338
canarito40	0.000784823842208686	0.00112309689828467	0.00179848413480067
canarito101	0.000781791438336302	0.000511436210450031	0.00192694728728643
Master_mlimitecompra_lag1	0.00078118408519821	0.000507198487422674	0.00111334732154327
tpaquete3_delta2	0.000779786160455164	0.00148580472148748	0.000428210508285873
cliente_antiguedad	0.000773132079120328	0.000881982642990564	0.00167002098231491
canarito226	0.000772587017667017	0.000683923837578355	0.00196976833811502
canarito69	0.000772240524684045	0.000531467254153596	0.00171284203314349
canarito38	0.000771087037876844	0.000890332790846447	0.00184130518562926
canarito210	0.000768956269479994	0.000702589533248355	0.00179848413480067
mv_mpagominimo	0.000767004595019546	0.00224584204199282	0.000770778914914572
mtransferencias_emitidas_delta1	0.000766922038824653	0.00376197841117609	0.00141309467734338
canarito233	0.000766800389125942	0.00068607977126554	0.00175566308397208
canarito21	0.000765221962932973	0.000446661927135848	0.00184130518562926
ccallcenter_transacciones_delta2	0.000764140340376332	0.00127509223489952	0.0010277052198861
canarito199	0.000762044653701306	0.000582994126753548	0.00175566308397208
canarito159	0.000761952770334352	0.00186923445277454	0.00179848413480067
mvr_msaldopesos2_lag1	0.000761803403673048	0.000573449622672133	0.00158437888065773
canarito95	0.000761741593195769	0.000539078832351247	0.00192694728728643
canarito182	0.000761068927008793	0.000669624611708821	0.00188412623645784
cproductos_delta1	0.000760781561384393	0.00297232789594989	0.00111334732154327
canarito232	0.00075735757619669	0.00117077401246373	0.00192694728728643
canarito94	0.000752927137780468	0.00133192387688521	0.00171284203314349
canarito150	0.000751194490846843	0.000594669274977431	0.00188412623645784
canarito143	0.000750499748805129	0.0019774374941364	0.00188412623645784
canarito156	0.000749789933841132	0.0012382315739487	0.00171284203314349
ctransferencias_emitidas_delta2	0.000748728027527557	0.00103220483766328	0.00107052627071468
Master_mfinanciacion_limite	0.00074592380517831	0.000858863113638348	0.00128463152485762
ccomisiones_otras	0.000744523852436725	0.00146832993346873	0.00107052627071468
canarito5	0.000743593393884569	0.00225634726139231	0.00196976833811502
canarito227	0.000742996093045922	0.000864989505846213	0.00167002098231491
canarito104	0.000742443258580768	0.00150583863900294	0.00188412623645784
Visa_fultimo_cierre_lag2	0.000740674397282241	0.00164763884052228	0.00158437888065773
canarito125	0.000738503116814282	0.0011228753273872	0.00175566308397208
canarito145	0.000736836723237003	0.000371289600297806	0.00179848413480067
canarito103	0.000736528804230606	0.00073983873356802	0.00171284203314349
canarito120	0.000735789414533552	0.000649119101660608	0.00167002098231491
Master_mfinanciacion_limite_lag2	0.000735399092611221	0.000694154033179049	0.00149873677900056
cplazo_fijo	0.000735080356384418	0.00325304586565312	0.000556673660771635
canarito161	0.000728226504665865	0.000529357588837997	0.00171284203314349
canarito76	0.000725900688793232	0.000475725649021485	0.00171284203314349
canarito19	0.000724476982971373	0.000818271382698095	0.00167002098231491
canarito46	0.000724431350056569	0.000850519575549834	0.00179848413480067
canarito63	0.000716540386369953	0.000614602034314025	0.00188412623645784
canarito222	0.000714629712557297	0.000871563350566868	0.00162719993148632
canarito184	0.000714484362099496	0.000730486200121508	0.00154155782982914
canarito90	0.00071326593365012	0.000491941420046957	0.00158437888065773
mtarjeta_master_consumo	0.000713065955455506	0.00222180059378316	0.000856421016571747
canarito25	0.000712302374948843	0.000539440070507044	0.00171284203314349
canarito80	0.000712054438862901	0.000521616689104858	0.00179848413480067
canarito129	0.000710435332581502	0.000353777740105552	0.00171284203314349
canarito192	0.000710031768978302	0.000311994814132857	0.00162719993148632
cmobile_app_trx	0.000708171284444901	0.000968471449019179	0.00141309467734338
canarito124	0.000707257306328549	0.0013329414936789	0.00158437888065773
Visa_mpagospesos_delta2	0.000706897014554644	0.00161111297865777	0.00149873677900056
canarito108	0.000706184274762813	0.0014943715547606	0.00171284203314349
canarito123	0.000705486397871612	0.000288727570848995	0.00162719993148632
canarito30	0.000702102649884577	0.000703362588649384	0.00171284203314349
mv_status05_delta1	0.000701471048457265	0.000518435666713036	0.000556673660771635
tcallcenter_delta1	0.00070113979862465	0.00154430374913739	0.000556673660771635
canarito187	0.000698778325497179	0.000497513741320552	0.00167002098231491
canarito70	0.000697566296444357	0.000734404642646803	0.00158437888065773
canarito89	0.000697400317438915	0.000255515214104894	0.00137027362651479
mpayroll_delta1	0.000697249494627497	0.00427190270918567	0.00119898942320045
canarito228	0.00069608005649167	0.000631816454974656	0.00149873677900056
cpagomiscuentas_delta2	0.000695953977178418	0.00193044693362019	0.000770778914914572
canarito20	0.000694559567534584	0.00056851844883337	0.00167002098231491
canarito11	0.000693977069906204	0.000314433530910976	0.00171284203314349
canarito127	0.000692884725191589	0.000653892790607266	0.00167002098231491
canarito100	0.000691717498546901	0.000315269810173801	0.00162719993148632
canarito49	0.000691464944932309	0.000338201104846583	0.00154155782982914
canarito75	0.000691095882359489	0.000456724004740407	0.00171284203314349
canarito67	0.000689964354237052	0.000378829333197963	0.00171284203314349
mvr_mpagospesos	0.000686320446903985	0.000454783319564513	0.00149873677900056
canarito15	0.000685187948260445	0.00044675072792355	0.00158437888065773
canarito137	0.000679679012557133	0.00323170378896089	0.00175566308397208
canarito111	0.000679640385522457	0.000364984744370967	0.00158437888065773
Master_Fvencimiento_delta2	0.000679601765120043	0.00070043474908593	0.000599494711600223
canarito169	0.000678986983847766	0.000911933797990841	0.00179848413480067
canarito10	0.000675138936206803	0.00100963420638391	0.00171284203314349
canarito212	0.000674972524630452	0.000322197421139313	0.00149873677900056
canarito213	0.000674837052559431	0.00069248808442077	0.00167002098231491
canarito115	0.000672226453960248	0.000457776394658091	0.00171284203314349
canarito36	0.000667194691132695	0.000574596848382509	0.00171284203314349
canarito157	0.000667160510661676	0.000438015489273102	0.00162719993148632
canarito165	0.000666939830964532	0.000703813202355264	0.00145591572817197
Visa_mconsumototal	0.000666806179818071	0.000299371595363251	0.00119898942320045
canarito99	0.00066652429686414	0.000588903546162983	0.00154155782982914
canarito134	0.000664158352854715	0.00314692375148786	0.00167002098231491
canarito168	0.000663932127112147	0.000610291029083226	0.00141309467734338
internet	0.000663900917894802	0.000458180165230005	0.000899242067400334
mv_Fvencimiento	0.000662673125427462	0.000810994028824385	0.00162719993148632
canarito56	0.000662220327590831	0.000313555293994416	0.00154155782982914
canarito236	0.000662025514454996	0.000918006162534991	0.00154155782982914
canarito149	0.000660979472513714	0.00106290950614366	0.00171284203314349
canarito140	0.000660371238021606	0.00112573275855911	0.00158437888065773
canarito4	0.000660316624286236	0.000359812170332626	0.00171284203314349
mcomisiones_mantenimiento_lag2	0.000660218239091116	0.00201700701018392	0.00154155782982914
mautoservicio_lag1	0.000659976667766578	0.00115628913834548	0.00111334732154327
canarito45	0.000659583052557375	0.00071544495601946	0.00158437888065773
mv_status07_lag1	0.000659479571573775	0.000373075387012304	0.000214105254142937
Master_msaldototal	0.000658182040864518	0.000934765946153082	0.000899242067400334
canarito98	0.000656651350013617	0.000327982404493489	0.00158437888065773
Master_fultimo_cierre_lag2	0.000655709266578847	0.000261045290343563	0.00149873677900056
canarito29	0.000654484438732918	0.000927871096643227	0.00162719993148632
canarito209	0.0006540238619891	0.00128470139974868	0.00162719993148632
canarito109	0.00065261085327	0.00105154214317424	0.00158437888065773
mtarjeta_visa_consumo_delta1	0.000651903916708	0.00143145720250793	0.00145591572817197
mvr_msaldopesos_lag1	0.000651122401826174	0.000308943688038904	0.000942063118228921
Visa_mconsumospesos	0.000650296030741194	0.000712254162667179	0.00137027362651479
canarito91	0.000649596231230739	0.000457587585216279	0.00158437888065773
mtransferencias_recibidas_delta2	0.000647561565056816	0.000375822176426075	0.00128463152485762
canarito117	0.000647212706566827	0.000342855530599402	0.00154155782982914
Visa_mlimitecompra_lag2	0.00064697641083878	0.000751015275427298	0.00128463152485762
canarito119	0.000646954418255784	0.000371555715279722	0.00145591572817197
mvr_msaldopesos	0.000644209975437605	0.00110075186123944	0.00132745257568621
canarito35	0.000643210872229954	0.000862650797722205	0.00154155782982914
canarito62	0.000642824012348733	0.000661601503647128	0.00162719993148632
mv_mpagominimo_delta1	0.000642763077330126	0.000810579912529632	0.00107052627071468
canarito223	0.000642596953151823	0.000523195561362575	0.00162719993148632
Visa_cconsumos_delta2	0.000642320338425202	0.00124890922206219	0.00119898942320045
canarito39	0.000641851152267527	0.000430280911926142	0.00149873677900056
canarito55	0.000641643532232487	0.000492870236052952	0.00158437888065773
canarito153	0.000639171247260418	0.00056674473212885	0.00158437888065773
canarito77	0.000637146925205497	0.000842013092326605	0.00154155782982914
canarito216	0.000633333372699571	0.00105622300799654	0.00154155782982914
canarito13	0.000633156572789132	0.000577514629604315	0.00149873677900056
canarito155	0.000632689842042479	0.00048891788254724	0.00145591572817197
canarito121	0.000631906378749266	0.000936969010355423	0.00145591572817197
mvr_msaldopesos_lag2	0.00063187208258211	0.000683404252386883	0.00124181047402903
canarito144	0.000630403625936381	0.00169292982868098	0.00162719993148632
canarito110	0.000628214528263233	0.000332096840990346	0.00154155782982914
mcomisiones_delta1	0.000627790736995824	0.0011884545654145	0.00137027362651479
mvr_msaldopesos_delta1	0.000625832881266573	0.000408531041325342	0.00128463152485762
canarito83	0.000625492296155799	0.000777839435699468	0.00149873677900056
canarito205	0.000624019715716529	0.000272572437254609	0.00149873677900056
canarito170	0.000623878030689227	0.000445810129288765	0.00145591572817197
canarito197	0.000623001714981792	0.000271408830816404	0.00132745257568621
Master_fultimo_cierre	0.000620614328867173	0.000724710412965411	0.00141309467734338
canarito193	0.000620097397050576	0.00178448861366312	0.00149873677900056
mcaja_ahorro_dolares_lag1	0.000619449773550503	0.00386823731878778	0.00141309467734338
canarito130	0.000619245181511828	0.000464800565703435	0.00149873677900056
canarito116	0.000618467463231919	0.000608237690480862	0.00141309467734338
mv_msaldopesos_lag1	0.00061843751045989	0.000557878160274584	0.000471031559114461
canarito183	0.000618004750899522	0.000434033822886012	0.00154155782982914
canarito204	0.000616840166106129	0.000547469788336106	0.00141309467734338
canarito66	0.000613238719255558	0.000572553280740604	0.00154155782982914
ccallcenter_transacciones_delta1	0.000613082264179302	0.00213753927935804	0.00124181047402903
canarito23	0.000612895178366389	0.000617314912747379	0.00141309467734338
canarito135	0.000612740889092353	0.000263682874905144	0.00141309467734338
canarito220	0.000611746284032624	0.000457538730413983	0.00145591572817197
canarito16	0.000607188714721059	0.00111995237330398	0.00145591572817197
cmobile_app_trx_lag2	0.000604979872801958	0.000911859941025017	0.00132745257568621
canarito97	0.000601756781061118	0.000569331162838616	0.00141309467734338
canarito214	0.000601305112919894	0.00027145509918799	0.00132745257568621
Master_msaldototal_lag2	0.000600350077413058	0.000578431950362712	0.000856421016571747
canarito167	0.000599255387088214	0.000356364170815318	0.00145591572817197
mvr_msaldototal_lag2	0.000598999333112771	0.000363665952090177	0.00107052627071468
canarito87	0.000597870590540653	0.000311648807180129	0.00128463152485762
canarito146	0.000595252484220134	0.00062647490079661	0.00141309467734338
canarito208	0.000594526560963961	0.000480290124461842	0.00132745257568621
mvr_Master_mlimitecompra_lag1	0.000594287817194073	0.000665783762104819	0.00132745257568621
Visa_fultimo_cierre	0.000593874642705354	0.000826159996362881	0.00137027362651479
canarito122	0.000589404231642052	0.000864727988963337	0.00145591572817197
mv_fultimo_cierre_lag1	0.00058754429095419	0.00106017076340321	0.00137027362651479
canarito3	0.000586464649970249	0.00030600435322785	0.00137027362651479
mv_mpagospesos_lag2	0.000582919215525552	0.00177690692310923	0.00124181047402903
canarito52	0.000581521771990008	0.000415933406016692	0.00145591572817197
canarito93	0.000577556409939363	0.000907559856279437	0.00141309467734338
canarito48	0.000576382233420321	0.0010051573822065	0.00137027362651479
canarito166	0.000576102501530248	0.000499119627410126	0.00128463152485762
canarito12	0.000575005962277957	0.000714110357773221	0.00128463152485762
canarito234	0.000574476941320358	0.000149420688533874	0.00132745257568621
mtransferencias_recibidas_lag1	0.000574260020642309	0.00242276281135768	0.00132745257568621
canarito133	0.000572694389557856	0.000361933618277014	0.00137027362651479
canarito65	0.000569591636538472	0.000684914153159006	0.00132745257568621
canarito59	0.000569270203928437	0.000869048765154595	0.00137027362651479
mvr_Visa_mlimitecompra_lag2	0.00056864008886488	0.000495279639949694	0.00137027362651479
ctransferencias_emitidas_lag2	0.00056531867309312	0.000820057744174974	0.000899242067400334
canarito142	0.000565122070720201	0.000298693950517292	0.00149873677900056
canarito160	0.000565000330380568	0.000189497432381694	0.00137027362651479
mv_fechaalta_lag1	0.000563175672593162	0.00086413684585556	0.00107052627071468
canarito27	0.000562375983837799	0.00037091514260727	0.00141309467734338
canarito47	0.000558410649790041	0.000411327835066169	0.00132745257568621
tcallcenter_delta2	0.000557618924908302	0.000396337744815937	0.000299747355800111
mv_mfinanciacion_limite	0.000556385236359453	0.000805929222732283	0.0010277052198861
canarito198	0.000554672918047813	0.000563730678208403	0.00132745257568621
canarito218	0.000553512023740134	0.000462126771111917	0.00145591572817197
canarito224	0.000548557893757823	0.000604072387513379	0.00137027362651479
canarito154	0.000545719510834345	0.00059512103820807	0.00132745257568621
Visa_msaldopesos_lag1	0.000544660242687474	0.000353482599623449	0.000813599965743159
Visa_mfinanciacion_limite_lag1	0.000543977078365618	0.000339289130031825	0.0010277052198861
Visa_mconsumototal_delta2	0.000542692339080286	0.000454315175606045	0.00119898942320045
cmobile_app_trx_lag1	0.00053705195708939	0.000743457150130983	0.00137027362651479
canarito162	0.000535570863035613	0.000758400972009629	0.00124181047402903
Master_mpagominimo_lag1	0.000535160596425614	0.000957079083886231	0.000513852609943048
Visa_cconsumos_delta1	0.000533789474129831	0.000482916788538204	0.0010277052198861
canarito148	0.000531926932121167	0.00127771832421351	0.00128463152485762
tpaquete3	0.000530719186773108	0.00348703881505967	0.00064231576242881
mv_fultimo_cierre_lag2	0.000529429361279231	0.000424188718079884	0.00111334732154327
mv_cconsumos	0.000527864572492136	0.000666352776860967	0.000513852609943048
canarito147	0.000520938572809564	0.000415924784580993	0.00128463152485762
mv_status02	0.000520588647262204	8.11004087166034e-05	0.000256926304971524
Visa_mlimitecompra_isNA_delta2	0.000513475269947163	0.000444496222488204	4.28210508285873e-05
internet_delta1	0.000512668041782986	7.40354295422834e-05	0.000428210508285873
mvr_mpagospesos_delta1	0.000511532428923666	0.000303004093604522	0.00107052627071468
mv_mfinanciacion_limite_lag1	0.000510570652090291	0.000241946511220273	0.0010277052198861
Master_mlimitecompra	0.000505282838234968	0.000404612311418857	0.000984884169057509
mvr_Master_mlimitecompra	0.000504022952985512	0.000685231421992737	0.00124181047402903
canarito173	0.000503555738083685	0.000316288289111068	0.00119898942320045
canarito175	0.000503467176743407	0.000200261869614549	0.00115616837237186
mcuenta_debitos_automaticos_lag2	0.000503402930751894	0.00389156060140369	0.00124181047402903
canarito190	0.000502110907768321	0.00024131053664686	0.00119898942320045
cprestamos_personales_lag2	0.000501876335691648	0.000495704964110856	0.000556673660771635
Master_msaldototal_lag1	0.000495922660350843	0.000873825615294343	0.00064231576242881
Visa_fultimo_cierre_delta1	0.000492262735366522	0.00038813416136694	0.000984884169057509
ccomisiones_otras_lag1	0.000492261975603988	0.00191798206188626	0.00115616837237186
canarito141	0.000488086878563431	0.000266892348034773	0.00115616837237186
Visa_mconsumosdolares_lag2	0.000487970057151941	0.000319652660702094	0.00107052627071468
mv_fultimo_cierre	0.000487799082578876	0.000744681681381462	0.00111334732154327
canarito158	0.000485065244011779	0.00131648374769147	0.00124181047402903
ccaja_ahorro_lag2	0.000483103549676281	0.000449687763685084	0.000599494711600223
mplazo_fijo_dolares_delta2	0.000482607180084699	0.00221963086579886	0.000685136813257397
canarito31	0.000482105339613336	0.00025290751718707	0.00128463152485762
Visa_msaldototal_delta1	0.000481192390234615	0.000481012026011057	0.00111334732154327
canarito44	0.000478771304119561	0.000245601999956742	0.00115616837237186
Visa_mconsumospesos_lag2	0.000477279425269774	0.00052711687769977	0.000942063118228921
canarito229	0.000473786466024196	0.000346373076364683	0.00111334732154327
Visa_mpagominimo_lag1	0.000473511964778611	0.000878954507391808	0.000984884169057509
Visa_msaldototal_delta2	0.000473407431476001	0.000220286878313125	0.00107052627071468
mvr_Visa_mlimitecompra	0.000471461542559351	0.000518692585496873	0.000984884169057509
cpagomiscuentas_lag1	0.000470513728849639	0.000613918929225457	0.000342568406628699
mttarjeta_visa_debitos_automaticos_lag2	0.00047031855757162	0.000210289748857501	0.000899242067400334
mvr_msaldodolares2_delta1	0.000468122391380308	0.0012111361258332	0.000471031559114461
canarito201	0.000466658722491305	0.000563305066666052	0.0010277052198861
mv_msaldopesos_delta1	0.000464825706579106	0.00101497576056196	0.0010277052198861
mcaja_ahorro_dolares_lag2	0.000463907007765573	0.000197771998984614	0.000770778914914572
canarito128	0.000462685034740262	0.00030290839566826	0.00107052627071468
Visa_msaldopesos_delta2	0.000459604900684237	0.00118894598724936	0.00107052627071468
mpagomiscuentas_lag2	0.000457660040505217	0.000359945227823584	0.000856421016571747
Visa_mlimitecompra_lag1	0.000455881876352926	0.000364168007029061	0.00115616837237186
canarito68	0.000455548899921264	0.00130368695068312	0.00115616837237186
mtransferencias_emitidas_delta2	0.000454930778936277	0.000645384870478087	0.0010277052198861
Visa_mconsumospesos_delta2	0.000453933455385774	0.00107684375790193	0.0010277052198861
Visa_mlimitecompra	0.000453476320786279	0.000213325356367196	0.000984884169057509
Visa_mconsumototal_lag1	0.000453417012882778	0.000212874167898936	0.0010277052198861
cmobile_app_trx_delta1	0.000451768006887452	0.000429991519067838	0.000942063118228921
mtransferencias_recibidas_delta1	0.000451676278273293	0.000373792403081289	0.000899242067400334
mv_mlimitecompra_lag2	0.000451645213491891	0.000794915913388911	0.000899242067400334
canarito42	0.000450064124077003	0.000529284594015744	0.00107052627071468
canarito92	0.000449832513674069	0.000457966641005854	0.0010277052198861
mvr_mpagospesos_lag2	0.000448895809741238	0.000611958414747455	0.00107052627071468
canarito217	0.000446356795363747	0.000491506037544146	0.00107052627071468
Master_mpagominimo	0.00044611610760398	0.000566668288732317	0.000599494711600223
mvr_Master_mlimitecompra_lag2	0.000442673718624301	0.000587165177344831	0.0010277052198861
Visa_msaldopesos_lag2	0.000442166635717761	0.000486099247835976	0.000942063118228921
ccajas_consultas	0.000435798970119928	0.00295712945433692	0.00064231576242881
Visa_Finiciomora_lag1	0.000435117013606795	0.00117415533954497	0.000513852609943048
Master_mlimitecompra_lag2	0.000434115350345756	0.00100837490200944	0.000984884169057509
Visa_fultimo_cierre_lag1	0.000433286294668232	0.00118714152075751	0.0010277052198861
ctransferencias_emitidas_delta1	0.000432634308613162	0.00119317106550435	0.000727957864085985
canarito18	0.000431189960242218	0.00019815737716037	0.00107052627071468
canarito164	0.000430916091272341	0.000169545418505371	0.00115616837237186
canarito50	0.000429197996996838	0.000253546652953572	0.00119898942320045
mvr_mpagado_lag1	0.000428420882989749	0.000214448442057614	0.000471031559114461
mv_cconsumos_lag2	0.00042704439519347	0.000619474582390034	0.000899242067400334
mpagomiscuentas_lag1	0.000426937433745808	0.00147957602157598	0.000727957864085985
ctransferencias_recibidas	0.000425958791068477	0.000230325390660106	0.000770778914914572
cpagomiscuentas	0.000425789033147152	0.00159758738295165	0.000385389457457286
mttarjeta_visa_debitos_automaticos_lag1	0.000425168840685459	0.000397971219499749	0.000856421016571747
ccomisiones_otras_delta2	0.000422395190856341	0.000853641110035331	0.000813599965743159
ctransferencias_emitidas	0.000422335785679655	0.00170785928150013	0.000727957864085985
cliente_vip_lag2	0.000420305462163941	0.00303002829127286	0.00064231576242881
canarito17	0.000419146929678689	0.000377641011977421	0.0010277052198861
cliente_vip_delta1	0.000418288546135663	0.000402616736435678	0.000513852609943048
canarito177	0.000418231860186669	0.000928663119202795	0.00107052627071468
cprestamos_personales_lag1	0.000416681921772599	0.00159181475698864	0.000471031559114461
canarito85	0.000416668128140092	0.000334729827452888	0.000942063118228921
canarito82	0.000415481591294198	0.000745668261006642	0.000942063118228921
Master_mfinanciacion_limite_lag1	0.000413990609273706	0.00064181617086099	0.000984884169057509
canarito139	0.000413873147480409	0.000275155994152474	0.00107052627071468
canarito26	0.000413618624820724	0.000615037704198026	0.000984884169057509
Visa_madelantopesos_lag2	0.000411301354986994	9.76636236007529e-06	8.56421016571747e-05
cliente_vip	0.000411135759915869	0.00166034223864388	0.000599494711600223
ccaja_ahorro_lag1	0.000410920002831457	0.00100323767585747	0.000513852609943048
canarito230	0.000410804046561785	0.000222112898394219	0.0010277052198861
canarito41	0.000406873912142742	0.000212140771102123	0.000984884169057509
tpaquete4	0.000404533108830324	0.00166261082575754	0.000385389457457286
Visa_mconsumospesos_lag1	0.000401519977576326	0.000165021463812801	0.000942063118228921
ccomisiones_otras_lag2	0.000398558161612399	0.000270932065422237	0.000813599965743159
ctarjeta_visa_debitos_automaticos_delta2	0.000396695612234555	0.00080883780775601	0.000685136813257397
mttarjeta_visa_debitos_automaticos	0.000395756777134654	0.000478719873639824	0.000856421016571747
Visa_mpagospesos_lag2	0.000394788493314687	0.000458903503685169	0.000942063118228921
ctarjeta_visa_transacciones_delta1	0.000392976792020856	0.00241043530783256	0.000899242067400334
mv_mfinanciacion_limite_lag2	0.000392007691695663	0.000278124641844906	0.000685136813257397
ccaja_seguridad_lag1	0.000390773096000665	0.000694485383691089	0.000299747355800111
ctarjeta_visa_delta2	0.000389978066041365	0.000315649440725756	0.000214105254142937
Visa_mconsumototal_lag2	0.000388990940700086	0.000462965062043071	0.000813599965743159
mv_mpagospesos_lag1	0.000387241028512909	0.000330056721922721	0.000770778914914572
mtransferencias_emitidas_lag1	0.000383404609439152	0.000864331115539983	0.000770778914914572
ctarjeta_debito	0.000382482603337303	0.000623449351628564	0.000770778914914572
internet_delta2	0.000381174382894467	0.000813231578769522	0.000770778914914572
Visa_mpagospesos_lag1	0.000381154953312532	0.00085475844810195	0.000899242067400334
mextraccion_autoservicio_lag2	0.000379678232130605	0.000216283083574408	0.000770778914914572
mvr_mpagado_delta1	0.000378544478515585	0.00094748773667085	0.000770778914914572
mvr_mconsumospesos_delta1	0.000377905837309914	0.000275579881407686	0.000727957864085985
canarito171	0.000376661912232101	0.000175505704385431	0.000899242067400334
mautoservicio_delta1	0.000374966968237888	0.00115377282864606	0.000770778914914572
Visa_mconsumosdolares	0.00037136323251978	0.00158116268580107	0.000685136813257397
ctarjeta_debito_transacciones_lag2	0.000369586699167186	0.000876106847180356	0.000856421016571747
Master_mpagominimo_lag2	0.000369497564504647	0.00068873143750543	0.000599494711600223
mvr_mconsumospesos_lag1	0.000367135991893236	0.000185657157540072	0.000770778914914572
mv_mpagospesos_delta1	0.000366406120230024	0.000333255561948321	0.000856421016571747
mautoservicio_delta2	0.00036612503462145	0.000732146688637177	0.000813599965743159
mttarjeta_visa_debitos_automaticos_delta1	0.000365670779897786	0.00106920028039219	0.000685136813257397
ccomisiones_mantenimiento_lag2	0.000364410453234405	0.000604981086836077	0.000556673660771635
Visa_delinquency_lag1	0.000363555108004597	0.000226573054462615	0.000299747355800111
mvr_mconsumototal_delta1	0.000360040375040692	0.000445001438620179	0.000813599965743159
ccomisiones_otras_delta1	0.00035921199216937	0.000201646472187843	0.000770778914914572
Visa_mpagominimo_delta1	0.000358147454321353	0.000459761623918432	0.00064231576242881
ccajas_consultas_delta2	0.000354138277332792	0.00324337261479859	0.000770778914914572
ctarjeta_debito_transacciones_delta2	0.000353198522559135	0.00121020501077768	0.000770778914914572
canarito176	0.000351167513709613	0.00211375302564508	0.000984884169057509
ccuenta_debitos_automaticos_delta2	0.000347610827262846	0.00124728293190812	0.000471031559114461
cproductos_lag1	0.000347050835112441	0.000708853293665027	0.000556673660771635
mextraccion_autoservicio	0.000346546869369353	0.000422178199274826	0.000513852609943048
mv_fultimo_cierre_delta1	0.000345910879594912	0.000644365529397249	0.000685136813257397
mcuenta_debitos_automaticos_lag1	0.000345513763287939	0.000380327738722487	0.000770778914914572
mplazo_fijo_dolares_delta1	0.000343869265757388	0.00424572170801666	0.000770778914914572
Master_msaldopesos	0.000340064284345579	0.000395686251658266	0.00064231576242881
tcuentas_lag2	0.000339346096518427	0.000815936985291937	0.000342568406628699
mvr_Visa_mlimitecompra_lag1	0.000338675059657312	0.000152363471919208	0.000727957864085985
mextraccion_autoservicio_lag1	0.000336189267713868	0.000242434771862039	0.00064231576242881
canarito178	0.00033598386580223	0.000145476669082672	0.000770778914914572
Master_mpagospesos_lag1	0.000324563350466162	0.000296921383337533	0.000599494711600223
mvr_mconsumospesos_lag2	0.000321686401672208	7.68552137783079e-05	0.000770778914914572
mvr_mconsumospesos	0.000321373081793247	0.000376537180826731	0.000813599965743159
Visa_mconsumototal_delta1	0.000318669676468764	0.000298916958320712	0.000770778914914572
mvr_mconsumototal_lag2	0.00031702987826477	0.000270889533006121	0.00064231576242881
Visa_cconsumos_lag1	0.000313375477955249	0.00105734580630577	0.000727957864085985
Master_msaldopesos_lag1	0.000312235570337394	0.00116136687659113	0.00064231576242881
mprestamos_prendarios	0.000309518857009415	0.00585494371844441	0.00064231576242881
ctransferencias_recibidas_delta2	0.000309133591818906	0.000803487344761074	0.000685136813257397
mdescubierto_preacordado_lag1	0.000309027839653802	0.000400634668368428	0.000513852609943048
mv_msaldototal_delta1	0.000307274189818155	0.000608016406964582	0.000513852609943048
mv_status06_delta1	0.000306064326567552	0.000269114954158032	0.000428210508285873
mextraccion_autoservicio_delta1	0.000304761926303662	0.00153871993261619	0.00064231576242881
mv_mconsumosdolares	0.000302417339653854	0.001554989156543	0.000599494711600223
ctarjeta_visa_transacciones_lag1	0.000302399942491966	0.000708151508799111	0.00064231576242881
ccajas_transacciones_delta2	0.000300241709895423	0.000497518626800781	0.000428210508285873
tmobile_app_lag2	0.0002989408453688	0.000199080445542566	0.000599494711600223
Master_mpagominimo_delta1	0.000297852210299768	0.000602470524760464	0.000599494711600223
mtarjeta_master_consumo_lag1	0.00029513035844206	0.00324152245469754	0.000727957864085985
ctarjeta_debito_transacciones_lag1	0.000294928697126565	0.000890007475339397	0.00064231576242881
cpayroll_trx_delta1	0.000293609440598655	0.00102956811524526	0.000385389457457286
Visa_Fvencimiento_delta2	0.000293413325328584	0.000536890999351975	0.000556673660771635
matm_lag1	0.000293362548725624	0.000112734180584178	0.000513852609943048
Master_msaldopesos_lag2	0.000287877561385876	0.000779150756069319	0.00064231576242881
mv_mconsumototal_lag1	0.000287241612878846	0.000124795856508575	0.000471031559114461
mtarjeta_visa_consumo_lag1	0.000287207434618582	0.000148630677642636	0.000513852609943048
mtransferencias_emitidas_lag2	0.000286521333678201	0.000627003682186162	0.000685136813257397
Visa_mconsumosdolares_delta2	0.000285558807399145	0.000177484036497212	0.000685136813257397
Visa_mpagado_delta1	0.000284132761862401	0.000663498794263336	0.00064231576242881
Visa_mpagado_delta2	0.000279237684809938	0.00032001907171931	0.000599494711600223
mv_cconsumos_delta1	0.000276615372161053	0.000270420814285273	0.000513852609943048
ccajas_otras_delta2	0.000274618977090376	0.000807559248841816	0.000299747355800111
ctarjeta_visa_transacciones_lag2	0.000271717365859245	0.000624489671536269	0.00064231576242881
ccuenta_debitos_automaticos	0.000271206386129931	0.00116616183174584	0.000428210508285873
internet_lag1	0.00026345949361134	0.000297318544142077	0.000513852609943048
mv_mconsumospesos_lag2	0.000260427472199437	8.43989700151246e-05	0.000471031559114461
thomebanking_lag2	0.000259400232722809	4.19688616026082e-05	0.000342568406628699
Visa_msaldopesos_delta1	0.000257742128000024	0.000187524847893713	0.000513852609943048
mv_cconsumos_lag1	0.000257739906192032	0.000392702085381576	0.000556673660771635
ctransferencias_emitidas_lag1	0.000254472082050273	0.000318785056889562	0.000556673660771635
mv_mlimitecompra_lag1	0.000253890885082293	0.00014726101889122	0.000556673660771635
mvr_mconsumosdolares_lag2	0.000253415008445426	0.000496438648288859	0.000513852609943048
ctarjeta_debito_transacciones_delta1	0.000249970651157572	0.000320062178897807	0.000599494711600223
mv_mconsumospesos_delta1	0.000248641915652478	0.00184047650447504	0.000556673660771635
mextraccion_autoservicio_delta2	0.00024790797177999	0.00236981110281784	0.00064231576242881
mvr_msaldodolares2	0.000245649127758826	0.00105905716129206	0.000513852609943048
Visa_mconsumosdolares_lag1	0.000244987664937326	9.70799524039158e-05	0.000556673660771635
mv_mconsumospesos	0.0002426409655434	0.000417363127436812	0.000556673660771635
Visa_status_delta1	0.000240816130895656	0.000625911346283071	0.000342568406628699
tmobile_app_lag1	0.000240645207169939	9.92703718338974e-05	0.000513852609943048
mcuenta_debitos_automaticos_delta1	0.000240498354873103	0.000478062345477164	0.000556673660771635
Master_fultimo_cierre_delta2	0.000239336928510575	0.000188900254268928	0.000513852609943048
matm_delta2	0.000237922029596616	0.00122154421039048	0.000513852609943048
mtarjeta_visa_consumo_lag2	0.000235608248333048	0.001151275198724	0.000599494711600223
ctransferencias_recibidas_lag1	0.000234913664728719	0.000141169399807342	0.000599494711600223
Visa_Finiciomora_isNA	0.000234744810268953	9.57890360985528e-05	0.000128463152485762
mvr_mconsumototal_lag1	0.000233094189686127	0.000449757884695438	0.000599494711600223
mv_mconsumototal_delta1	0.000232458421724026	0.00080772937850628	0.000428210508285873
mv_Finiciomora_delta1	0.000230441843941143	0.000926881643206147	0.000299747355800111
mvr_mpagado	0.000229813093649859	0.000283890658040543	0.000471031559114461
Visa_msaldototal_lag1	0.000229531357342625	0.000135255382298868	0.000513852609943048
ccuenta_debitos_automaticos_lag2	0.000229204899688244	0.000741891784789194	0.000471031559114461
Visa_Finiciomora_lag2	0.000229027767427755	0.000781695803887729	0.000428210508285873
ccallcenter_transacciones	0.000227928364511828	0.00058584667244523	0.000428210508285873
mvr_mconsumosdolares	0.000227501037511501	0.000502579696937413	0.000385389457457286
ctarjeta_debito_delta2	0.000227162137732362	0.00426966832043362	0.000599494711600223
Master_msaldopesos_delta2	0.000226998011338957	0.000271003335957351	0.000556673660771635
Master_Finiciomora_lag1	0.000226450044954599	0.00146525926545386	0.000299747355800111
mvr_mconsumosdolares_delta1	0.000224982698107489	6.79941021666506e-05	0.000385389457457286
mttarjeta_master_debitos_automaticos_delta2	0.000223964758536953	0.00222560408383247	0.000556673660771635
Visa_delinquency	0.000219022754541548	0.000150324214995153	0.000171284203314349
cextraccion_autoservicio_delta2	0.000216803818318672	0.00188786508793936	0.000513852609943048
mvr_mconsumosdolares_lag1	0.000207942296682913	0.000129185604185427	0.000342568406628699
mv_mfinanciacion_limite_delta1	0.000207253940036309	0.000313062435253611	0.000299747355800111
mv_status01_delta1	0.000207094070081699	0.000219762982403802	0.000171284203314349
cextraccion_autoservicio_lag2	0.000205917247289853	0.000548480507981245	0.000342568406628699
matm_lag2	0.000205126265221533	0.000100594336976107	0.000428210508285873
Master_mlimitecompra_delta1	0.000203491523749361	0.000246401494427249	0.000385389457457286
Master_mconsumototal_delta2	0.000203048969073956	0.000643618625684507	0.000385389457457286
internet_lag2	0.000202662611770862	3.42569873696568e-05	0.000214105254142937
mtarjeta_master_consumo_delta2	0.000202451329252995	0.000609312783512554	0.000471031559114461
mv_mconsumospesos_lag1	0.000200997133445831	0.000164053563964969	0.000513852609943048
mv_mpagado_delta1	0.000199910622174689	0.000543084351377104	0.000471031559114461
mvr_msaldodolares2_lag2	0.000197759372613813	0.000214407059166258	0.000428210508285873
cextraccion_autoservicio_lag1	0.000194743137460887	0.000208333545097348	0.000428210508285873
Master_mconsumospesos_delta1	0.000193954680810806	0.000682226276889179	0.000428210508285873
ctarjeta_debito_lag2	0.000193783540431175	0.000191793320708396	0.000428210508285873
mautoservicio_lag2	0.000193468876413648	0.000527156248922797	0.000471031559114461
mvr_mpagospesos_lag1	0.000193130275823246	4.89407292713766e-05	0.000385389457457286
cplazo_fijo_delta2	0.0001925655401312	0.00177968532445389	0.000299747355800111
Master_mpagospesos	0.00019080064345191	8.1104719434453e-05	0.000342568406628699
thomebanking_lag1	0.000190533087659171	8.76814379670072e-05	0.000385389457457286
Master_mconsumospesos	0.000190461246253071	0.000202822723398407	0.000428210508285873
mpagomiscuentas_delta1	0.00018907850791769	0.00128321104089748	0.000513852609943048
Master_msaldopesos_delta1	0.000188934556130393	0.000202152837844578	0.000385389457457286
mvr_mpagado_lag2	0.000188796438523487	0.000609221396294142	0.000385389457457286
matm_other_delta2	0.000185225169941875	0.000394514885927932	0.000385389457457286
Master_Finiciomora	0.00018434992939791	0.0015074393522311	0.000299747355800111
Master_mpagospesos_delta2	0.000182560910442391	0.00275978651546894	0.000513852609943048
Visa_mconsumospesos_delta1	0.000182161206816062	0.000212215777592706	0.000428210508285873
ctarjeta_visa_debitos_automaticos	0.000178318649951667	0.000521995457513244	0.000385389457457286
Master_fultimo_cierre_delta1	0.000176676736055883	0.000530148749253995	0.000428210508285873
Visa_mpagado	0.000175270507719981	0.000270211026016592	0.000428210508285873
Master_mconsumototal_lag2	0.000175218518149872	0.000246551220027226	0.000385389457457286
ctarjeta_visa_debitos_automaticos_delta1	0.000175184860153768	0.000154290362797983	0.000342568406628699
minversion2	0.000175181328842358	0.00153767731365897	0.000256926304971524
ctransferencias_recibidas_delta1	0.000174911750946424	0.00120999263607829	0.000428210508285873
mvr_msaldodolares2_lag1	0.000174872904310162	0.000169531911589443	0.000385389457457286
catm_trx_delta2	0.000174650482538691	0.000321732438373935	0.000299747355800111
ccajas_consultas_delta1	0.000173922550443849	0.000761172763586928	0.000299747355800111
matm_delta1	0.000173312027084203	0.000591755804473475	0.000428210508285873
ccaja_ahorro_delta1	0.000171647676980743	0.00188170191093918	0.000256926304971524
ctarjeta_visa_debitos_automaticos_lag2	0.000170541822347081	0.000157931195093763	0.000342568406628699
ccajas_otras	0.000169849593932916	0.000533289538279221	0.000128463152485762
Master_msaldototal_delta2	0.000169252970321979	0.000530438142112299	0.000342568406628699
Visa_mfinanciacion_limite_delta1	0.000168068370096782	0.000403604465585619	0.000428210508285873
thomebanking_delta1	0.000167831227649868	0.000894452687585914	0.000299747355800111
ccomisiones_mantenimiento_lag1	0.000167596797061466	0.00063684735008634	0.000385389457457286
Visa_mfinanciacion_limite_delta2	0.000167073860099486	0.0014430924047464	0.000385389457457286
minversion2_delta2	0.000165413305861024	0.00403584004044893	0.000428210508285873
ctarjeta_master_transacciones_lag1	0.000163684264667534	0.00016360122597195	0.000256926304971524
cpagomiscuentas_lag2	0.000163633629552845	0.000240050370128825	0.000299747355800111
tpaquete4_lag1	0.000163271094600324	0.000541658940674833	0.000299747355800111
Master_mfinanciacion_limite_delta2	0.000163218570764611	0.00137098530298885	0.000385389457457286
mv_status06_lag1	0.000161435147964945	0.000767969041348622	0.000214105254142937
cliente_vip_delta2	0.000160953610323434	8.29885031347323e-05	0.000171284203314349
ccajas_transacciones	0.000159573387826358	5.36638391285988e-05	0.000214105254142937
ccajas_consultas_lag2	0.000158946124635746	0.000261200476186149	0.000342568406628699
mplazo_fijo_dolares_lag1	0.000158562027460385	0.0012730636110795	0.000385389457457286
Master_cconsumos_lag2	0.000158398688832401	0.000170755005933972	0.000342568406628699
mv_mconsumosdolares_lag2	0.000157423348284959	0.000662905352106039	0.000342568406628699
mprestamos_prendarios_lag1	0.000154971674174497	0.00141441319889295	0.000342568406628699
matm_other_lag1	0.000154501098189335	9.48403907904487e-05	0.000385389457457286
Master_mpagospesos_lag2	0.000154032926030929	0.00038670012922897	0.000428210508285873
cliente_vip_lag1	0.00015187054827022	0.00057227279669919	0.000171284203314349
Visa_fultimo_cierre_delta2	0.000151851921928986	5.80676684837598e-05	0.000256926304971524
mv_mconsumosdolares_delta1	0.000151415748964101	0.00038913051195258	0.000342568406628699
Master_cconsumos_lag1	0.000151366617162282	0.000240905041787807	0.000342568406628699
Master_mpagosdolares	0.000151201354441208	1.73328217108999e-05	8.56421016571747e-05
cpagomiscuentas_delta1	0.000151098969991702	0.00115182783275232	0.000385389457457286
Visa_mpagado_lag1	0.000149500146643367	0.000220367057665128	0.000299747355800111
cextraccion_autoservicio_delta1	0.000145232976847911	0.000347159638681642	0.000342568406628699
Visa_mlimitecompra_delta1	0.000144081234325791	0.00025047541017632	0.000299747355800111
Master_mconsumospesos_lag1	0.000142832249568483	0.000104706187042255	0.000299747355800111
matm_other_lag2	0.000140805982786766	0.000260909359040705	0.000299747355800111
mforex_sell	0.000140645220424369	0.000585881158188027	0.000385389457457286
ccaja_seguridad_delta2	0.000140307217474525	0.00477696509222327	0.000385389457457286
Master_cconsumos	0.000140294888098232	0.0003040165375368	0.000385389457457286
ccajas_transacciones_delta1	0.000140016069249652	0.000124065908286041	0.000171284203314349
mtarjeta_visa_descuentos_delta1	0.000138667603500049	0.00541107628599987	0.000471031559114461
Visa_mconsumosdolares_delta1	0.000138646347835128	4.46371959515165e-05	0.000342568406628699
mcaja_ahorro_adicional	0.000138370232738961	0.000775469115644563	0.000299747355800111
Visa_mpagosdolares_delta1	0.000137258818795349	0.000334293582806507	0.000299747355800111
mv_mpagado	0.000137165450538476	0.000699733826363583	0.000256926304971524
Master_msaldototal_delta1	0.000136097121983888	8.38908800712506e-05	0.000299747355800111
mv_mlimitecompra_delta1	0.000135143838868231	0.000193395183461311	0.000256926304971524
Master_mconsumospesos_lag2	0.000133684217870208	0.000266992069307694	0.000342568406628699
mv_mconsumosdolares_lag1	0.000133277082425104	0.000343274819755574	0.000342568406628699
Master_mpagospesos_delta1	0.00013236553834915	0.000124476863387704	0.000299747355800111
matm	0.000132080000281573	0.000106067224357972	0.000342568406628699
Master_status	0.000129436943388909	0.000330323986429397	0.000214105254142937
ctarjeta_master_transacciones_delta2	0.000128598872992589	0.000203919944781728	0.000256926304971524
Master_status_lag2	0.000126762060478473	0.000762006169037852	0.000214105254142937
ctransferencias_recibidas_lag2	0.000125068220387534	0.000289734267157474	0.000256926304971524
Master_mconsumototal	0.000124446991082112	4.06276535889997e-05	0.000214105254142937
mcheques_emitidos	0.000123416049329081	0.00218919317444396	0.000299747355800111
mv_status05	0.000121461034419004	0.000129350273607283	0.000214105254142937
mttarjeta_master_debitos_automaticos_lag2	0.000121131352011132	0.00068916998120133	0.000256926304971524
Master_mpagominimo_delta2	0.000120070394111118	9.00339403881341e-05	0.000256926304971524
mv_mconsumototal	0.000119924108504281	0.000221682688752828	0.000256926304971524
catm_trx	0.000119699692632502	0.000127960498172568	0.000256926304971524
mv_Finiciomora_lag2	0.00011930285193289	0.000388531034790294	0.000256926304971524
mv_status04_lag1	0.000117523632513917	0.000176335086499696	0.000128463152485762
Master_mpagosdolares_lag1	0.000117497147678343	0.000840573599946025	0.000299747355800111
Master_mconsumosdolares	0.000116799843372486	9.80349200981993e-05	0.000171284203314349
catm_trx_delta1	0.000116511309732939	0.000216049442666959	0.000256926304971524
mtarjeta_master_consumo_delta1	0.000116486799100885	0.000224482643686745	0.000342568406628699
Master_cconsumos_delta2	0.000113914007346562	0.000986750904369853	0.000299747355800111
ctarjeta_master_transacciones_lag2	0.000113501982450038	7.60732495603888e-05	0.000256926304971524
matm_other	0.000112925486282451	3.30462504162964e-05	0.000214105254142937
tpaquete4_lag2	0.00011209354114916	0.000817380501009176	0.000214105254142937
Master_mconsumospesos_delta2	0.000111319345337643	0.000395439391216078	0.000256926304971524
Visa_mpagosdolares_lag2	0.000111160448851809	0.000710524415284726	0.000299747355800111
Visa_mpagospesos_isNA_delta2	0.000110804547635788	0.000143703814521722	0.000128463152485762
catm_trx_other_delta1	0.000109759886678977	0.000256928267415996	0.000256926304971524
mpagomiscuentas_delta2	0.000109597502359899	4.55821053041509e-05	0.000214105254142937
mtarjeta_master_consumo_lag2	0.000108536817119572	2.45774141289536e-05	0.000256926304971524
catm_trx_lag2	0.000104330557287509	7.50961535144773e-05	0.000171284203314349
mprestamos_hipotecarios	0.000103027950686559	0.00196985724048846	0.000256926304971524
ccajas_depositos_lag2	0.000102559353326425	0.00254716409349242	0.000299747355800111
ctarjeta_master_descuentos_lag1	0.000102453974778785	0.000589680337519483	0.000214105254142937
ccallcenter_transacciones_lag2	0.000102229655443273	0.000130523363624756	0.000214105254142937
mcaja_ahorro_adicional_lag1	0.000102147613617195	0.000852584984162177	0.000256926304971524
catm_trx_lag1	0.000102099705836297	7.38782320313676e-05	0.000214105254142937
Visa_status_isNA_delta2	9.99586861721224e-05	0.000519187743287198	8.56421016571747e-05
Master_delinquency	9.99563604586814e-05	4.88792296967222e-05	0.000128463152485762
thomebanking_delta2	9.96056640950161e-05	0.000435194842893507	0.000256926304971524
Master_Finiciomora_lag2	9.9145190519728e-05	0.00128524886091558	0.000214105254142937
mv_mpagado_lag1	9.85670488140823e-05	0.000138861728851851	0.000214105254142937
Master_Finiciomora_isNA_delta2	9.77538626672789e-05	7.61675105907002e-06	4.28210508285873e-05
Visa_mpagosdolares	9.55527252266406e-05	0.000129230435651063	0.000256926304971524
catm_trx_other	9.51005979854567e-05	3.50794723353623e-05	4.28210508285873e-05
tpaquete3_delta1	9.41381203429933e-05	0.00110574108607857	0.000128463152485762
Visa_mpagado_lag2	9.28370229502586e-05	8.24131659924045e-05	0.000256926304971524
mttarjeta_master_debitos_automaticos_lag1	9.2573704436444e-05	9.06937676003143e-05	0.000214105254142937
ctarjeta_debito_delta1	9.25375468142333e-05	0.00136712692313226	0.000214105254142937
Master_msaldodolares_lag2	9.11726816898155e-05	0.000561064068146635	0.000214105254142937
Visa_msaldodolares_delta2	9.11614436891896e-05	0.0013116790215763	0.000299747355800111
mv_mconsumototal_lag2	9.0833949191079e-05	2.92462089412707e-05	0.000214105254142937
ctarjeta_visa_delta1	8.9770540301551e-05	3.32040226895922e-06	4.28210508285873e-05
cforex_delta2	8.86600150811363e-05	0.000232578746570691	0.000214105254142937
ctarjeta_debito_lag1	8.84556043243078e-05	0.000889498810633143	0.000214105254142937
Master_mpagado_delta2	8.67049905911248e-05	0.000467032368024773	0.000214105254142937
ccajas_transacciones_lag1	8.47213309386003e-05	9.54059569723175e-05	0.000256926304971524
Master_mconsumototal_lag1	8.45475612352818e-05	7.58643234352777e-05	0.000214105254142937
mforex_sell_lag1	8.41861397659699e-05	4.38408626740986e-05	0.000128463152485762
mvr_msaldodolares_lag1	8.24892819955189e-05	0.000314912307973473	0.000171284203314349
Visa_mconsumosdolares_isNA_delta2	8.24768804012543e-05	0.000341981317019501	0.000171284203314349
mtarjeta_visa_descuentos	8.21016822485522e-05	0.00315618029961692	0.000256926304971524
Master_status_delta2	8.19324556451589e-05	6.09182025071116e-05	0.000214105254142937
Master_mconsumototal_delta1	8.15244381091204e-05	0.000240065313950703	0.000214105254142937
ccallcenter_transacciones_lag1	8.13617096493022e-05	0.000170432276857631	0.000171284203314349
cseguro_accidentes_personales_lag2	8.10603042617595e-05	3.96778587561357e-05	0.000171284203314349
ccajas_depositos_delta1	8.04990379800047e-05	6.33520338050011e-05	8.56421016571747e-05
mcheques_emitidos_delta2	8.04679370896166e-05	0.00190465303491407	0.000256926304971524
ccajas_consultas_lag1	7.99155536183237e-05	0.000358050811019275	0.000171284203314349
Visa_mconsumospesos_isNA_delta2	7.89802269853727e-05	0.000159917286497674	0.000214105254142937
Master_delinquency_delta2	7.8940127588385e-05	0.000694209497748714	0.000171284203314349
mplazo_fijo_dolares_lag2	7.83222040974415e-05	0.000753045910915654	0.000171284203314349
ccheques_emitidos_rechazados_lag1	7.7593734052406e-05	0.000943572167957455	0.000128463152485762
Visa_Finiciomora_delta1	7.74326938718949e-05	0.000734044841396955	0.000171284203314349
Visa_msaldodolares	7.74127101275687e-05	4.90864315346934e-05	8.56421016571747e-05
Visa_delinquency_delta2	7.68287025540553e-05	6.12208149001542e-05	0.000171284203314349
cplazo_fijo_delta1	7.6783446941305e-05	0.00125869139038771	0.000171284203314349
mv_mpagosdolares_lag1	7.62703927876126e-05	0.000136450313286779	0.000171284203314349
Master_Finiciomora_isNA_lag1	7.57021611562239e-05	8.86154268344226e-05	4.28210508285873e-05
ccheques_depositados	7.51611903351405e-05	0.00128123357092927	0.000214105254142937
Visa_msaldodolares_lag1	7.38245941249531e-05	0.000142284151443251	0.000171284203314349
mv_mpagosdolares_lag2	7.3152109956741e-05	0.00029176921336368	0.000171284203314349
cinversion1	7.21000731869284e-05	0.00320883916672418	0.000256926304971524
mvr_mpagosdolares	7.18594289053276e-05	0.000436110726745954	0.000171284203314349
cprestamos_hipotecarios	7.1665976120257e-05	0.00101412137628416	0.000171284203314349
mprestamos_prendarios_lag2	7.07639390243733e-05	0.00076710459872918	0.000128463152485762
ccheques_emitidos	6.92582562252266e-05	0.00137370737762028	0.000214105254142937
mcheques_emitidos_rechazados	6.87829543844568e-05	6.0394881360169e-05	8.56421016571747e-05
Visa_mlimitecompra_delta2	6.81080457557817e-05	0.00113919742945296	0.000171284203314349
Visa_madelantopesos	6.72890386931131e-05	4.98695452773725e-05	4.28210508285873e-05
mv_mpagado_lag2	6.594114700269e-05	4.79165027103094e-05	0.000128463152485762
mv_status02_lag2	6.58925877862147e-05	0.000121093237256951	8.56421016571747e-05
mvr_madelantopesos	6.40707081799474e-05	0.000651848360821791	8.56421016571747e-05
catm_trx_other_lag2	6.37503160982324e-05	7.96864932619315e-05	0.000171284203314349
matm_other_delta1	6.37150125640692e-05	6.53016277977845e-05	0.000128463152485762
tcuentas_lag1	6.33756470527072e-05	0.000921173965392074	0.000171284203314349
Visa_delinquency_lag2	6.3320970679301e-05	2.84326327924544e-05	4.28210508285873e-05
ccajas_extracciones_lag1	6.26965203049775e-05	0.00187125617944601	0.000214105254142937
mvr_Visa_mlimitecompra_delta1	6.26801423007866e-05	0.00162187396731635	0.000214105254142937
mvr_mpagosdolares_lag1	6.24741073765234e-05	0.000102763202816841	0.000171284203314349
ctarjeta_master_transacciones	6.16329714010155e-05	0.000110691475085843	0.000128463152485762
mvr_mpagosdolares_delta1	6.12214218166492e-05	0.000216599490264569	0.000128463152485762
ccajas_extracciones	6.10358363689349e-05	0.000306691769034268	0.000128463152485762
Master_mfinanciacion_limite_delta1	6.09629817004834e-05	0.000180920828148111	0.000128463152485762
mforex_sell_delta1	6.08634992343519e-05	0.000710274681030638	0.000171284203314349
Master_mlimitecompra_delta2	6.01147713114667e-05	0.000577595958481077	0.000171284203314349
mprestamos_prendarios_delta2	5.98498433685789e-05	0.000960153200475383	0.000128463152485762
Master_madelantopesos	5.95853855794221e-05	7.2891365024997e-06	4.28210508285873e-05
mv_fechaalta_delta1	5.94398383644953e-05	6.95813084788768e-05	0.000128463152485762
mcheques_emitidos_lag1	5.92553450293664e-05	0.000682419109667652	0.000128463152485762
cseguro_vivienda_delta2	5.90609828873927e-05	0.000426239470251538	0.000128463152485762
mvr_mpagosdolares_lag2	5.87109792267168e-05	3.15239922530043e-05	0.000171284203314349
Master_madelantopesos_lag1	5.72923411904514e-05	0.00010995348018999	8.56421016571747e-05
Master_mpagosdolares_isNA_lag2	5.68370658352561e-05	5.0162386709956e-06	8.56421016571747e-05
mv_status02_lag1	5.6522202849849e-05	6.40995122801234e-05	0.000128463152485762
Visa_madelantopesos_isNA_delta2	5.64698462945393e-05	0.000110728547259349	0.000128463152485762
mcheques_emitidos_rechazados_delta1	5.6360634299079e-05	0.00193172376824724	0.000214105254142937
ctarjeta_master	5.60177573730952e-05	0.000524761501466744	0.000128463152485762
ccuenta_debitos_automaticos_lag1	5.54810496230689e-05	0.000393110741433719	0.000128463152485762
Visa_madelantodolares_isNA_delta2	5.51210953576421e-05	0.000237588088093128	0.000128463152485762
Visa_Fvencimiento_delta1	5.47415832865357e-05	6.80173800430385e-06	0.000128463152485762
Visa_Finiciomora_isNA_delta2	5.38739477370928e-05	0.000200315609897074	8.56421016571747e-05
Visa_Finiciomora_isNA_lag1	5.25324709185024e-05	0.000257233753620938	8.56421016571747e-05
Visa_msaldodolares_lag2	5.1616324052259e-05	0.00010464612437355	0.000128463152485762
Master_msaldodolares_lag1	5.15252409783331e-05	0.000272944883276815	0.000128463152485762
cseguro_accidentes_personales_lag1	5.11681393227701e-05	3.66870827120766e-05	0.000128463152485762
Visa_mpagosdolares_delta2	5.08383169004643e-05	0.000192369519994294	0.000128463152485762
Visa_mpagosdolares_lag1	5.06377985449018e-05	0.00020488698248599	0.000128463152485762
ccuenta_debitos_automaticos_delta1	5.02595075470437e-05	0.000212714671338501	8.56421016571747e-05
ctarjeta_master_debitos_automaticos	4.91376131545859e-05	0.000295524423373069	0.000128463152485762
Visa_madelantodolares_isNA_delta1	4.88025158727075e-05	7.32916870226307e-05	8.56421016571747e-05
mvr_msaldodolares	4.87513354386436e-05	4.22777963818302e-05	0.000128463152485762
minversion2_lag2	4.81526322449018e-05	0.000719094697132129	0.000128463152485762
ccajas_depositos_lag1	4.77349971910818e-05	0.000117795825483189	0.000128463152485762
tcallcenter_lag1	4.6939852272562e-05	2.83717079801799e-05	8.56421016571747e-05
mv_status02_delta1	4.68186108264644e-05	7.42759675982916e-05	0.000128463152485762
mv_status03_delta1	4.67734458546372e-05	0.000101612241150995	8.56421016571747e-05
mv_status01_lag1	4.67322757156883e-05	4.73822610781478e-05	8.56421016571747e-05
mv_Fvencimiento_delta1	4.6311544132122e-05	3.84679839463453e-05	8.56421016571747e-05
mv_status07_lag2	4.60645984640718e-05	7.15636639273173e-06	8.56421016571747e-05
active_quarter	4.58609393636786e-05	6.32583475370696e-05	0.000128463152485762
Master_status_lag1	4.57212049585182e-05	0.000218696223426619	8.56421016571747e-05
cforex_sell_delta1	4.46208315214886e-05	3.24757987541981e-05	8.56421016571747e-05
mv_msaldodolares_lag1	4.43356029595028e-05	0.000218959464596635	0.000128463152485762
ccajas_transacciones_lag2	4.34108739453715e-05	6.13788745546399e-06	8.56421016571747e-05
ccheques_depositados_lag1	4.3035272698483e-05	4.34347930526654e-06	4.28210508285873e-05
mvr_madelantopesos_lag1	4.23948024621524e-05	0.000237300419521964	8.56421016571747e-05
Master_delinquency_lag2	4.23600980423833e-05	0.000383439789628715	8.56421016571747e-05
cseguro_vida_lag1	4.23275822692934e-05	0.000288086710795353	8.56421016571747e-05
tcuentas	4.15867806372104e-05	0.000323787213882249	8.56421016571747e-05
mcaja_ahorro_adicional_delta2	4.12906213694354e-05	0.00137414046107357	0.000171284203314349
catm_trx_other_lag1	4.08114263904814e-05	2.0322735611389e-05	8.56421016571747e-05
mcheques_depositados	4.07211974046031e-05	0.00188046214848563	0.000171284203314349
mcheques_depositados_lag1	4.05896346839635e-05	2.60160443659633e-05	8.56421016571747e-05
catm_trx_other_delta2	4.04564632711687e-05	7.34626788306652e-05	8.56421016571747e-05
mforex_sell_lag2	3.93832098930923e-05	1.57884351959798e-05	8.56421016571747e-05
mv_msaldodolares_lag2	3.91627188469747e-05	0.000580672086738559	0.000128463152485762
Master_mpagosdolares_lag2	3.8479379875535e-05	2.70221659120621e-05	8.56421016571747e-05
Visa_mconsumototal_isNA_delta2	3.74647173796731e-05	1.38394159655763e-05	4.28210508285873e-05
mcheques_depositados_delta2	3.74367476541807e-05	0.000687152277866523	8.56421016571747e-05
Master_mconsumosdolares_lag2	3.73930226202698e-05	0.00013644801423726	8.56421016571747e-05
Visa_fechaalta_delta1	3.71483923488076e-05	4.84266043225132e-06	8.56421016571747e-05
ctarjeta_master_debitos_automaticos_lag2	3.6757999682341e-05	3.30772875848136e-05	8.56421016571747e-05
mprestamos_hipotecarios_lag1	3.65340119599631e-05	0.00055217996603978	8.56421016571747e-05
Visa_madelantopesos_delta1	3.64903805146475e-05	9.38290963829303e-05	8.56421016571747e-05
mcheques_emitidos_delta1	3.62127952669235e-05	0.00149546877614392	0.000128463152485762
Master_fechaalta_delta1	3.61597253749182e-05	0.000169814119917997	8.56421016571747e-05
Master_mpagado	3.59104687317885e-05	3.96652139837769e-05	8.56421016571747e-05
mv_msaldodolares_delta1	3.54462132929454e-05	1.84757367034263e-05	8.56421016571747e-05
cprestamos_prendarios_delta2	3.54294100870258e-05	0.000820137636145786	8.56421016571747e-05
ccheques_depositados_lag2	3.5115217697066e-05	7.64603520232837e-05	8.56421016571747e-05
Master_mconsumosdolares_lag1	3.4792180816384e-05	0.000162863805838477	8.56421016571747e-05
Visa_mfinanciacion_limite_isNA_delta2	3.45448055250968e-05	0.00139109106580181	0.000128463152485762
mcajeros_propios_descuentos_delta2	3.43553519944129e-05	0.000250546968092624	8.56421016571747e-05
mforex_buy_delta1	3.41091461921088e-05	0.000549157290683634	8.56421016571747e-05
mttarjeta_master_debitos_automaticos	3.32852039890997e-05	9.48449888894883e-05	8.56421016571747e-05
Master_mpagosdolares_delta2	3.29276587088562e-05	8.65678358558581e-06	8.56421016571747e-05
cliente_edad_delta1	3.28671061507293e-05	6.95060146071037e-06	4.28210508285873e-05
mvr_Master_mlimitecompra_delta1	3.26483682327093e-05	2.65175245424679e-05	8.56421016571747e-05
Master_Fvencimiento_isNA_delta2	3.26402562385526e-05	1.0443145062464e-05	4.28210508285873e-05
cforex_sell_lag2	3.20482265748874e-05	5.49314775575739e-05	8.56421016571747e-05
tpaquete3_lag2	3.2017411608712e-05	0.00032753408983713	8.56421016571747e-05
Master_cconsumos_delta1	3.17866383447101e-05	5.01891131606235e-05	8.56421016571747e-05
Master_mconsumototal_isNA_delta2	3.13639097131637e-05	9.7244047063391e-05	8.56421016571747e-05
Master_delinquency_lag1	3.09627241445878e-05	0.000180254678549751	4.28210508285873e-05
mcheques_emitidos_lag2	3.0700740926323e-05	0.000126127580942914	4.28210508285873e-05
Visa_delinquency_delta1	3.02881699735063e-05	7.34925664744225e-05	8.56421016571747e-05
mcheques_depositados_delta1	3.02628804190485e-05	6.68675679019527e-05	8.56421016571747e-05
mvr_msaldodolares_delta1	3.02482599644636e-05	2.22412924356552e-05	8.56421016571747e-05
ctarjeta_master_transacciones_delta1	3.00401027161477e-05	3.74526662021673e-05	8.56421016571747e-05
cforex_buy_delta2	2.99248104096603e-05	0.000430670026057367	8.56421016571747e-05
Master_cadelantosefectivo_lag1	2.98853145485751e-05	0.00026074095366338	4.28210508285873e-05
active_quarter_lag1	2.98653764931694e-05	6.29652187232962e-06	8.56421016571747e-05
ctarjeta_master_debitos_automaticos_delta2	2.96733665936874e-05	0.000120498070812514	8.56421016571747e-05
Visa_mpagospesos_isNA_delta1	2.95431369578433e-05	1.76495157822512e-05	4.28210508285873e-05
mv_madelantopesos_lag1	2.95181672258295e-05	0.000110328225261716	4.28210508285873e-05
mv_cadelantosefectivo	2.93787636968843e-05	0.000390198995216903	8.56421016571747e-05
tcallcenter_lag2	2.8669488156918e-05	7.23597098235452e-06	4.28210508285873e-05
ccajas_extracciones_delta2	2.79881366535234e-05	4.48716990025352e-06	4.28210508285873e-05
cforex_lag1	2.78100073428801e-05	2.31456810405033e-05	8.56421016571747e-05
mv_msaldodolares	2.77378881186663e-05	0.00016536402219125	8.56421016571747e-05
ccajas_extracciones_lag2	2.74035144903364e-05	0.000608756126147575	8.56421016571747e-05
mforex_buy_delta2	2.73899330902357e-05	0.000271368597449808	4.28210508285873e-05
mttarjeta_master_debitos_automaticos_delta1	2.73260216595282e-05	0.000415988583205167	8.56421016571747e-05
Master_mpagospesos_isNA_delta1	2.67099345684247e-05	7.9083854906556e-05	4.28210508285873e-05
cseguro_vivienda_delta1	2.64345283874449e-05	0.000662521123455044	8.56421016571747e-05
ccajas_otras_lag2	2.64233589201998e-05	9.11084586574468e-06	4.28210508285873e-05
cseguro_vida	2.62306460008754e-05	1.83777397176452e-05	4.28210508285873e-05
ccajeros_propios_descuentos_delta2	2.62011913854642e-05	0.000765542394580482	8.56421016571747e-05
cseguro_vida_delta1	2.61555127817396e-05	0.000179813548423141	4.28210508285873e-05
Master_Finiciomora_delta1	2.59102811851291e-05	0.000119811804530857	4.28210508285873e-05
ctarjeta_visa_debitos_automaticos_lag1	2.5774422232119e-05	4.87912910525902e-05	8.56421016571747e-05
Master_mpagado_delta1	2.57679086132644e-05	4.35554931524544e-06	4.28210508285873e-05
Master_Finiciomora_isNA_delta1	2.55506769557873e-05	0.000179286203939539	4.28210508285873e-05
ccajas_extracciones_delta1	2.5346457797658e-05	0.000549960521109611	8.56421016571747e-05
mtarjeta_visa_descuentos_lag2	2.49236348405982e-05	4.86102409029066e-05	8.56421016571747e-05
Master_mconsumosdolares_isNA_lag2	2.46998490337725e-05	1.77230853668845e-05	4.28210508285873e-05
Master_status_delta1	2.46597378460956e-05	5.3705796782335e-06	8.56421016571747e-05
active_quarter_delta1	2.44506616609417e-05	0.000166311805355784	8.56421016571747e-05
ccajas_depositos_delta2	2.42148979877438e-05	1.11245258638923e-05	4.28210508285873e-05
ccajas_otras_delta1	2.34776055595284e-05	0.000140293461940301	4.28210508285873e-05
mvr_msaldodolares_lag2	2.33280192966389e-05	0.000511176417854294	8.56421016571747e-05
mcheques_depositados_rechazados_lag2	2.30253979942744e-05	0.000854611883695063	8.56421016571747e-05
cplazo_fijo_lag1	2.27939312903651e-05	1.34445542105521e-05	4.28210508285873e-05
Visa_status_lag2	2.20485298156652e-05	1.96588850625492e-05	4.28210508285873e-05
mcheques_depositados_rechazados_delta1	2.17689784705202e-05	1.8954226384733e-05	4.28210508285873e-05
ccheques_emitidos_rechazados_delta1	2.14898176919542e-05	3.08802583874627e-05	4.28210508285873e-05
mcheques_depositados_lag2	2.14254125261373e-05	3.14009931036955e-05	4.28210508285873e-05
Master_cadelantosefectivo	2.1142494939231e-05	0.000251441298355823	4.28210508285873e-05
cseguro_vivienda	2.09558682262783e-05	0.000517416613013389	8.56421016571747e-05
ccheques_emitidos_rechazados	2.08353349584498e-05	0.00104417742541878	8.56421016571747e-05
ccajeros_propios_descuentos_lag2	2.0826245074009e-05	0.000751137987195417	8.56421016571747e-05
cinversion2_lag2	2.0651692026778e-05	0.000984931494056128	8.56421016571747e-05
cforex_sell	2.03739483416681e-05	1.89042220576775e-05	4.28210508285873e-05
Master_mconsumosdolares_isNA_delta1	2.03121990285893e-05	3.52599477226659e-05	4.28210508285873e-05
cforex_buy	2.02335772392919e-05	0.000249198575549266	4.28210508285873e-05
mforex_sell_delta2	2.02021344189176e-05	1.36164081621565e-05	4.28210508285873e-05
mprestamos_hipotecarios_lag2	1.98972353027869e-05	0.00061278032495078	8.56421016571747e-05
mcajeros_propios_descuentos_lag2	1.9810903139683e-05	5.37333853765725e-05	4.28210508285873e-05
cinversion1_delta1	1.97071185458365e-05	0.000427749945786041	4.28210508285873e-05
cinversion2	1.96416433749764e-05	3.08503707437054e-05	4.28210508285873e-05
mv_status05_lag2	1.9616977253209e-05	2.20996135089981e-06	4.28210508285873e-05
mcheques_emitidos_rechazados_lag2	1.94346769862678e-05	0.000340040919224797	4.28210508285873e-05
Visa_mconsumosdolares_isNA_lag2	1.91222428828322e-05	7.56272339535492e-06	4.28210508285873e-05
Visa_status_lag1	1.89539926958867e-05	6.34796310533496e-06	4.28210508285873e-05
Master_cadelantosefectivo_lag2	1.8922616198139e-05	1.80331696708664e-06	4.28210508285873e-05
cliente_edad_delta2	1.87375642791101e-05	1.7850107852853e-05	4.28210508285873e-05
mtarjeta_master_descuentos	1.81153106575647e-05	2.32862104424006e-05	4.28210508285873e-05
Visa_fultimo_cierre_isNA_lag2	1.79931502746291e-05	4.02057780021179e-05	4.28210508285873e-05
cseguro_accidentes_personales	1.79279374466033e-05	2.605282915828e-05	4.28210508285873e-05
cinversion1_lag1	1.78303193831987e-05	8.07822777393022e-05	4.28210508285873e-05
ctarjeta_master_delta1	1.77339968217678e-05	1.74101272510029e-05	4.28210508285873e-05
Master_msaldodolares	1.74813031927417e-05	0.00109297906219421	8.56421016571747e-05
ccheques_depositados_rechazados_lag2	1.73798590506977e-05	7.79406525328396e-06	4.28210508285873e-05
Master_Fvencimiento_isNA_lag1	1.70065127731151e-05	1.02569220513609e-05	4.28210508285873e-05
Visa_mconsumosdolares_isNA_delta1	1.69208077272921e-05	0.000129323259775425	4.28210508285873e-05
mv_status04_lag2	1.6911274955089e-05	8.32342140521601e-06	4.28210508285873e-05
Visa_cadelantosefectivo_isNA_delta1	1.66907330616242e-05	2.20832327811695e-05	4.28210508285873e-05
mv_mpagosdolares	1.65759934436922e-05	2.40681746603197e-06	4.28210508285873e-05
Visa_Fvencimiento_isNA_delta2	1.647063479284e-05	2.06957563959752e-05	4.28210508285873e-05
Master_Fvencimiento_delta1	1.64327955235847e-05	1.6900887782369e-06	4.28210508285873e-05
Visa_cconsumos_isNA_delta1	1.64322354658486e-05	8.64411007510796e-05	4.28210508285873e-05
Master_mpagado_lag1	1.62938643591248e-05	2.7410417899717e-06	4.28210508285873e-05
Master_delinquency_isNA_delta2	1.61192177232985e-05	3.22979097976042e-05	4.28210508285873e-05
Master_msaldodolares_delta1	1.59496469791647e-05	0.000232940559488869	4.28210508285873e-05
mcaja_ahorro_adicional_lag2	1.59406315234494e-05	4.28818716431555e-05	4.28210508285873e-05
mv_mpagosdolares_delta1	1.58323929967647e-05	2.91953424706453e-05	4.28210508285873e-05
mv_status03	1.57643666155329e-05	3.43679165089867e-05	4.28210508285873e-05
Visa_msaldodolares_delta1	1.53321464791956e-05	1.11032596558342e-05	4.28210508285873e-05
Master_mconsumosdolares_delta1	1.53278841450565e-05	1.27511033991449e-05	4.28210508285873e-05
Master_mconsumosdolares_delta2	1.51078610419158e-05	1.96971067608157e-06	4.28210508285873e-05
Master_Finiciomora_isNA_lag2	1.49847485608288e-05	0.000117309001747373	4.28210508285873e-05
Visa_status_isNA_lag2	1.49193397125953e-05	4.7843795269246e-05	4.28210508285873e-05
cforex_buy_delta1	1.49123684676168e-05	0.00027564339265067	4.28210508285873e-05
minversion1_pesos_delta1	1.48305514015513e-05	3.06026481579478e-05	4.28210508285873e-05
ctarjeta_master_descuentos_delta1	1.47950039475057e-05	7.30502868230526e-05	4.28210508285873e-05
mcajeros_propios_descuentos_delta1	1.44748498903286e-05	6.32681184975287e-05	4.28210508285873e-05
cseguro_vivienda_lag2	1.42155136817849e-05	1.59395977019061e-05	4.28210508285873e-05
ctarjeta_master_debitos_automaticos_lag1	1.41832720422186e-05	0.000173621920685152	4.28210508285873e-05
mcaja_ahorro_adicional_delta1	1.3879701589375e-05	0.000128566872483414	4.28210508285873e-05
cseguro_vida_delta2	1.38645048648564e-05	0.000105874966341879	4.28210508285873e-05
Visa_msaldodolares_isNA_delta2	1.37910695049627e-05	9.55755118744021e-05	4.28210508285873e-05
cseguro_auto_lag2	1.37819066656326e-05	2.39486240852906e-05	4.28210508285873e-05
ctarjeta_master_descuentos_delta2	1.35485866127676e-05	8.7198350186661e-05	4.28210508285873e-05
cplazo_fijo_lag2	1.35233147443436e-05	9.14222789168983e-05	4.28210508285873e-05
ccheques_depositados_delta2	1.35224835007563e-05	7.11719633653827e-05	4.28210508285873e-05
mv_status01_lag2	1.33203321347421e-05	0.000277875769734388	4.28210508285873e-05
ctarjeta_master_descuentos	1.32050973078644e-05	4.25536823242052e-05	4.28210508285873e-05
cseguro_auto_lag1	1.31192419307543e-05	0.000314155920681462	4.28210508285873e-05
Master_mpagospesos_isNA_delta2	1.29961707170795e-05	4.12797215090506e-05	4.28210508285873e-05
Master_mconsumospesos_isNA_delta2	1.29835296244409e-05	8.99761767689493e-06	4.28210508285873e-05
cprestamos_prendarios_delta1	1.29425186597959e-05	0.000283519361543097	4.28210508285873e-05
Master_delinquency_delta1	1.26566401360689e-05	0.000127563337368024	4.28210508285873e-05
ccheques_emitidos_rechazados_lag2	1.25587287792709e-05	0.000448005434198977	4.28210508285873e-05
Master_mpagado_isNA_lag1	1.24532536953631e-05	2.726672730473e-06	4.28210508285873e-05
minversion1_pesos	1.24015117297269e-05	0.00014493926625742	4.28210508285873e-05
minversion1_pesos_lag1	1.23744668364172e-05	0.000103860998962542	4.28210508285873e-05
cprestamos_prendarios	1.22466130244432e-05	0.00024087228033215	4.28210508285873e-05
cinversion1_delta2	1.22155342415973e-05	0.000282680208468373	4.28210508285873e-05
minversion2_delta1	1.22106794253269e-05	0.000447726099682322	4.28210508285873e-05
Visa_madelantopesos_isNA_delta1	1.20247874196938e-05	0.000122743380049781	4.28210508285873e-05
ctarjeta_master_lag2	1.19635907951704e-05	7.24804099233342e-06	4.28210508285873e-05
minversion1_pesos_lag2	1.17635691223896e-05	0.000338330139000882	4.28210508285873e-05
ctarjeta_master_debitos_automaticos_delta1	1.17425993816806e-05	2.40170208085044e-05	4.28210508285873e-05
cforex_lag2	1.07368491730036e-05	0.000368882208069394	4.28210508285873e-05
Master_mfinanciacion_limite_isNA_delta1	1.05042748812293e-05	0.000350004712462384	4.28210508285873e-05
ccheques_depositados_delta1	1.03515832455767e-05	0.000440114234103481	4.28210508285873e-05
cpagodeservicios_delta2	1.01080804587675e-05	0.000481176695432912	4.28210508285873e-05
Visa_Finiciomora_isNA_delta1	9.8615622032001e-06	7.36471775546285e-06	4.28210508285873e-05
mcheques_depositados_rechazados_delta2	9.45456603561199e-06	0.000513030601292006	4.28210508285873e-05
mtarjeta_visa_descuentos_lag1	9.23437417823234e-06	0.000393661938556089	4.28210508285873e-05
Master_msaldodolares_delta2	8.97433494984627e-06	0.000514994851725478	4.28210508285873e-05
