fecha	objective	metric	first_metric_only	boost_from_average	feature_pre_filter	verbosity	seed	max_depth	min_gain_to_split	lambda_l1	lambda_l2	max_bin	num_iterations	force_row_wise	learning_rate	feature_fraction	bagging_fraction	bagging_freq	min_gain_to_split	min_data_in_leaf	num_leaves	max_bin	lambda_l1	lambda_l2	ratio_corte	iteracion_bayesiana	ganancia
20211127 000812	binary	custom	TRUE	TRUE	FALSE	-100	999983	-1	0	0	0	31	99	TRUE	0.0772112887068652	0.633040470168344	0.440976799814962	52	5.39393354603089	3644	287	38	41.9139528233791	28.7003108416684	0.046413262971406	1	8331250
20211127 000939	binary	custom	TRUE	TRUE	FALSE	-100	999983	-1	0	0	0	31	242	TRUE	0.0638561918716878	0.490051603609463	0.628601355638239	33	8.63077310888912	4678	222	149	58.2743513252353	35.0992320541991	0.0414593802608765	2	8906250
20211127 001015	binary	custom	TRUE	TRUE	FALSE	-100	999983	-1	0	0	0	31	237	TRUE	0.053631811184343	0.616793097302434	0.321516701575019	92	2.4939877485449	4891	626	121	62.5339758832706	7.70540009252727	0.0447003950511551	3	7841250
20211127 001135	binary	custom	TRUE	TRUE	FALSE	-100	999983	-1	0	0	0	31	335	TRUE	0.0649580881008878	0.188847564625903	0.525633688253001	65	4.35836993559496	4179	428	100	72.9761936335126	76.0679731407436	0.0410311632808138	4	8733750
20211127 001212	binary	custom	TRUE	TRUE	FALSE	-100	999983	-1	0	0	0	31	208	TRUE	0.0596981963715516	0.684549638818135	0.460339306706446	45	10.3154991645715	4463	456	78	56.6177283204161	86.3766502786893	0.0387263483587115	5	8820000
20211127 001301	binary	custom	TRUE	TRUE	FALSE	-100	999983	-1	0	0	0	31	181	TRUE	0.0814079891266301	0.122113602834288	0.720087474111351	73	12.208644871891	2419	702	199	83.657208160148	66.5474609675584	0.0422066608731428	6	9233750
20211127 001404	binary	custom	TRUE	TRUE	FALSE	-100	999983	-1	0	0	0	31	240	TRUE	0.0370904281623662	0.220554879714618	0.268313526206766	47	8.03931231232127	5277	806	55	5.9139002172742	58.9967821585014	0.0416566959281603	7	7597500
20211127 001447	binary	custom	TRUE	TRUE	FALSE	-100	999983	-1	0	0	0	31	188	TRUE	0.0425378292985261	0.706787938707275	0.557114808029728	43	3.48374241901911	2674	527	32	76.2592554138973	55.1486357825343	0.0385458255141752	8	9673750
20211127 001558	binary	custom	TRUE	TRUE	FALSE	-100	999983	-1	0	0	0	31	161	TRUE	0.0729224329879507	0.451372505624895	0.966772640548879	81	9.41918623389211	3284	485	166	16.0201930964831	15.6235898798332	0.0398724585112323	9	9678750
20211127 001637	binary	custom	TRUE	TRUE	FALSE	-100	999983	-1	0	0	0	31	66	TRUE	0.0868931377436966	0.428298536380753	0.409260381701752	51	9.30415933820768	2405	886	123	49.9653130106162	30.0597474625101	0.0436214561896246	10	8212500
20211127 001747	binary	custom	TRUE	TRUE	FALSE	-100	999983	-1	0	0	0	31	199	TRUE	0.0753886611745693	0.588525713939453	0.765004214519286	58	11.5485133790353	7210	369	189	86.0605055728229	72.1028452168684	0.0461697670415664	11	8753750
20211127 001853	binary	custom	TRUE	TRUE	FALSE	-100	999983	-1	0	0	0	31	100	TRUE	0.0518244750862941	0.661890516920248	0.578564339256845	55	5.66487111820607	197	755	225	46.0491000587353	96.2653003999731	0.042995923542278	12	8748750
20211127 001954	binary	custom	TRUE	TRUE	FALSE	-100	999983	-1	0	0	0	31	267	TRUE	0.0440727587295696	0.166049595270888	0.191349130745512	27	3.16444908210542	3056	254	145	39.1443043027539	19.5963954541367	0.040376243193659	13	7928750
20211127 002055	binary	custom	TRUE	TRUE	FALSE	-100	999983	-1	0	0	0	31	180	TRUE	0.0602242690701969	0.260191394407302	0.985635153515614	63	5.18634032297996	4313	729	247	27.9925695084967	74.2336370307021	0.0424963370655382	14	9147500
20211127 002225	binary	custom	TRUE	TRUE	FALSE	-100	999983	-1	0	0	0	31	492	TRUE	0.0246056039431132	0.915117244710564	0.745458392691798	29	13.7637384218106	6250	637	51	71.3550832035253	64.4328685378423	0.0410899381604302	15	9466250
20211127 002318	binary	custom	TRUE	TRUE	FALSE	-100	999983	-1	0	0	0	31	295	TRUE	0.0304838866987266	0.794787592208595	0.372538100624806	61	12.4126980413566	1400	128	89	60.8291597384959	53.2481842301786	0.0382183654705979	16	8921250
20211127 002409	binary	custom	TRUE	TRUE	FALSE	-100	999983	-1	0	0	0	31	346	TRUE	0.0289563614106737	0.751851371211233	0.225335315002012	7	0.833390601648716	901	571	63	33.4818493574858	46.0077803838067	0.0495115387683304	17	8458750
20211127 002437	binary	custom	TRUE	TRUE	FALSE	-100	999983	-1	0	0	0	31	163	TRUE	0.089555052950047	0.763627800893737	0.337376327044913	74	2.6752128021908	5893	197	137	26.4139596722089	60.9916995838284	0.045540036188533	18	7841250
20211127 002645	binary	custom	TRUE	TRUE	FALSE	-100	999983	-1	0	0	0	31	428	TRUE	0.0408753442326561	0.511625690373476	0.430619845518377	66	3.90560352330795	5053	937	213	98.0315337347565	43.2191358553246	0.0460438208709598	19	8291250
20211127 002714	binary	custom	TRUE	TRUE	FALSE	-100	999983	-1	0	0	0	31	104	TRUE	0.0697080600485206	0.952851827978156	0.286700245804386	24	14.5412454947073	728	423	109	8.46848788787611	94.0301806532079	0.0417322636305243	20	8275000
20211127 002758	binary	custom	TRUE	TRUE	FALSE	-100	999983	-1	0	0	0	31	231	TRUE	0.0919250850472599	0.909732682515751	0.606713318132097	37	7.6163593736419	6428	885	20	69.148093292024	69.3198548036162	0.0313291099384123	21	8872500
20211127 002851	binary	custom	TRUE	TRUE	FALSE	-100	999983	-1	0	0	0	31	127	TRUE	0.0799933724794537	0.280214131191606	0.93391901707917	18	1.93744662878453	2085	550	112	67.0207212795503	50.5354598775739	0.0405441714211346	22	9178750
20211127 003019	binary	custom	TRUE	TRUE	FALSE	-100	999983	-1	0	0	0	31	355	TRUE	0.0468172300169244	0.30299030306167	0.185910197612247	31	13.055709465465	7093	340	14	31.0906454542419	81.5684952313313	0.0443393493620826	23	6848750
20211127 003127	binary	custom	TRUE	TRUE	FALSE	-100	999983	-1	0	0	0	31	596	TRUE	0.0340719167562202	0.878602939317934	0.369276376652415	35	6.73730829221313	6006	188	196	50.3600267902948	7.24404454580508	0.0385206362800539	24	8581250
20211127 003221	binary	custom	TRUE	TRUE	FALSE	-100	999983	-1	0	0	0	31	100	TRUE	0.0929944719681516	0.567022794033401	0.640880738156848	80	11.736900498101	1608	153	45	53.4001173713477	26.2498806545045	0.042693652732822	25	9138750
20211127 003304	binary	custom	TRUE	TRUE	FALSE	-100	999983	-1	0	0	0	31	27	TRUE	0.0850392989874817	0.404582544335281	0.896013501686393	94	1.63401116579189	240	692	238	94.3773648224305	3.04205855820328	0.0428909684001058	26	8930000
20211127 003340	binary	custom	TRUE	TRUE	FALSE	-100	999983	-1	0	0	0	31	207	TRUE	0.0553383309738711	0.994182112956769	0.487574170288281	99	9.90944048939855	7622	958	251	13.4226591500919	11.5191996115027	0.036010109279294	27	8628750
20211127 003449	binary	custom	TRUE	TRUE	FALSE	-100	999983	-1	0	0	0	31	186	TRUE	0.095226138769649	0.463403324764222	0.676180879769963	90	14.6651832688367	6825	314	234	2.74123185314238	41.8358747725142	0.0476391390319777	28	8466250
20211127 003600	binary	custom	TRUE	TRUE	FALSE	-100	999983	-1	0	0	0	31	202	TRUE	0.0273561875359155	0.841173230904387	0.917231267439201	39	10.992735707463	1636	1006	171	36.4807679527439	48.9147520752158	0.0439531144388888	29	8863750
20211127 003706	binary	custom	TRUE	TRUE	FALSE	-100	999983	-1	0	0	0	31	442	TRUE	0.0336579369953834	0.71586252931389	0.534466689323308	13	0.332291825761786	5419	505	157	80.807887588162	98.1852931599133	0.0461025957505762	30	8673750
20211127 003810	binary	custom	TRUE	TRUE	FALSE	-100	999983	-1	0	0	0	31	150	TRUE	0.0705758534870111	0.544159007313428	0.804572753501707	10	8.38159732252825	7974	111	82	10.7493611704558	20.9478068456519	0.0394106558856745	31	8916250
20211127 003854	binary	custom	TRUE	TRUE	FALSE	-100	999983	-1	0	0	0	31	91	TRUE	0.0669820741354488	0.329462330547394	0.236560634545749	20	6.92468038052903	504	395	3	78.903603926301	84.0333194943378	0.0344903588206401	32	8281250
20211127 003933	binary	custom	TRUE	TRUE	FALSE	-100	999983	-1	0	0	0	31	105	TRUE	0.0976404055687599	0.201722168400302	0.696019458021619	86	6.14297093011555	5745	776	71	19.6754451195011	90.6331924872939	0.0414090017926338	33	8421250
20211127 004059	binary	custom	TRUE	TRUE	FALSE	-100	999983	-1	0	0	0	31	300	TRUE	0.0214674816438928	0.361144300327287	0.151173795727664	97	10.8040980268561	3924	822	205	24.6984934119973	79.614286624128	0.0327816891060761	34	7140000
20211127 004231	binary	custom	TRUE	TRUE	FALSE	-100	999983	-1	0	0	0	31	268	TRUE	0.0394826224381104	0.39123397488147	0.844858482249547	70	13.3588385596813	6671	913	26	95.1867122563999	24.4087509973906	0.044817944810388	35	9006250
20211127 004310	binary	custom	TRUE	TRUE	FALSE	-100	999983	-1	0	0	0	31	132	TRUE	0.0823455506684259	0.966434905705974	0.779004517733119	9	0.495213480200619	3479	858	182	0.221398339490406	34.4309895724291	0.046757515837731	36	9428750
20211127 004331	binary	custom	TRUE	TRUE	FALSE	-100	999983	-1	0	0	0	31	99	TRUE	0.0560451432415284	0.853456300899852	0.129401025179541	84	4.87104052593349	1055	674	179	89.6817552729044	0.466505853109993	0.0407120996486102	37	7728750
20211127 004410	binary	custom	TRUE	TRUE	FALSE	-100	999983	-1	0	0	0	31	150	TRUE	0.0483056873045862	0.133487197674112	0.112888089407934	5	7.41892948854365	7569	994	95	22.1903235831996	14.1926630306989	0.0388040151639189	38	5146250
20211127 004445	binary	custom	TRUE	TRUE	FALSE	-100	999983	-1	0	0	0	31	78	TRUE	0.0986230524769053	0.819128756229184	0.880011681530159	17	13.8826455186645	1987	604	221	91.6410282830475	87.9820904298685	0.037340940482038	39	9382500
20211127 032708	binary	custom	TRUE	TRUE	FALSE	-100	999983	-1	0	0	0	31	1065	TRUE	0.0237919538500719	0.249241321863956	0.830768281201599	77	1.20638712728396	2841	262	133	43.5122280952055	39.9761258176295	0.0369253181190359	40	9906250
20211127 033007	binary	custom	TRUE	TRUE	FALSE	-100	999983	-1	0	0	0	31	263	TRUE	0.0243921564034054	0.840835218279271	0.795577438896023	68	5.3261136497137	1444	392	48	15.3362032510736	32.9030524431408	0.039885053128293	41	9725000
20211127 033135	binary	custom	TRUE	TRUE	FALSE	-100	999983	-1	0	0	0	31	319	TRUE	0.0233062276153126	0.165279595347072	0.820187134254415	80	11.4367225938366	1528	216	27	71.1298416540819	39.9344791362697	0.034910179389329	42	9356250
20211127 033353	binary	custom	TRUE	TRUE	FALSE	-100	999983	-1	0	0	0	31	461	TRUE	0.0272773900516778	0.340679930203767	0.845743956605313	70	0.0300539249700281	2499	230	164	0.23442670361192	4.76529516000096	0.0352376394329064	43	9558750
20211127 033455	binary	custom	TRUE	TRUE	FALSE	-100	999983	-1	0	0	0	31	245	TRUE	0.0304496474936075	0.991279385885574	0.722414601223009	64	1.85885937037487	2212	508	76	68.4276173935155	42.8631736160596	0.0420051470001721	44	9493750
20211127 033607	binary	custom	TRUE	TRUE	FALSE	-100	999983	-1	0	0	0	31	259	TRUE	0.0346653910693316	0.887341247788872	0.599018587726322	28	11.9105469308781	885	627	6	30.8010723634978	52.7319379865028	0.0376180220573727	45	9350000
20211127 033816	binary	custom	TRUE	TRUE	FALSE	-100	999983	-1	0	0	0	31	348	TRUE	0.0410359906136976	0.571485297102618	0.845787049466906	79	5.36275078676559	2814	397	111	25.9273580872303	50.781033363477	0.0427104455555695	46	9683750
20211127 034050	binary	custom	TRUE	TRUE	FALSE	-100	999983	-1	0	0	0	31	561	TRUE	0.0201007599335298	0.241724436187141	0.779668769129332	42	0.805643514746637	3040	430	52	38.0068916242177	38.728683590248	0.043831366473969	47	8950000
20211127 034303	binary	custom	TRUE	TRUE	FALSE	-100	999983	-1	0	0	0	31	338	TRUE	0.0204507722169396	0.48402538366195	0.92204720122094	90	6.61314113391439	2245	112	139	50.8553571509529	36.8922713994295	0.0437851862114132	48	9163750
20211127 034403	binary	custom	TRUE	TRUE	FALSE	-100	999983	-1	0	0	0	31	197	TRUE	0.0391413350877925	0.951492896784571	0.807475277506064	73	11.7646638892991	2059	541	123	47.5054180760044	23.552294238493	0.0416650923395341	49	9495000
20211127 034444	binary	custom	TRUE	TRUE	FALSE	-100	999983	-1	0	0	0	31	149	TRUE	0.0741202367044352	0.109320533701396	0.859234186707575	90	12.6344418077553	3715	327	165	25.9090004942297	39.6963378381952	0.0422822285755068	50	8911250
20211127 034606	binary	custom	TRUE	TRUE	FALSE	-100	999983	-1	0	0	0	31	298	TRUE	0.0205593835504498	0.775572328082772	0.826431690373914	76	1.25099207453648	2119	237	133	63.3744729811338	64.0237697082459	0.0479812927954592	51	8713750
20211127 034739	binary	custom	TRUE	TRUE	FALSE	-100	999983	-1	0	0	0	31	221	TRUE	0.0417463854195658	0.312270879792935	0.902916931955237	76	3.76322201003438	521	501	84	16.4024758737015	27.6531516376727	0.0420261380286066	52	8887500
20211127 034823	binary	custom	TRUE	TRUE	FALSE	-100	999983	-1	0	0	0	31	139	TRUE	0.0463999861035255	0.826158089687165	0.743361710453688	72	9.45377912291844	2346	532	47	21.1697289290048	15.953488753172	0.0467743086604785	53	8923750
20211127 034943	binary	custom	TRUE	TRUE	FALSE	-100	999983	-1	0	0	0	31	192	TRUE	0.027666422083208	0.501027401633142	0.806896243278101	74	7.62455053642584	5048	245	98	36.5477979264859	48.0324150156727	0.0467869032775392	54	8170000
20211127 035050	binary	custom	TRUE	TRUE	FALSE	-100	999983	-1	0	0	0	31	179	TRUE	0.0429488716706276	0.796697226886179	0.938572774649239	63	2.85675359113576	2926	357	161	12.5274410916389	52.2933720690985	0.0421268949650919	55	9507500
20211127 035213	binary	custom	TRUE	TRUE	FALSE	-100	999983	-1	0	0	0	31	250	TRUE	0.0336116972027298	0.285162065192054	0.826858293705839	85	0.671068632109723	1676	279	210	87.980898717528	34.451012120504	0.0366734257778226	56	9631250
20211127 035256	binary	custom	TRUE	TRUE	FALSE	-100	999983	-1	0	0	0	31	132	TRUE	0.0680879539328831	0.712904130822218	0.852295694724896	50	10.8525942385241	3027	617	186	72.1138719044617	51.2107733717158	0.0383149242013963	57	9542500
20211127 035412	binary	custom	TRUE	TRUE	FALSE	-100	999983	-1	0	0	0	31	163	TRUE	0.0772906298393963	0.570620036546579	0.918413217084289	55	1.87118863932789	2054	396	227	8.75720753087875	35.1372462011885	0.038365302669639	58	9577500
20211127 035448	binary	custom	TRUE	TRUE	FALSE	-100	999983	-1	0	0	0	31	74	TRUE	0.0799315848844658	0.82931997284887	0.841959619283648	39	2.39773098282782	1688	534	39	0.296207191054363	39.3404767832439	0.0420135434115459	59	9841250
20211127 035546	binary	custom	TRUE	TRUE	FALSE	-100	999983	-1	0	0	0	31	184	TRUE	0.0483980883099215	0.902530843132989	0.918968273480173	22	5.68806596928975	2435	443	63	21.4727291096861	42.216428317049	0.0418414169783834	60	9842500
20211127 035631	binary	custom	TRUE	TRUE	FALSE	-100	999983	-1	0	0	0	31	105	TRUE	0.0536915811270686	0.95646930207619	0.84323536119356	43	5.49039197479226	1457	452	84	0.585995347825167	44.392997353431	0.0456114056852101	61	9120000
20211127 035731	binary	custom	TRUE	TRUE	FALSE	-100	999983	-1	0	0	0	31	212	TRUE	0.0423391304115042	0.853976499593193	0.872210301600315	21	8.27696940976646	3088	510	66	92.4077692206435	39.4136596712124	0.0411067309831778	62	9361250
20211127 035831	binary	custom	TRUE	TRUE	FALSE	-100	999983	-1	0	0	0	31	193	TRUE	0.0749450482200752	0.635059707270224	0.873373619061482	39	2.67820349356159	1951	556	60	42.834279732086	52.1235598750936	0.0383778972866997	63	9773750
20211127 035958	binary	custom	TRUE	TRUE	FALSE	-100	999983	-1	0	0	0	31	296	TRUE	0.0478907033691388	0.258281932927288	0.897250393233026	78	7.11868675933889	2694	111	187	44.7931172775909	26.321683522321	0.0400089001960562	64	9687500
20211127 040108	binary	custom	TRUE	TRUE	FALSE	-100	999983	-1	0	0	0	31	195	TRUE	0.0505823333794578	0.792048452558607	0.92421518687734	23	1.26923449719967	2455	508	18	19.8788371120104	39.6360761870819	0.0456659823591397	65	9203750
20211127 040211	binary	custom	TRUE	TRUE	FALSE	-100	999983	-1	0	0	0	31	269	TRUE	0.0464308827018171	0.89055519534844	0.791740502176776	58	3.65041727133969	3825	505	164	14.5940601151576	39.36877816794	0.0372443817512395	66	9861250
20211127 053206	binary	custom	TRUE	TRUE	FALSE	-100	999983	-1	0	0	0	31	168	TRUE	0.0606932972928712	0.587887474056697	0.835405373603678	45	11.5630463059669	1214	527	140	77.3757245460738	52.9830266774073	0.0405063875699526	67	10240000
20211127 053539	binary	custom	TRUE	TRUE	FALSE	-100	999983	-1	0	0	0	31	136	TRUE	0.0481384576347935	0.583787278195057	0.996209037860627	68	10.358911737902	1143	529	105	81.9743153722333	53.2087320338512	0.0394316469141089	68	9210000
20211127 053651	binary	custom	TRUE	TRUE	FALSE	-100	999983	-1	0	0	0	31	134	TRUE	0.097807702789378	0.577292707077312	0.845825215914575	41	11.2786508911306	1597	477	140	63.2129752572656	38.8532053163394	0.0473116789884004	69	8813750
20211127 053734	binary	custom	TRUE	TRUE	FALSE	-100	999983	-1	0	0	0	31	106	TRUE	0.0595570763079166	0.705318719936262	0.746352728204782	35	11.9691357285584	1417	397	55	80.5018716804441	69.3770394975247	0.0384576631947506	70	9400000
20211127 053839	binary	custom	TRUE	TRUE	FALSE	-100	999983	-1	0	0	0	31	93	TRUE	0.0581931986729731	0.581350948855834	0.870593046178994	67	8.76999690637368	647	317	155	63.268767493433	21.0133444508707	0.0445576560578009	71	9083750
20211127 054013	binary	custom	TRUE	TRUE	FALSE	-100	999983	-1	0	0	0	31	213	TRUE	0.0585897285288491	0.543315368066459	0.832007988684899	42	6.27386939096344	1417	431	203	55.6188084949184	54.2827419351538	0.0398346746600503	72	9790000
20211127 054138	binary	custom	TRUE	TRUE	FALSE	-100	999983	-1	0	0	0	31	174	TRUE	0.0615101552120876	0.495097432333174	0.857513610107951	37	13.1688979904026	1002	714	136	72.0885709489639	54.113754211465	0.0402670898457999	73	9761250
20211127 054303	binary	custom	TRUE	TRUE	FALSE	-100	999983	-1	0	0	0	31	195	TRUE	0.0514828880494688	0.459868566021325	0.823936095440644	52	11.4694734720943	1517	564	198	88.296576012825	51.1215573965753	0.0413586233243912	74	9886250
20211127 054409	binary	custom	TRUE	TRUE	FALSE	-100	999983	-1	0	0	0	31	94	TRUE	0.0628151138775063	0.576571853604131	0.834269904641385	26	4.99634661928132	1938	610	187	86.9970063434244	70.1546304170306	0.043793582622787	75	9561250
20211127 054527	binary	custom	TRUE	TRUE	FALSE	-100	999983	-1	0	0	0	31	288	TRUE	0.0435304751278728	0.197504550310275	0.830959511944459	76	2.1714571261334	2515	357	205	44.9681213283608	13.7608407734111	0.0397800979861207	76	9706250
20211127 054608	binary	custom	TRUE	TRUE	FALSE	-100	999983	-1	0	0	0	31	118	TRUE	0.0754317594185768	0.755274959521475	0.839220421039892	34	4.1193131774482	2947	393	104	19.8233291020089	46.7763913585633	0.0383862936980734	77	9421250
20211127 054657	binary	custom	TRUE	TRUE	FALSE	-100	999983	-1	0	0	0	31	78	TRUE	0.0641102771803918	0.580766500538522	0.796457318668127	61	12.0511252242792	1884	820	127	32.2959557925979	52.9385622813163	0.0474628143931284	78	8618750
20211127 054756	binary	custom	TRUE	TRUE	FALSE	-100	999983	-1	0	0	0	31	130	TRUE	0.0469457160513109	0.687235478825843	0.843630843832013	32	11.9738725309103	461	153	83	78.4817188318859	51.2236215240878	0.035288017901149	79	9843750
20211127 054921	binary	custom	TRUE	TRUE	FALSE	-100	999983	-1	0	0	0	31	165	TRUE	0.0363493489480622	0.431429083811454	0.824443036057537	11	8.55467793443026	679	678	143	77.6097727871353	72.4321199799105	0.0393434845946842	80	9536250
20211127 055015	binary	custom	TRUE	TRUE	FALSE	-100	999983	-1	0	0	0	31	172	TRUE	0.0415934100409309	0.923044103457698	0.821007798631425	51	4.9046650199427	2144	304	127	38.0736932060654	40.7596992501541	0.0453343241098754	81	9102500
20211127 055108	binary	custom	TRUE	TRUE	FALSE	-100	999983	-1	0	0	0	31	131	TRUE	0.0470310567093787	0.808163555603119	0.829631436523798	47	12.9238496164797	1207	771	126	84.1053262727974	33.9822532398547	0.0385794111596704	82	9563750
20211127 055216	binary	custom	TRUE	TRUE	FALSE	-100	999983	-1	0	0	0	31	140	TRUE	0.0547127122240941	0.585570187230743	0.838064376885919	31	12.8240025043905	1654	247	127	79.2496914447549	61.9989991010831	0.0472025256405412	83	8896250
20211127 055347	binary	custom	TRUE	TRUE	FALSE	-100	999983	-1	0	0	0	31	133	TRUE	0.0624103939228079	0.58578507310737	0.841556660174793	77	11.6314051273483	304	635	189	80.8570753411781	53.2445705056865	0.031950444380072	84	9487500
20211127 055508	binary	custom	TRUE	TRUE	FALSE	-100	999983	-1	0	0	0	31	82	TRUE	0.0547688734121429	0.571569969836579	0.826882317997385	38	1.73259861883129	311	602	142	95.0173199638783	48.8686900559656	0.0484703837579818	85	8818750
20211127 055621	binary	custom	TRUE	TRUE	FALSE	-100	999983	-1	0	0	0	31	167	TRUE	0.0602562652335521	0.489212205158577	0.824862846955107	65	11.134859959022	2760	567	214	85.7109518972228	48.3000397487428	0.0411571094514205	86	9546250
20211127 055712	binary	custom	TRUE	TRUE	FALSE	-100	999983	-1	0	0	0	31	98	TRUE	0.0588923412598817	0.309051607101608	0.842059920049409	28	11.2214287155988	946	774	97	77.9492853838367	22.1734950868269	0.0404476126903362	87	9007500
20211127 055851	binary	custom	TRUE	TRUE	FALSE	-100	999983	-1	0	0	0	31	168	TRUE	0.0530103404323255	0.75317133943388	0.773492415836156	12	13.2040922816933	239	543	134	74.2464918390431	76.4166159936434	0.0410437578978744	88	9380000
20211127 060035	binary	custom	TRUE	TRUE	FALSE	-100	999983	-1	0	0	0	31	351	TRUE	0.065564711328987	0.322662188983038	0.855030648389431	67	4.1181186802543	3178	490	180	12.3308137381755	25.3710462370396	0.0420009487944852	89	9395000
20211127 060141	binary	custom	TRUE	TRUE	FALSE	-100	999983	-1	0	0	0	31	197	TRUE	0.0304717054910972	0.227913411271095	0.862736332642395	94	1.13945938841821	2647	515	131	17.9837803078142	35.6995548136195	0.0408674332590251	90	8932500
20211127 060347	binary	custom	TRUE	TRUE	FALSE	-100	999983	-1	0	0	0	31	211	TRUE	0.0449195433428324	0.702047811827287	0.842927959919134	44	11.6187710325128	218	575	54	75.7852520721345	52.624844486067	0.0412536681822189	91	9617500
20211127 060510	binary	custom	TRUE	TRUE	FALSE	-100	999983	-1	0	0	0	31	176	TRUE	0.0560562327182177	0.454719629382546	0.885292445782208	12	11.9098020512797	987	514	186	58.63446215266	50.0534413340997	0.0389950335226724	92	9690000
20211127 060608	binary	custom	TRUE	TRUE	FALSE	-100	999983	-1	0	0	0	31	157	TRUE	0.0749135928702838	0.840816188024883	0.941721485640303	37	4.68081555021962	4269	531	172	30.7553713273122	59.0946881756958	0.0389278622316822	93	9760000
20211127 060734	binary	custom	TRUE	TRUE	FALSE	-100	999983	-1	0	0	0	31	262	TRUE	0.0493175357119506	0.288852625880761	0.849043633011757	86	11.4555711424567	1533	100	70	76.4259570450122	21.2505063493732	0.0359093523428087	94	9408750
20211127 060928	binary	custom	TRUE	TRUE	FALSE	-100	999983	-1	0	0	0	31	565	TRUE	0.0308366595274531	0.768236380771276	0.902481244892788	31	5.08881098234442	6149	434	169	38.000258002254	30.0837212110731	0.0376516077028678	95	9990000
20211127 061037	binary	custom	TRUE	TRUE	FALSE	-100	999983	-1	0	0	0	31	219	TRUE	0.031836692710392	0.799467736502699	0.943261967443535	15	5.37814915079471	2763	399	16	49.9494837590553	23.6961223207961	0.040338459342477	96	9490000
20211127 061220	binary	custom	TRUE	TRUE	FALSE	-100	999983	-1	0	0	0	31	316	TRUE	0.0239957157598978	0.823428062323966	0.820399104399099	49	5.04507655971742	1016	460	196	41.99448726979	44.4478939493407	0.0434115459052801	97	9375000
20211127 061327	binary	custom	TRUE	TRUE	FALSE	-100	999983	-1	0	0	0	31	281	TRUE	0.0588948694731141	0.640893442828641	0.955613935396519	18	6.3461795830835	6774	434	176	31.0196856421899	45.8789461043555	0.0456240003022708	98	9166250
20211127 061459	binary	custom	TRUE	TRUE	FALSE	-100	999983	-1	0	0	0	31	411	TRUE	0.0353988977675026	0.9181801423382	0.895360243771364	64	3.80694579369515	5099	438	122	28.2793652800334	46.6079010345922	0.0422402465186379	99	9723750
20211127 061618	binary	custom	TRUE	TRUE	FALSE	-100	999983	-1	0	0	0	31	189	TRUE	0.0521637826958986	0.558816225441368	0.83396728229395	49	14.0402839990101	3952	527	121	98.3283189889649	97.7587966811145	0.046262127566678	100	9176250
20211127 061735	binary	custom	TRUE	TRUE	FALSE	-100	999983	-1	0	0	0	31	325	TRUE	0.0453568047175335	0.71696286328223	0.747538479900735	43	4.78494754641819	5153	511	150	60.6073787388881	15.4724880017796	0.0346750798708632	101	9926250
20211127 061836	binary	custom	TRUE	TRUE	FALSE	-100	999983	-1	0	0	0	31	246	TRUE	0.0775050283230904	0.834994054162576	0.760813458511658	20	2.65298975164825	2787	540	166	27.8306360218027	73.695369213467	0.0408212529964693	102	8946250
20211127 061943	binary	custom	TRUE	TRUE	FALSE	-100	999983	-1	0	0	0	31	67	TRUE	0.0675325548707624	0.56943068226049	0.854295577206231	41	10.2280733397198	105	510	145	78.0774397047366	49.5643109827142	0.0346330978139943	103	9338750
20211127 062108	binary	custom	TRUE	TRUE	FALSE	-100	999983	-1	0	0	0	31	441	TRUE	0.0421086802267714	0.796696312638797	0.782565982567562	60	3.66549862443782	5693	518	35	55.2670862837767	9.14704118534714	0.0375802382061907	104	9611250
20211127 062213	binary	custom	TRUE	TRUE	FALSE	-100	999983	-1	0	0	0	31	262	TRUE	0.045472299033613	0.759050505388016	0.90176618623909	21	5.65342522486557	4785	540	165	67.5033900689721	16.6021102279151	0.0424753460371037	105	9253750
20211127 062308	binary	custom	TRUE	TRUE	FALSE	-100	999983	-1	0	0	0	31	258	TRUE	0.0330107451059593	0.821290123365071	0.706928823337001	60	4.25439104275784	6308	425	139	73.5997625594899	32.6757185115123	0.0385290326914277	106	8728750
20211127 062447	binary	custom	TRUE	TRUE	FALSE	-100	999983	-1	0	0	0	31	496	TRUE	0.0393334348537914	0.690093063814874	0.831975054025767	41	11.6097171835763	5074	516	156	82.2278511090878	74.9148848166144	0.0480169775437978	107	9053750
20211127 062617	binary	custom	TRUE	TRUE	FALSE	-100	999983	-1	0	0	0	31	368	TRUE	0.0242736761959598	0.114346146669725	0.902892970465975	58	0.635935427077248	1092	295	176	56.9958342792435	13.5246168851469	0.0350487201769964	108	9315000
20211127 062704	binary	custom	TRUE	TRUE	FALSE	-100	999983	-1	0	0	0	31	123	TRUE	0.0615623250142252	0.820875873396825	0.82846676472237	36	12.223887844419	1607	541	127	74.809692089793	35.907110404092	0.0425677065622153	109	9426250
20211127 062811	binary	custom	TRUE	TRUE	FALSE	-100	999983	-1	0	0	0	31	104	TRUE	0.0551495901674988	0.58119099717238	0.751260812569322	48	4.91773639883228	1971	508	76	53.6990244885942	32.6399896024763	0.0422696339584462	110	9315000
20211127 062954	binary	custom	TRUE	TRUE	FALSE	-100	999983	-1	0	0	0	31	488	TRUE	0.0350768463880062	0.896443084838454	0.884954974188918	38	3.91082243431629	5354	550	50	44.6870915915114	12.9505650053516	0.0470555884415001	111	8790000
20211127 063046	binary	custom	TRUE	TRUE	FALSE	-100	999983	-1	0	0	0	31	201	TRUE	0.0516339840020422	0.632874232295394	0.835915979064552	44	3.43466078999346	4628	518	218	63.0870128615141	38.3068833897713	0.0403342611367901	112	9391250
20211127 063137	binary	custom	TRUE	TRUE	FALSE	-100	999983	-1	0	0	0	31	95	TRUE	0.0612399656407943	0.327473027364529	0.865189088437116	48	6.80693512972999	1120	392	175	82.3513268952099	87.8813903431946	0.0406575229746806	113	9195000
20211127 063314	binary	custom	TRUE	TRUE	FALSE	-100	999983	-1	0	0	0	31	270	TRUE	0.0408332928779797	0.953221065091048	0.905656419883568	14	6.97523753177936	938	417	43	31.8244474090898	51.9374296236783	0.0347170619277321	114	9763750
20211127 063527	binary	custom	TRUE	TRUE	FALSE	-100	999983	-1	0	0	0	31	597	TRUE	0.0433603880879095	0.769671603398341	0.856303899248395	36	9.86344656255697	2581	432	189	31.9714369061376	16.6570467005455	0.0335163751012817	115	10221250
20211127 063656	binary	custom	TRUE	TRUE	FALSE	-100	999983	-1	0	0	0	31	198	TRUE	0.0452720079444943	0.565661648326818	0.798844841512706	46	8.79203323877563	1948	461	216	56.9584860518829	15.4272585747327	0.0441798175459808	116	9396250
20211127 063839	binary	custom	TRUE	TRUE	FALSE	-100	999983	-1	0	0	0	31	227	TRUE	0.0427183085389738	0.79361875998043	0.884462404223011	33	5.81603850639605	1113	425	188	26.7618906365159	46.5790498809728	0.0327732926947023	117	9792500
20211127 064002	binary	custom	TRUE	TRUE	FALSE	-100	999983	-1	0	0	0	31	148	TRUE	0.0482447918527464	0.466203543599428	0.834221205820037	43	14.4728831762625	1339	534	142	25.6089362583357	57.349534524339	0.0428154006977418	118	9502500
20211127 064130	binary	custom	TRUE	TRUE	FALSE	-100	999983	-1	0	0	0	31	365	TRUE	0.0425627773201254	0.803422786236937	0.900328060322395	73	10.4083320809993	3577	411	153	12.2372722601397	5.88602136048463	0.0441210426663644	119	9363750
20211127 064244	binary	custom	TRUE	TRUE	FALSE	-100	999983	-1	0	0	0	31	159	TRUE	0.0587979784613167	0.500968445586705	0.832503248178201	47	11.9871918715662	1887	538	147	63.1073300848277	55.9430304218671	0.0401411436751932	120	9448750
20211127 064333	binary	custom	TRUE	TRUE	FALSE	-100	999983	-1	0	0	0	31	137	TRUE	0.0437599577421326	0.727068338753242	0.829066346843229	58	6.3364473224213	2507	437	152	40.204122261689	27.534136602969	0.0391209796932791	121	9302500
20211127 064534	binary	custom	TRUE	TRUE	FALSE	-100	999983	-1	0	0	0	31	470	TRUE	0.0387359790399569	0.249118784295812	0.800819193605678	30	1.74925036459923	3433	127	171	33.6892351755886	31.0728240076383	0.0378069413132827	122	9543750
20211127 064639	binary	custom	TRUE	TRUE	FALSE	-100	999983	-1	0	0	0	31	287	TRUE	0.0335363475245677	0.760664387610677	0.837815769932678	63	3.68394490165698	6645	354	170	30.7246987728678	3.01463270767337	0.0418162277442621	123	9050000
20211127 064800	binary	custom	TRUE	TRUE	FALSE	-100	999983	-1	0	0	0	31	185	TRUE	0.0608858764960128	0.583685817678982	0.827089086242382	19	13.2349217859038	2674	558	204	55.3104504689002	49.872694711844	0.0424627514200431	124	8907500
20211127 064854	binary	custom	TRUE	TRUE	FALSE	-100	999983	-1	0	0	0	31	75	TRUE	0.05589016586579	0.560619019865505	0.7997219873813	43	14.8081377584884	954	517	202	84.6174930832853	3.67596167502814	0.0395953769358976	125	8961250
20211127 065004	binary	custom	TRUE	TRUE	FALSE	-100	999983	-1	0	0	0	31	205	TRUE	0.0405377844084648	0.726028479946889	0.901158958613278	32	9.60142496990789	3022	363	202	52.8144702455829	25.1203975584159	0.0455274415714724	126	8945000
20211127 065058	binary	custom	TRUE	TRUE	FALSE	-100	999983	-1	0	0	0	31	205	TRUE	0.0439012703503673	0.630208878329933	0.827647495977493	22	10.8683896649833	3924	444	70	25.5145931143842	21.5003673692641	0.0423535980721839	127	9190000
20211127 065146	binary	custom	TRUE	TRUE	FALSE	-100	999983	-1	0	0	0	31	124	TRUE	0.0475212440475675	0.70413320278215	0.916478087909124	58	10.2659531716528	2258	247	209	29.0264225651314	16.6956632455479	0.0458129195581808	128	8860000
20211127 065306	binary	custom	TRUE	TRUE	FALSE	-100	999983	-1	0	0	0	31	377	TRUE	0.0458763496270457	0.752753626158667	0.900827121952106	31	4.83502237889887	6053	447	178	27.8940314860011	86.86155766602	0.0399144405681012	129	9966250
20211127 065426	binary	custom	TRUE	TRUE	FALSE	-100	999983	-1	0	0	0	31	249	TRUE	0.0466336597396426	0.318006632019719	0.826254942135907	68	1.31779325502296	3663	276	136	23.2070889276481	25.3087534387029	0.0468792638026507	130	8842500
20211127 065540	binary	custom	TRUE	TRUE	FALSE	-100	999983	-1	0	0	0	31	190	TRUE	0.0581824427235546	0.337417555820594	0.853530183355225	12	11.7187209292903	1190	526	210	76.8504489660962	45.1756749774189	0.0424249675688611	131	8868750
20211127 065631	binary	custom	TRUE	TRUE	FALSE	-100	999983	-1	0	0	0	31	147	TRUE	0.0537220364645301	0.607524002799929	0.785318692181431	42	8.34807133480343	2379	552	58	76.6921498232052	40.8413718316391	0.0405147839813264	132	9537500
20211127 065727	binary	custom	TRUE	TRUE	FALSE	-100	999983	-1	0	0	0	31	245	TRUE	0.07556248000486	0.77236908645924	0.874289465163181	43	7.54244760274523	6730	486	126	28.8765788374127	33.1464066112246	0.0476559318547253	133	8761250
20211127 065852	binary	custom	TRUE	TRUE	FALSE	-100	999983	-1	0	0	0	31	131	TRUE	0.0622711016973318	0.657685794699851	0.835393645175558	57	7.54396570830685	241	531	60	72.4044528380127	17.6829018695826	0.0365558760185897	134	9116250
20211127 070009	binary	custom	TRUE	TRUE	FALSE	-100	999983	-1	0	0	0	31	303	TRUE	0.0442644818013339	0.726857422223347	0.859248982144076	74	2.97756732681386	2925	514	190	61.263264402463	41.3904159149344	0.0436592400408066	135	9601250
20211127 070200	binary	custom	TRUE	TRUE	FALSE	-100	999983	-1	0	0	0	31	395	TRUE	0.0364287503846198	0.196147930708496	0.854517936608626	38	7.9818518844981	3073	303	177	10.3816668706292	14.7732000528504	0.0363333711171845	136	9932500
20211127 070310	binary	custom	TRUE	TRUE	FALSE	-100	999983	-1	0	0	0	31	264	TRUE	0.0329054453118544	0.719638194874599	0.849987296776391	68	9.42228459079291	3679	613	188	61.627470959726	14.8985301344211	0.036732200657439	137	9913750
20211127 082130	binary	custom	TRUE	TRUE	FALSE	-100	999983	-1	0	0	0	31	329	TRUE	0.0335723840014825	0.495766304547416	0.853420076779246	53	10.2749325697666	2349	498	191	8.08014246205757	12.7115518698431	0.0330251850359157	138	10517500
20211127 082342	binary	custom	TRUE	TRUE	FALSE	-100	999983	-1	0	0	0	31	320	TRUE	0.037114560134696	0.283897040365774	0.834566967642215	30	9.81816726013989	2892	774	189	22.0669391695021	22.955428933627	0.038743141181459	139	9365000
20211127 082440	binary	custom	TRUE	TRUE	FALSE	-100	999983	-1	0	0	0	31	116	TRUE	0.0680555065470618	0.396726727514095	0.842793855859511	53	5.31411415330534	3472	571	191	22.0425674262087	8.92788114880194	0.0410479561035613	140	9228750
20211127 082554	binary	custom	TRUE	TRUE	FALSE	-100	999983	-1	0	0	0	31	244	TRUE	0.0320364555026402	0.834579642808433	0.865035650618853	53	10.5716799309526	2570	310	187	3.4504719525307	20.8858560348319	0.0454602702804821	141	9065000
20211127 082742	binary	custom	TRUE	TRUE	FALSE	-100	999983	-1	0	0	0	31	288	TRUE	0.0388288852992706	0.459742223935748	0.882304054532696	25	9.93445161125186	3032	491	228	17.5287889610058	44.1325603605747	0.046375479120224	142	8992500
20211127 082923	binary	custom	TRUE	TRUE	FALSE	-100	999983	-1	0	0	0	31	232	TRUE	0.0360243567107184	0.512267193143546	0.852002789074645	36	10.0651667445663	1960	491	180	9.40037553693219	3.52701761714669	0.0370932463465115	143	9706250
20211127 083211	binary	custom	TRUE	TRUE	FALSE	-100	999983	-1	0	0	0	31	462	TRUE	0.0208701517164429	0.476726973772925	0.872464832244232	58	6.16760131754025	2395	588	193	3.38401947741566	13.6540771809373	0.0410941363661171	144	9565000
20211127 083415	binary	custom	TRUE	TRUE	FALSE	-100	999983	-1	0	0	0	31	310	TRUE	0.0280494035073056	0.406549555459596	0.855900396381839	67	10.7144735292413	2707	473	141	11.9776812033808	12.583953945684	0.0430630948332683	145	9178750
20211127 083527	binary	custom	TRUE	TRUE	FALSE	-100	999983	-1	0	0	0	31	243	TRUE	0.042122015625739	0.779349431679076	0.877503492796673	50	10.4933481356755	2422	509	206	30.87201349691	14.343058340845	0.0432226266493701	146	9481250
20211127 083655	binary	custom	TRUE	TRUE	FALSE	-100	999983	-1	0	0	0	31	222	TRUE	0.0339926000744376	0.394358944931812	0.867174637957251	60	5.36444320810606	2569	439	196	28.3045471576464	17.6935551635849	0.0394190522970482	147	9313750
20211127 083837	binary	custom	TRUE	TRUE	FALSE	-100	999983	-1	0	0	0	31	489	TRUE	0.0367684120135057	0.842455186001344	0.930775735241847	31	4.50713640563508	6401	386	174	23.1900954339963	91.0632262787806	0.0423410034551233	148	9643750
20211127 083939	binary	custom	TRUE	TRUE	FALSE	-100	999983	-1	0	0	0	31	265	TRUE	0.0408942150996814	0.765868041877459	0.771074073225156	37	3.46162076347805	4677	333	183	21.7693836698803	37.7644184231147	0.0455484325999068	149	8838750
20211127 084034	binary	custom	TRUE	TRUE	FALSE	-100	999983	-1	0	0	0	31	164	TRUE	0.0436921832528955	0.916368315758509	0.843230999864226	67	1.32715114612775	2820	833	180	39.9697029206887	65.2359953944706	0.0406491265633068	150	9047500
20211127 084249	binary	custom	TRUE	TRUE	FALSE	-100	999983	-1	0	0	0	31	350	TRUE	0.0300243415783019	0.496025147602531	0.878121014888877	53	6.99797200033313	1882	517	137	10.4286736557555	20.6066238561173	0.0388145106781362	151	9793750
20211127 084439	binary	custom	TRUE	TRUE	FALSE	-100	999983	-1	0	0	0	31	245	TRUE	0.0289246430730223	0.482666435764222	0.835096389946186	52	14.5465687286341	2739	822	186	25.4324640506421	11.7241806372229	0.0403636485765984	152	9482500
20211127 084544	binary	custom	TRUE	TRUE	FALSE	-100	999983	-1	0	0	0	31	143	TRUE	0.0565317773906246	0.276224560461969	0.842723526024576	51	10.5094528312175	559	387	228	8.11517456398065	14.7609085991733	0.0367867773313686	153	9647500
20211127 084631	binary	custom	TRUE	TRUE	FALSE	-100	999983	-1	0	0	0	31	110	TRUE	0.0462767632573014	0.628580389742004	0.865091249446417	36	11.2377438136971	2132	513	189	36.472200360331	92.03613439928	0.0444652955326893	154	8861250
20211127 084733	binary	custom	TRUE	TRUE	FALSE	-100	999983	-1	0	0	0	31	118	TRUE	0.0898515673966883	0.513082295067866	0.887903250559117	53	10.353915055844	2055	542	177	6.36786771811764	23.3094772733155	0.0327732926947023	155	9592500
20211127 084913	binary	custom	TRUE	TRUE	FALSE	-100	999983	-1	0	0	0	31	208	TRUE	0.0439621035006316	0.532019689030757	0.845829958509751	55	11.3915310204477	1276	361	234	35.6276471685152	64.0804893068551	0.0431470589470061	156	9603750
20211127 085042	binary	custom	TRUE	TRUE	FALSE	-100	999983	-1	0	0	0	31	274	TRUE	0.0430825823249696	0.770292553980475	0.848506893945038	14	7.92855375185733	1231	430	171	59.259181054555	28.1592813268836	0.0397213231065043	157	9623750
20211127 085250	binary	custom	TRUE	TRUE	FALSE	-100	999983	-1	0	0	0	31	424	TRUE	0.0248339128066681	0.765056283650089	0.852127556377393	30	7.26864689389017	1107	139	51	32.5104046031905	28.4048419087324	0.045162197676713	158	9253750
20211127 085351	binary	custom	TRUE	TRUE	FALSE	-100	999983	-1	0	0	0	31	145	TRUE	0.0486683639057263	0.604741157906662	0.843202793194842	48	10.7738235982305	1417	959	162	68.109712334539	26.71018110436	0.0448053501933274	159	9210000
20211127 085529	binary	custom	TRUE	TRUE	FALSE	-100	999983	-1	0	0	0	31	232	TRUE	0.0401707080807922	0.381786764043905	0.860992189968092	80	1.38748151269761	2820	309	179	29.7594655373299	31.6444419227482	0.0466945427524276	160	8597500
20211127 085642	binary	custom	TRUE	TRUE	FALSE	-100	999983	-1	0	0	0	31	153	TRUE	0.0520704335511043	0.440506407152357	0.849618869672513	53	9.40666236004358	1396	239	228	7.9322125539938	9.52372738825596	0.037529859737948	161	9676250
20211127 085721	binary	custom	TRUE	TRUE	FALSE	-100	999983	-1	0	0	0	31	82	TRUE	0.0789024137759103	0.86308338506314	0.851846191384836	67	3.16720764352911	1940	544	78	9.8019130748223	50.3944417635516	0.0398388728657372	162	9588750
20211127 085941	binary	custom	TRUE	TRUE	FALSE	-100	999983	-1	0	0	0	31	368	TRUE	0.0331885549453782	0.52274308201231	0.85246927726754	53	8.8745875052085	2471	530	243	10.140301855585	39.1801825164247	0.0351914591703506	163	10072500
20211127 090114	binary	custom	TRUE	TRUE	FALSE	-100	999983	-1	0	0	0	31	395	TRUE	0.0430045671933365	0.670943286275874	0.931968830049795	80	5.18020307383355	4998	514	172	15.364030047676	35.7565037118366	0.0447507735193978	164	9426250
20211127 090214	binary	custom	TRUE	TRUE	FALSE	-100	999983	-1	0	0	0	31	155	TRUE	0.0513054408000739	0.231329211134941	0.86186222705622	43	6.32936186194605	1362	277	213	39.3653412509259	21.3373050861176	0.0367070114233177	165	9271250
20211127 090339	binary	custom	TRUE	TRUE	FALSE	-100	999983	-1	0	0	0	31	239	TRUE	0.0286204977998571	0.227925951601236	0.85282769066832	80	4.00976524888433	851	305	181	60.0425432342604	43.6465341309714	0.0401936212462793	166	9032500
20211127 090522	binary	custom	TRUE	TRUE	FALSE	-100	999983	-1	0	0	0	31	227	TRUE	0.0319384513706804	0.753807118027328	0.928468009197055	28	4.7946241862253	647	465	125	37.8769731278959	88.6980690647406	0.0382687439388405	167	9656250
20211127 090715	binary	custom	TRUE	TRUE	FALSE	-100	999983	-1	0	0	0	31	220	TRUE	0.0364671289361069	0.567428124883753	0.835683471161159	53	12.1092607090794	1815	621	206	76.4884421749244	32.4843266355571	0.0432478158834914	168	9473750
20211127 090921	binary	custom	TRUE	TRUE	FALSE	-100	999983	-1	0	0	0	31	356	TRUE	0.0285528174916866	0.420071499143611	0.861313354201664	51	10.6527867611807	3641	631	188	7.2414881667986	26.489574801001	0.0407834691452873	169	9307500
20211127 091033	binary	custom	TRUE	TRUE	FALSE	-100	999983	-1	0	0	0	31	224	TRUE	0.04060126023717	0.82375413979863	0.850455103186178	20	9.52604934575436	1747	471	64	32.731045732786	73.4291890827742	0.0421478859935264	170	9351250
20211127 091140	binary	custom	TRUE	TRUE	FALSE	-100	999983	-1	0	0	0	31	105	TRUE	0.047263453647068	0.505190316428042	0.842545590218947	59	9.95003065597672	802	454	217	7.69055137523489	14.8056748980003	0.0432520140891783	171	8972500
20211127 091331	binary	custom	TRUE	TRUE	FALSE	-100	999983	-1	0	0	0	31	429	TRUE	0.0327875279490146	0.892370104635416	0.870950278415945	50	9.8611297719652	2726	429	224	7.46537666524417	15.9905623256704	0.0340033669609609	172	9876250
20211127 091430	binary	custom	TRUE	TRUE	FALSE	-100	999983	-1	0	0	0	31	207	TRUE	0.051635200206442	0.81096061209532	0.92767072838507	15	4.77605599049119	5491	429	175	14.9018335323351	60.1086124671434	0.0424585532143562	173	9508750
20211127 091539	binary	custom	TRUE	TRUE	FALSE	-100	999983	-1	0	0	0	31	230	TRUE	0.0407183271435688	0.195627526289823	0.838013552947971	67	1.05383427779203	2604	199	77	69.9128889900256	20.1414852714275	0.0378615179872123	174	9527500
20211127 091640	binary	custom	TRUE	TRUE	FALSE	-100	999983	-1	0	0	0	31	108	TRUE	0.0713122686563491	0.756242874110054	0.883495514931316	43	5.41756860293795	1097	600	133	16.1616779031875	61.700196479449	0.0400529813557685	175	9625000
20211127 091729	binary	custom	TRUE	TRUE	FALSE	-100	999983	-1	0	0	0	31	139	TRUE	0.0590616449637548	0.902432820150322	0.919386610574436	68	5.91845013133773	3833	444	132	21.9897327859284	61.0941155230923	0.0362871908546287	176	9646250
20211127 091854	binary	custom	TRUE	TRUE	FALSE	-100	999983	-1	0	0	0	31	175	TRUE	0.0347160262750637	0.801845571364484	0.869884691298113	29	8.61904479477437	561	386	10	32.306469883852	51.2536340078828	0.0451915851165212	177	9095000
20211127 092007	binary	custom	TRUE	TRUE	FALSE	-100	999983	-1	0	0	0	31	209	TRUE	0.0311676634806734	0.650428407972511	0.805033772831703	73	4.42291602948892	1138	555	157	66.6509195337836	63.9531152947105	0.0392931061264416	178	9401250
20211127 092132	binary	custom	TRUE	TRUE	FALSE	-100	999983	-1	0	0	0	31	382	TRUE	0.0296375906037135	0.100088071201375	0.798959251389126	64	0.595433220357255	2403	266	115	42.3622536817577	44.1919633650176	0.0419589667376163	179	8507500
20211127 092226	binary	custom	TRUE	TRUE	FALSE	-100	999983	-1	0	0	0	31	175	TRUE	0.0325017147619228	0.765526827781122	0.917136257646674	41	7.92945164944228	4057	500	187	3.73446584074038	76.0940477113376	0.0394232505027351	180	9012500
20211127 092408	binary	custom	TRUE	TRUE	FALSE	-100	999983	-1	0	0	0	31	248	TRUE	0.0372969627351877	0.509572391294391	0.859337646222061	89	12.0936289032103	2537	498	201	7.39060390310968	7.29448159079731	0.0405231803927002	181	9585000
20211127 092451	binary	custom	TRUE	TRUE	FALSE	-100	999983	-1	0	0	0	31	113	TRUE	0.0744584580042786	0.873134549798592	0.859254329945915	32	7.1138663705291	2607	452	114	43.7427885906109	7.91751938159632	0.0333988253420488	182	10106250
20211127 092542	binary	custom	TRUE	TRUE	FALSE	-100	999983	-1	0	0	0	31	176	TRUE	0.0611948887076893	0.714793247915662	0.842510568509982	60	2.63843605903174	4240	603	81	25.3771662225785	11.8890911510928	0.0405945498893773	183	9713750
20211127 092657	binary	custom	TRUE	TRUE	FALSE	-100	999983	-1	0	0	0	31	211	TRUE	0.0428211467201974	0.273314892711491	0.873720063545481	53	8.59574844710387	2499	253	217	18.5456518471352	6.64794696686911	0.0363459657342452	184	9678750
20211127 092845	binary	custom	TRUE	TRUE	FALSE	-100	999983	-1	0	0	0	31	329	TRUE	0.0258822569760845	0.257399307469293	0.815146690876245	66	5.94607792053874	3359	194	207	52.8284857573938	3.23850835666241	0.0374710848583315	185	9193750
20211127 093023	binary	custom	TRUE	TRUE	FALSE	-100	999983	-1	0	0	0	31	352	TRUE	0.0411931128198029	0.871062124989853	0.945923933372111	39	2.45743723385101	2636	444	146	68.697116087889	72.7408749360675	0.0437599969772919	186	9271250
20211127 093112	binary	custom	TRUE	TRUE	FALSE	-100	999983	-1	0	0	0	31	162	TRUE	0.0650171140515011	0.86716817305965	0.866422996933378	33	11.0453887733104	3668	435	172	58.9777078856896	14.231830789626	0.0380294462146878	187	9327500
20211127 093212	binary	custom	TRUE	TRUE	FALSE	-100	999983	-1	0	0	0	31	127	TRUE	0.0645148808931233	0.591741739182497	0.859355605807407	68	3.45627433289175	2672	534	164	16.3801946076826	80.1656341451118	0.0385668165426097	188	9667500
20211127 093321	binary	custom	TRUE	TRUE	FALSE	-100	999983	-1	0	0	0	31	228	TRUE	0.0816008064857752	0.875593131619731	0.916595656055885	35	5.04824569197852	2774	493	69	79.3896659526927	48.9682546658499	0.0380672300658698	189	9716250
20211127 093412	binary	custom	TRUE	TRUE	FALSE	-100	999983	-1	0	0	0	31	224	TRUE	0.041919672478839	0.731460049346587	0.738437365581739	51	6.39351593454046	6174	613	94	41.6407722365297	23.3209529312526	0.0400655759728292	190	9221250
20211127 093502	binary	custom	TRUE	TRUE	FALSE	-100	999983	-1	0	0	0	31	155	TRUE	0.0528996919718491	0.742908117421348	0.783223632225074	47	1.70776839145252	2274	548	115	65.2806042619747	60.5569666382807	0.0359639290167382	191	10092500
20211127 093602	binary	custom	TRUE	TRUE	FALSE	-100	999983	-1	0	0	0	31	187	TRUE	0.03724747831475	0.190001438328463	0.891872559403195	51	7.97771001712941	3585	379	226	38.337324849799	6.86606643216829	0.0364845065219125	192	9137500
20211127 093812	binary	custom	TRUE	TRUE	FALSE	-100	999983	-1	0	0	0	31	343	TRUE	0.0367721279307624	0.500421388591103	0.904462328992024	55	8.51899233644525	3264	509	191	8.21425727514259	13.1237738923084	0.0438187718569084	193	9253750
20211127 094045	binary	custom	TRUE	TRUE	FALSE	-100	999983	-1	0	0	0	31	693	TRUE	0.0355157485916955	0.801357024261771	0.86444825714956	32	5.15211639478481	4157	436	119	26.1000430336347	47.8693916620196	0.0417532546589588	194	9918750
20211127 094137	binary	custom	TRUE	TRUE	FALSE	-100	999983	-1	0	0	0	31	130	TRUE	0.0453083745778451	0.729332539508195	0.854816254854442	52	5.54475522810095	1847	503	197	8.01366090261846	46.8464219221722	0.0417868403044539	195	9358750
20211127 094241	binary	custom	TRUE	TRUE	FALSE	-100	999983	-1	0	0	0	31	261	TRUE	0.0450474252359993	0.770968177352984	0.78450508651243	55	7.11140250167014	3567	576	189	69.3672252584434	38.4494310913862	0.0420387326456672	196	9283750
20211127 094336	binary	custom	TRUE	TRUE	FALSE	-100	999983	-1	0	0	0	31	199	TRUE	0.0634296253127118	0.713794995870001	0.781163711006274	41	10.0275482412776	2938	524	94	59.2273879244706	19.9080800358603	0.038478654223185	197	9793750
20211127 094440	binary	custom	TRUE	TRUE	FALSE	-100	999983	-1	0	0	0	31	210	TRUE	0.0466408151376	0.744255525301645	0.853172897262048	67	4.35146377073041	2189	633	112	57.8713486275097	42.5899388328021	0.0414467856438158	198	9510000
20211127 094519	binary	custom	TRUE	TRUE	FALSE	-100	999983	-1	0	0	0	31	82	TRUE	0.0788426927935962	0.867518973948927	0.877021841917946	28	9.33418612334425	2050	556	107	75.419458285812	13.1547002247867	0.0450782335629752	199	9128750
20211127 094602	binary	custom	TRUE	TRUE	FALSE	-100	999983	-1	0	0	0	31	100	TRUE	0.0699555839191317	0.843541005067229	0.884051724506228	36	4.43866982045504	2139	464	107	29.1638031417143	8.14687186218488	0.0483318429703145	200	8760000
20211127 094821	binary	custom	TRUE	TRUE	FALSE	-100	999983	-1	0	0	0	31	416	TRUE	0.0436914236349775	0.472892743280859	0.864212350216522	37	7.48269902973138	5288	418	216	60.9472919831907	18.6227050919042	0.0426306796475186	201	9757500
20211127 095011	binary	custom	TRUE	TRUE	FALSE	-100	999983	-1	0	0	0	31	236	TRUE	0.0332976420522145	0.557090526024978	0.82758646813743	57	11.389773860657	1383	528	168	15.3574795372434	25.5046586033822	0.0432142302379963	202	9283750
20211127 095056	binary	custom	TRUE	TRUE	FALSE	-100	999983	-1	0	0	0	31	85	TRUE	0.0852416403563803	0.836957277223617	0.871706508850261	31	5.58696391059907	6199	582	132	94.8072029131282	50.6692556283691	0.039162961750148	203	8790000
20211127 095139	binary	custom	TRUE	TRUE	FALSE	-100	999983	-1	0	0	0	31	136	TRUE	0.0690865215169349	0.816922047136833	0.863417639990545	31	6.07771383837145	4197	439	138	54.6061961664421	66.8587845686103	0.0406155409178117	204	9157500
20211127 095251	binary	custom	TRUE	TRUE	FALSE	-100	999983	-1	0	0	0	31	285	TRUE	0.0338077233585005	0.797341360477651	0.858345442485617	25	3.74694229266269	5101	522	121	29.3196654467628	13.9707423433399	0.0415769300201094	205	9421250
20211127 095451	binary	custom	TRUE	TRUE	FALSE	-100	999983	-1	0	0	0	31	583	TRUE	0.0350186376430437	0.903145424847062	0.856930483374201	46	5.21516894671745	5134	454	151	8.20312004805467	75.6288169740459	0.0324206434170036	206	9997500
20211127 095630	binary	custom	TRUE	TRUE	FALSE	-100	999983	-1	0	0	0	31	242	TRUE	0.0434548899894806	0.466118283477356	0.835100273128675	51	9.49465433365583	2365	504	229	8.70360980640715	8.17835430131744	0.0452713510245721	207	9171250
20211127 095726	binary	custom	TRUE	TRUE	FALSE	-100	999983	-1	0	0	0	31	162	TRUE	0.0516477170621637	0.851399092889834	0.787403629669633	54	0.507418710184207	2364	507	137	61.4059889211679	49.1361780146559	0.0420807147025361	208	9271250
20211127 095844	binary	custom	TRUE	TRUE	FALSE	-100	999983	-1	0	0	0	31	296	TRUE	0.0286935409235569	0.846470557395853	0.850932118420697	65	0.497553603446093	3424	465	115	39.871765113585	8.70329197532606	0.0444904847668107	209	9053750
20211127 100012	binary	custom	TRUE	TRUE	FALSE	-100	999983	-1	0	0	0	31	196	TRUE	0.0445967199187865	0.498729650893259	0.855705985749337	51	6.65209862961122	2562	344	167	20.2705820643024	19.32689251451	0.0439908982900708	210	9602500
20211127 100119	binary	custom	TRUE	TRUE	FALSE	-100	999983	-1	0	0	0	31	117	TRUE	0.0759401357837456	0.551965076417303	0.841251886574292	54	12.6532435893301	1082	562	232	94.0944824060137	70.7167174908857	0.0401831257320621	211	9836250
20211127 100313	binary	custom	TRUE	TRUE	FALSE	-100	999983	-1	0	0	0	31	244	TRUE	0.0302777634228137	0.494311668127066	0.848900255075236	39	6.19263549622282	2346	400	197	0.863657185301295	29.5447153630829	0.0450614407402276	212	8833750
20211127 100354	binary	custom	TRUE	TRUE	FALSE	-100	999983	-1	0	0	0	31	97	TRUE	0.0777411858794642	0.899200199343806	0.835070074262105	43	13.3319330653535	2869	444	68	56.5265270184568	3.92047377485324	0.042429165774548	213	9217500
20211127 100440	binary	custom	TRUE	TRUE	FALSE	-100	999983	-1	0	0	0	31	85	TRUE	0.0544642213162244	0.611007842822266	0.847442081228476	48	7.84425878429354	1251	537	50	83.2904507448572	47.3500189048425	0.0439908982900708	214	9002500
20211127 100553	binary	custom	TRUE	TRUE	FALSE	-100	999983	-1	0	0	0	31	167	TRUE	0.0279809855510719	0.654443732676844	0.837297636074794	39	11.0098988627557	841	524	161	79.2862390565566	60.2299735501805	0.0371184355806328	215	9498750
20211127 100711	binary	custom	TRUE	TRUE	FALSE	-100	999983	-1	0	0	0	31	315	TRUE	0.041536203597335	0.876415954626898	0.906873568112354	29	4.30933616996739	4680	422	119	41.5988542453924	62.8525660350353	0.0405777570666297	216	9568750
20211127 100852	binary	custom	TRUE	TRUE	FALSE	-100	999983	-1	0	0	0	31	274	TRUE	0.0633348620433918	0.498276292478012	0.858069737000209	53	1.69077277848806	4475	502	181	69.0308902742843	52.5203189038928	0.0479875901039896	217	8812500
20211127 101033	binary	custom	TRUE	TRUE	FALSE	-100	999983	-1	0	0	0	31	287	TRUE	0.0369728552870413	0.284337914909908	0.852557702143133	48	10.2283602258501	1065	489	110	21.9875960403355	13.6796332412937	0.0375214633265742	218	9878750
20211127 101132	binary	custom	TRUE	TRUE	FALSE	-100	999983	-1	0	0	0	31	146	TRUE	0.093273170233454	0.913644444795024	0.834086953105761	48	10.9612215662759	1020	612	194	86.5369880117921	46.5131464546458	0.0342846467419825	219	9542500
20211127 101251	binary	custom	TRUE	TRUE	FALSE	-100	999983	-1	0	0	0	31	150	TRUE	0.0599851420984689	0.538741914053191	0.855595100076708	35	8.337663288751	3944	537	150	41.0050172437388	14.2881532600418	0.0431302661242585	220	9208750
20211127 101400	binary	custom	TRUE	TRUE	FALSE	-100	999983	-1	0	0	0	31	126	TRUE	0.047380588132754	0.48746850473922	0.862766787158836	55	11.0480169358679	1910	536	197	13.7385788431016	11.0229266590519	0.0385248344857408	221	9580000
20211127 101509	binary	custom	TRUE	TRUE	FALSE	-100	999983	-1	0	0	0	31	262	TRUE	0.0407702666383075	0.893821705180858	0.860511460704604	72	7.85457070776072	4141	491	148	20.712603404892	53.6844915787066	0.0385206362800539	222	9681250
20211127 101631	binary	custom	TRUE	TRUE	FALSE	-100	999983	-1	0	0	0	31	349	TRUE	0.033067413529282	0.787683892670184	0.895850323166301	65	4.64574860438246	6106	468	199	23.6544694557464	73.7638651011844	0.0431722481811274	223	9546250
20211127 101805	binary	custom	TRUE	TRUE	FALSE	-100	999983	-1	0	0	0	31	383	TRUE	0.0274892542780549	0.919170307759927	0.890681478390918	45	6.30845696196772	4579	426	221	12.7831469363489	70.1552856759845	0.0365180921674077	224	9577500
20211127 101905	binary	custom	TRUE	TRUE	FALSE	-100	999983	-1	0	0	0	31	195	TRUE	0.0382937394624999	0.879678530318396	0.847647504063719	50	9.26083649253007	3117	493	162	36.0506203193066	10.9516631288872	0.0385038434573063	225	9386250
20211127 101948	binary	custom	TRUE	TRUE	FALSE	-100	999983	-1	0	0	0	31	83	TRUE	0.0767590390837167	0.90073797143664	0.858218439497343	32	6.39621838024676	1599	473	186	15.0790134817007	11.3889401734933	0.0355315138309886	226	9471250
20211127 102100	binary	custom	TRUE	TRUE	FALSE	-100	999983	-1	0	0	0	31	214	TRUE	0.0390852582042448	0.232462537807123	0.842935309195613	51	9.5849249780334	1775	165	123	12.2443275977552	18.725740161134	0.0374584902412709	227	9447500
20211127 102154	binary	custom	TRUE	TRUE	FALSE	-100	999983	-1	0	0	0	31	199	TRUE	0.0410022051337132	0.718461454199023	0.78620247668428	47	2.9358842916206	4948	623	61	42.1753312816174	81.613031152879	0.0470303992073788	228	8497500
20211127 102327	binary	custom	TRUE	TRUE	FALSE	-100	999983	-1	0	0	0	31	265	TRUE	0.0309538968734049	0.898353763918777	0.868764864961427	44	5.17651471932835	1781	488	210	16.4829564014362	64.6497549369527	0.0442092049857891	229	9137500
20211127 102420	binary	custom	TRUE	TRUE	FALSE	-100	999983	-1	0	0	0	31	92	TRUE	0.0750249167379185	0.590239843151061	0.725689405331119	41	3.98034300209369	1204	486	132	80.1721234151266	47.2985288272757	0.0408002619680349	230	9402500
20211127 102557	binary	custom	TRUE	TRUE	FALSE	-100	999983	-1	0	0	0	31	438	TRUE	0.0333337613530214	0.925807883442642	0.858604554013839	38	4.04182267745605	4688	405	130	60.1311910928698	2.75235921447096	0.0428237971091156	231	9750000
20211127 102712	binary	custom	TRUE	TRUE	FALSE	-100	999983	-1	0	0	0	31	196	TRUE	0.0408666747574021	0.689635178149193	0.779629853238204	47	9.10907606813862	741	544	112	96.5255043621868	35.2645785990136	0.0313878848180288	232	9655000
20211127 102843	binary	custom	TRUE	TRUE	FALSE	-100	999983	-1	0	0	0	31	170	TRUE	0.0370138702207917	0.45854228906135	0.852856990830404	57	10.1873867602868	652	549	191	61.1674758370332	41.5627894685571	0.0402544952287392	233	9615000
20211127 102930	binary	custom	TRUE	TRUE	FALSE	-100	999983	-1	0	0	0	31	109	TRUE	0.0753410516871632	0.769243009291305	0.83956789138013	36	6.68552712782304	1546	585	95	12.9691453490662	19.9762362926626	0.0354391533058771	234	9648750
20211127 103013	binary	custom	TRUE	TRUE	FALSE	-100	999983	-1	0	0	0	31	106	TRUE	0.080782826165102	0.766387521333171	0.860221757111216	51	7.73511218722724	2391	568	65	12.6528045349513	18.0250561240039	0.0356574600015953	235	9733750
20211127 103155	binary	custom	TRUE	TRUE	FALSE	-100	999983	-1	0	0	0	31	482	TRUE	0.0260308526001715	0.80959022908049	0.857082466512967	45	6.94982429550345	6098	443	223	65.2798566084134	41.5291185155065	0.0443813314189515	236	9086250
20211127 103326	binary	custom	TRUE	TRUE	FALSE	-100	999983	-1	0	0	0	31	437	TRUE	0.0439513944453227	0.860837779061138	0.90070673906766	46	1.1433143864201	7693	427	171	29.3216225517474	41.8060192679759	0.0378447251644647	237	9782500
20211127 103515	binary	custom	TRUE	TRUE	FALSE	-100	999983	-1	0	0	0	31	270	TRUE	0.0310956039982048	0.359939361376949	0.83639469561125	87	6.5112876751944	2382	319	147	88.7539407960485	37.6132393168764	0.0492680428384908	238	8731250
20211127 103742	binary	custom	TRUE	TRUE	FALSE	-100	999983	-1	0	0	0	31	440	TRUE	0.0350088010842924	0.591503147557253	0.855502434908526	70	5.96919227269807	3769	520	166	11.3181401222463	19.465731617331	0.0328488603970663	239	9820000
20211127 103926	binary	custom	TRUE	TRUE	FALSE	-100	999983	-1	0	0	0	31	408	TRUE	0.0417175169367623	0.187667735321361	0.850156586245193	49	9.9501282997883	2368	401	163	7.48963437699311	11.7685179204995	0.0337010961515049	240	9516250
