Feature	Gain	Cover	Frequency
ctrx_quarter	0.11102723255859	0.0127504530614717	0.00353077958634194
mcaja_ahorro	0.0384754002752939	0.00497316242121346	0.00600905641904296
mtarjeta_visa_consumo	0.0257151435523555	0.00684339925416349	0.00280259454167177
mdescubierto_preacordado_delta1	0.0243724716329422	0.000349779811562366	0.000146860849345245
mcuentas_saldo	0.0235892891943072	0.0101596706167937	0.00529922898054094
ctarjeta_visa_transacciones	0.017308021498789	0.00628961795426928	0.00402643495288215
cpayroll_trx	0.016868791361761	0.00939141570409695	0.000605801003549137
mdescubierto_preacordado_lag1	0.0133721736693335	0.000398163212888567	0.000220291274017868
mpayroll	0.00841991032503493	0.0099845001491521	0.00112593317831355
mprestamos_personales	0.00806426048713555	0.00569452643878071	0.00159099253457349
Visa_status_tend	0.00675797890281436	0.00110076491510354	0.000422224941867581
mpasivos_margen	0.00643242542507204	0.00268450311958935	0.00367152123363113
ccomisiones_mantenimiento_tend	0.00635764500914948	0.00500692527695072	0.00165830375719006
foto_mes	0.00584494790727705	0.00524065726122441	0.00383062048708848
mcuentas_saldo_tend	0.0052576127921988	0.0017598867104838	0.00284542895606413
cproductos_tend	0.00525458487360886	0.00379659876232151	0.00171949577775058
cproductos_delta1	0.00510459342523365	0.00387694211662736	0.00087504589401542
mpasivos_margen_avg3	0.00503331971700257	0.00201969412659943	0.00302900501774569
mprestamos_personales_tend	0.005001285688409	0.00308371319789778	0.00116876759270591
mdescubierto_preacordado_tend	0.0043326934906067	0.00470347311607515	0.0011442907844817
mprestamos_personales_avg3	0.00410016947291381	0.0014167142006225	0.000856688287847265
cpayroll_trx_avg3	0.00357302830018813	0.00231726109156216	0.000893403500183576
ctarjeta_debito_transacciones	0.00344824367225578	0.00173448624656725	0.000997429935136458
mcuenta_corriente_avg3	0.00312251030118224	0.00151337043654962	0.00281483294578387
mcomisiones_mantenimiento_tend	0.003087024339761	0.00291280798386873	0.00214783992167421
Visa_status_avg3	0.0030557910770792	0.000621079033770394	0.000183576061681557
ctarjeta_visa_tend	0.00281086722495961	0.00128624411523739	0.000220291274017868
mactivos_margen	0.00272521145998519	0.00266405396280226	0.00208664790111369
mprestamos_personales_delta1	0.00268873484505828	0.00496218402260046	0.000997429935136458
ctrx_quarter_tend	0.00267889705587625	0.0023688178639401	0.00270468730877494
mactivos_margen_avg3	0.00266891545806	0.00295147799716248	0.00205605189083344
mcuenta_corriente_tend	0.00248414925340531	0.00228815225631025	0.00236813119569208
ctrx_quarter_avg3	0.00245497317349205	0.00251885257231003	0.00253946885326153
ctrx_quarter_delta1	0.00241387450120149	0.00314594337052883	0.00296781299718517
mcuentas_saldo_delta1	0.0023189092031148	0.00292313618844334	0.00308407783625015
mcuentas_saldo_avg3	0.00230304394219587	0.00200967053479892	0.00301064741157753
mautoservicio	0.00227921049899192	0.00567374471424973	0.00175009178803084
mrentabilidad_annual_tend	0.00224207396649492	0.0026672482518831	0.00268632970260678
mcaja_ahorro_avg3	0.00223247478157574	0.00242377540658943	0.00387345490148085
mrentabilidad_avg3	0.00223172262729673	0.0018436534882262	0.00177456859625505
mpayroll_avg3	0.00218427237988727	0.00317880048524537	0.00181128380859136
numero_de_cliente	0.00210071213366358	0.00588451949896524	0.0033961571411088
mcaja_ahorro_dolares_delta1	0.00209613204279186	0.00529137827640252	0.00158487333251744
cliente_edad_avg3	0.00209419697325313	0.00302124936027799	0.00282707134989597
cprestamos_personales_avg3	0.00207900423231239	0.00112219818322317	0.000489536164484151
mcuenta_corriente	0.00207298852295914	0.0017439086137247	0.00234977358952393
mcomisiones_mantenimiento	0.00204840079309641	0.00347172181621369	0.00127891322971485
mes	0.00200718923297467	0.00102041086079202	0.00116876759270591
mrentabilidad_annual	0.00200064786053216	0.00164576189592632	0.00201933667849712
mrentabilidad_annual_lag1	0.00194934486832355	0.00162376403381367	0.00280259454167177
Visa_cconsumos_tend	0.00189845531618753	0.00198288186564192	0.00206829029494554
cliente_antiguedad_avg3	0.00186530494706637	0.00270996440966427	0.00215395912373027
mrentabilidad_annual_delta1	0.00182897732290337	0.00145377246531403	0.00254558805531759
ctarjeta_visa_transacciones_tend	0.00182180657478451	0.00199283287091745	0.00154203891812508
mrentabilidad_annual_avg3	0.0018072052410686	0.00177940573794895	0.00236813119569208
mcuenta_corriente_delta1	0.00176049713253986	0.00266906850600127	0.00172561497980663
mv_msaldopesos	0.0017354820458805	0.00150625088412653	0.0016154693427977
chomebanking_transacciones_tend	0.00172996738587304	0.00142691419792193	0.00223350875045894
Visa_mpagospesos_tend	0.00172407259340926	0.00299613326588158	0.00239872720597234
cprestamos_personales_tend	0.00168451568116656	0.00638225985653666	0.000771019459062538
chomebanking_transacciones_avg3	0.0016789740572921	0.0011214563161632	0.00188471423326398
mactivos_margen_tend	0.00166596957373832	0.0024171667553381	0.00211724391139395
cliente_edad_lag1	0.00166202154975807	0.00277805163044548	0.00233753518541182
cliente_edad	0.00163978284996974	0.00284546320852617	0.00247827683270102
Master_fechaalta_avg3	0.00157469392660366	0.00112592188159369	0.0020988863052258
mpagomiscuentas	0.00156216521658978	0.00632591083116765	0.00100354913719251
canarito129	0.00152764023669385	0.00142769105689234	0.00242320401419655
Visa_fechaalta_tend	0.00152002710880748	0.00252943410674868	0.00150532370578877
chomebanking_transacciones_delta1	0.00150126051457089	0.00262342363135212	0.00186635662709583
mactivos_margen_lag1	0.00149893509676207	0.00117813723450096	0.00168889976747032
Visa_fechaalta_avg3	0.00149814452659144	0.00128192092735986	0.00169501896952637
mcomisiones_tend	0.0014920844467196	0.000756211236942445	0.00155427732223718
mrentabilidad_delta1	0.00149080441688773	0.000865986547392227	0.00220291274017868
mv_mpagominimo	0.00148730685024815	0.003293126093603	0.00134622445233142
mtransferencias_recibidas	0.00148559729451285	0.00154932631146753	0.00132786684616326
canarito57	0.00148342946131893	0.00162144791636956	0.00269856810671888
Visa_fechaalta_lag1	0.00147938888195052	0.00141156084653909	0.00180516460653531
canarito28	0.0014763355817539	0.00116998180585302	0.00246603842858891
cproductos	0.00147201042069321	0.00283999637319548	0.00111369477420144
canarito147	0.00145591172560445	0.00108897890705337	0.00228246236690736
canarito150	0.00145086161065245	0.00108707083577153	0.00249051523681312
Master_fechaalta_lag1	0.0014453828842777	0.00120321833698693	0.00227022396279525
canarito54	0.0014434783888038	0.00141100589219082	0.00245991922653286
canarito156	0.00144249060067555	0.00151694385285848	0.00228246236690736
canarito141	0.00143936422232657	0.00122117391047006	0.0022763431648513
canarito123	0.00143695772819072	0.00110689746430066	0.00251499204503733
canarito132	0.0014283865812874	0.00215243184201555	0.00222738954840289
mcuenta_corriente_lag1	0.0014258570712286	0.00114367434776194	0.00197038306204871
Visa_Fvencimiento	0.00142311866899463	0.00108977359936657	0.00192142944560029
Master_status_avg3	0.00141521361996941	0.000541111914799141	0.000177456859625505
canarito22	0.00141097059358257	0.00115024588638099	0.00244768082242076
canarito169	0.00140713479677145	0.00100180692480299	0.00224574715457104
ctrx_quarter_lag1	0.00140619543354698	0.00138616481685913	0.00272304491494309
canarito8	0.00140242998703168	0.00138917277160696	0.00239260800391629
canarito226	0.00140213199458603	0.00114210886945452	0.00242320401419655
canarito113	0.00139990556411035	0.00131487742681377	0.00238648880186024
ctarjeta_master_tend	0.00139796091260348	0.000417273423019871	0.000110145637008934
ctransferencias_recibidas_tend	0.00139725751147338	0.00312671353240618	0.00184799902092767
canarito230	0.00139719384565275	0.000963143370071219	0.00221515114429078
canarito133	0.00139497135041336	0.00239236857642554	0.00238648880186024
canarito137	0.00139442048282533	0.00148701593699216	0.00235589279157998
Master_Fvencimiento	0.00139010301113528	0.000952339931010427	0.00202545588055318
canarito68	0.00138909551739255	0.000864828536868396	0.00236201199363603
canarito134	0.00138620508180721	0.0014527396737755	0.00228858156896341
mrentabilidad_tend	0.00138369187854971	0.00167126743197063	0.00192142944560029
canarito235	0.00138262374962792	0.00119423486285496	0.00230081997307551
canarito114	0.00138115450160007	0.00138847784961692	0.00224574715457104
canarito84	0.00138016112189835	0.00112574566888766	0.00220903194223473
canarito210	0.00137493913908951	0.00126633795963907	0.00231917757924367
mcaja_ahorro_lag1	0.00137436552290656	0.00179637479018836	0.0027475217231673
canarito34	0.00137397066346249	0.00126548012765276	0.00232529678129972
canarito160	0.00137177627655064	0.00121590603740702	0.00227022396279525
canarito155	0.00137148938438209	0.00271657884470245	0.00224574715457104
canarito185	0.00136967201365753	0.0010656820064142	0.00218455513401053
canarito142	0.00136131583521946	0.00193754700196794	0.00221515114429078
canarito112	0.00136097590486834	0.00109688428331649	0.00223350875045894
Master_Fvencimiento_lag1	0.0013599409051294	0.00116759782530987	0.00192142944560029
ccaja_ahorro	0.00135915426065292	0.00242613220333438	0.00115652918859381
canarito13	0.00135779145259508	0.00114396797134103	0.00228246236690736
canarito207	0.00135242198562544	0.00101093200531634	0.00221515114429078
canarito182	0.00135221117732862	0.000903961156713706	0.0022518663566271
mv_msaldototal	0.00135163355240147	0.000719097640690046	0.00141353567494799
canarito118	0.00135081597219252	0.00174158758006177	0.00219067433606658
canarito103	0.00134822500954164	0.00143376518984228	0.00235589279157998
canarito44	0.00134077111125303	0.000993625276321333	0.00221515114429078
canarito99	0.00133846549533886	0.00145682399125613	0.00222738954840289
canarito236	0.00133615999260521	0.00120987133060411	0.00223962795251499
canarito173	0.00133004276464209	0.00110888168877603	0.00231305837718762
canarito154	0.00132835261079984	0.000968187699772504	0.00221515114429078
canarito46	0.00132505762863907	0.000928565964352573	0.00217843593195447
canarito231	0.00132396429015373	0.00091591171349976	0.00223350875045894
canarito232	0.00132125051222974	0.00110197382295165	0.00214172071961816
canarito93	0.00131872459345711	0.00114981509065711	0.00216007832578632
canarito159	0.00131673525827309	0.00167196235396067	0.00212948231550606
mvr_mpagospesos	0.00131604499764282	0.000345818688741651	0.000911761106351732
canarito119	0.00131397114954927	0.000930703459179462	0.00224574715457104
canarito202	0.00131377313280563	0.00113535774425378	0.00234365438746787
canarito184	0.00131347913289958	0.00114782864906345	0.00220291274017868
canarito183	0.00131128772404339	0.00121974705025415	0.00220903194223473
canarito127	0.00130982373457808	0.0010547728204505	0.00229470077101946
canarito153	0.00130844610840341	0.00141734810366126	0.0022518663566271
canarito198	0.00130803552087042	0.00134888146646268	0.00217843593195447
mcuentas_saldo_lag1	0.00130762463192037	0.00107071669647073	0.00244768082242076
canarito172	0.0013066861811247	0.00105801299424035	0.00217843593195447
canarito189	0.00130551838453049	0.000955552439019849	0.00212948231550606
canarito37	0.00130211186158594	0.00105366821355858	0.00227022396279525
canarito116	0.00130170490286082	0.000850078048868225	0.00214172071961816
canarito143	0.00130157899739948	0.000915808762093829	0.00227022396279525
canarito194	0.0013009373870035	0.00127907964206976	0.00221515114429078
canarito39	0.00129968550339559	0.00103471908189105	0.00210500550728185
canarito67	0.00129907193073263	0.00100417933777244	0.00217843593195447
canarito12	0.00129898817307968	0.000896622591561895	0.00213560151756211
canarito190	0.00129588881783481	0.000933097850538942	0.00217843593195447
canarito168	0.00129464986426745	0.00125850054287144	0.00216619752784237
canarito7	0.00129334851263094	0.00105826333581451	0.00217231672989842
canarito78	0.00129291729061649	0.0010916818634413	0.00219067433606658
canarito191	0.0012910813184785	0.00117790405149445	0.00217231672989842
canarito111	0.00129048913977641	0.00114487805020189	0.00220903194223473
ccomisiones_otras_tend	0.00128967505349546	0.001357851445092	0.00164606535307796
canarito109	0.0012883399850374	0.00120975488369553	0.00214172071961816
mcaja_ahorro_dolares_tend	0.00128753578141567	0.00181489399370004	0.00116876759270591
canarito31	0.0012875111762281	0.000945578009407568	0.00214172071961816
canarito228	0.00128545484785221	0.000913819139417407	0.00211724391139395
mcaja_ahorro_tend	0.00128176675689659	0.00185851271141915	0.00198874066821686
canarito1	0.0012799177206477	0.000966710424214549	0.0020988863052258
canarito29	0.00127985434700037	0.000820990517231214	0.00211724391139395
canarito23	0.00127740316534579	0.00086275842315831	0.00208052869905764
canarito140	0.00127656425660908	0.0012189175588234	0.00224574715457104
mv_Fvencimiento	0.00127636274901351	0.000855268515583921	0.00165218455513401
canarito26	0.00127508837241375	0.000844855289342615	0.00214783992167421
canarito186	0.00127148645236816	0.00127312889657263	0.00218455513401053
canarito98	0.00127096124526132	0.000899295472258205	0.00210500550728185
canarito122	0.00127002930521312	0.000883560872925495	0.00203769428466528
canarito131	0.00126441510902588	0.00136680320479275	0.00216619752784237
canarito62	0.00126240621271735	0.000699785094415437	0.00195814465793661
canarito76	0.00126124877476173	0.00104380801373659	0.00217231672989842
Visa_Fvencimiento_avg3	0.00126013141631821	0.00103847757937912	0.00173785338391874
canarito196	0.00125639300000164	0.00107032850797665	0.00208052869905764
canarito108	0.00125633982512752	0.000785276115414293	0.00208052869905764
canarito64	0.00125618313410806	0.000868383155869999	0.00203769428466528
canarito145	0.00125565298331072	0.000983015304930676	0.00204993268877738
canarito233	0.00125500196920068	0.00150427899839644	0.00196426385999266
canarito49	0.00125414578412684	0.00133474772293362	0.00216007832578632
cliente_antiguedad	0.00125231497817134	0.00157601096885768	0.00202545588055318
canarito95	0.00125099874033728	0.00103490001802301	0.00210500550728185
canarito105	0.00125058556838623	0.000840399459953324	0.00213560151756211
canarito2	0.00124909746918135	0.00179537525542422	0.0020988863052258
canarito222	0.00124827275583892	0.00140147286191165	0.00216007832578632
canarito42	0.00124799915792399	0.00121306841518193	0.00217231672989842
canarito203	0.00124781821473014	0.000825909531550748	0.0020988863052258
ccomisiones_otras_avg3	0.00124529730770692	0.00165339427745011	0.00210500550728185
canarito88	0.00124506245516156	0.00139191717846731	0.00205605189083344
canarito180	0.00124089845486209	0.00106651419694547	0.00214783992167421
canarito178	0.00123892300392101	0.000771963669617943	0.00203769428466528
canarito33	0.00123679534591835	0.000901779319520966	0.00203769428466528
canarito175	0.00123597002362936	0.000948468553282336	0.00212336311345001
canarito71	0.00123538067629374	0.000907287508927627	0.00201933667849712
canarito146	0.00123395957431181	0.00111193061201404	0.00204993268877738
canarito94	0.00123371919883506	0.00128649378203642	0.00217843593195447
canarito205	0.00122910475524595	0.000927238874459825	0.00204993268877738
canarito195	0.00122700616472168	0.00104460868262953	0.00200709827438502
canarito151	0.00122637819095911	0.000943902831942893	0.00220291274017868
mvr_msaldopesos2	0.00122609204645497	0.00115741489018164	0.00168278056541427
thomebanking_tend	0.00122378255596076	0.0046582373479492	0.00155427732223718
canarito52	0.00122354884940082	0.000879803628591245	0.00209276710316975
Visa_Fvencimiento_lag1	0.00122332408128213	0.00095801469347837	0.00159099253457349
canarito164	0.00122308395967908	0.000774894603604214	0.00207440949700159
canarito104	0.00122175324626715	0.000829248511699291	0.00204993268877738
canarito24	0.00121809696121037	0.000875184118034097	0.00204381348672133
mrentabilidad_lag1	0.00121719598014698	0.000946677603684213	0.00172561497980663
canarito200	0.001215346020787	0.00121225820304068	0.00207440949700159
canarito171	0.00121525802084396	0.00102851095787909	0.00219679353812263
canarito72	0.00121496620913597	0.00143539747088782	0.00195814465793661
canarito5	0.00121481880227454	0.00100947776850934	0.00201321747644107
canarito6	0.00121409755062745	0.00178777931175758	0.00206217109288949
canarito199	0.00121345328298887	0.000901105219163591	0.00212336311345001
Visa_Fvencimiento_tend	0.00121070020657912	0.00108902392419435	0.00157263492840534
canarito197	0.00121004913937595	0.00150085779207818	0.00197038306204871
canarito158	0.00120989246352189	0.000882194164092825	0.00201933667849712
canarito217	0.00120925802111021	0.000925650742987244	0.00206217109288949
canarito152	0.00120808689095492	0.00106964987698624	0.00213560151756211
canarito59	0.00120763658503819	0.00092939815488385	0.00215395912373027
canarito138	0.00120665880613839	0.000722683684933534	0.00197038306204871
canarito212	0.00120534790474407	0.000898149800479655	0.00209276710316975
canarito201	0.00120418823230676	0.000898535386269659	0.0019336678497124
canarito110	0.00120401800605043	0.00103989643868989	0.00193978705176845
canarito219	0.00120288756501901	0.00101888500142452	0.00206217109288949
canarito82	0.0012012671153193	0.00146292607917584	0.00212336311345001
mcaja_ahorro_delta1	0.00120120319838488	0.00157476311684478	0.00151756210990087
canarito10	0.00120000301570459	0.000986269070619628	0.00208052869905764
canarito130	0.00119964895199482	0.000906752508643996	0.0019336678497124
canarito73	0.00119718759316254	0.00139279641046497	0.00200097907232897
canarito43	0.00119620683734241	0.00148009216575394	0.0020988863052258
canarito83	0.0011955027676875	0.00159577291537054	0.00201321747644107
canarito27	0.00119489810528159	0.000890993424613621	0.00193978705176845
mcuenta_debitos_automaticos	0.0011947825745871	0.00220946431819734	0.000618039407661241
canarito61	0.00119357376817276	0.000829000001657633	0.0019336678497124
canarito174	0.00119244048037749	0.000833968852940525	0.00192754864765635
canarito41	0.00119196902154011	0.00137122018641369	0.00210500550728185
canarito69	0.0011914913135014	0.00106790683642252	0.0021111247093379
canarito55	0.00119116169696395	0.000748682867185504	0.00199485987027292
canarito139	0.00118957124622126	0.00110240751056896	0.00195814465793661
canarito60	0.00118450763867436	0.000955332655119547	0.00198262146616081
canarito53	0.0011840935733857	0.00103304274766901	0.00212336311345001
canarito20	0.00118370290895957	0.000989422391210285	0.00220903194223473
Master_Fvencimiento_avg3	0.00118341187041216	0.00102303872434734	0.00177456859625505
canarito188	0.00118297489663322	0.00131001316567642	0.00197038306204871
mtarjeta_visa_consumo_tend	0.00118175558531655	0.000628501753020874	0.000985191531024354
canarito208	0.00118166147248873	0.000723070620273803	0.00190307183943214
canarito218	0.0011803350668853	0.00176669962580738	0.00200709827438502
canarito15	0.00118024606663116	0.00147425902392276	0.0019336678497124
canarito50	0.00118011657326772	0.0010491813445132	0.00192142944560029
canarito25	0.00117991326995327	0.000762207867148594	0.00200709827438502
Visa_fechaalta	0.00117924020975314	0.00101506346065979	0.00168278056541427
canarito120	0.0011786738915592	0.00153331177685127	0.00201933667849712
canarito163	0.0011766769071557	0.00116321757073542	0.00201321747644107
canarito181	0.00117589433458252	0.000891723049324756	0.0020988863052258
canarito9	0.00117510524924048	0.000837152056429907	0.00185411822298372
canarito128	0.00117484293494851	0.000989935123914543	0.0021111247093379
mrentabilidad	0.00117323722115032	0.00122116590956492	0.00146860849345245
canarito4	0.00117317555758532	0.000970240751311382	0.00207440949700159
canarito102	0.00117299919702823	0.000996013401911725	0.00208664790111369
canarito162	0.00117159385144246	0.00157062240744237	0.00205605189083344
canarito79	0.00117095059936546	0.00104582848327621	0.00209276710316975
canarito38	0.00116757226679309	0.000817414401821818	0.00189083343532003
canarito125	0.00116751816317585	0.000853883973408463	0.00189083343532003
canarito17	0.00116624701611906	0.000932040477906303	0.00188471423326398
canarito176	0.00116509114986505	0.00155136538552152	0.00200709827438502
canarito193	0.00116440065037092	0.000875841927391845	0.00195202545588055
canarito101	0.00116436768575307	0.000745878019752565	0.00196426385999266
mvr_msaldopesos2_delta1	0.00116167848338156	0.00104751975894762	0.00163382694896585
canarito96	0.00116076210215534	0.00111473227836421	0.00208052869905764
canarito74	0.00115668840276898	0.000707667721116945	0.00190919104148819
canarito106	0.00115511443207915	0.00103533409122611	0.00190919104148819
canarito215	0.00115399838127096	0.00118729605377093	0.00195814465793661
canarito148	0.00115303856509822	0.000808472378162273	0.00201933667849712
canarito223	0.00115247988698093	0.000727856607495786	0.00179904540447926
canarito165	0.00115234402190114	0.000787611512147902	0.00199485987027292
canarito14	0.00115171067520266	0.000956660130598084	0.00201933667849712
canarito220	0.0011505561466335	0.00104642218899637	0.00203157508260923
canarito21	0.0011492626153894	0.000816321362503603	0.00191531024354424
canarito35	0.00114716946935127	0.000918527623895598	0.00197650226410476
canarito97	0.00114595534650588	0.00114647726726593	0.00201321747644107
canarito211	0.00114468463632369	0.00116228580267388	0.0019459062538245
canarito117	0.00114411488912356	0.000895761674889262	0.00193978705176845
canarito80	0.00114123142670058	0.000791518363768674	0.00199485987027292
canarito81	0.00114094760866857	0.000850516941893697	0.00195202545588055
canarito204	0.00113973805901154	0.000835701964670147	0.00206217109288949
canarito18	0.00113863022518115	0.000830482000641515	0.00201933667849712
canarito92	0.0011385432144729	0.00141982597434428	0.00195814465793661
canarito225	0.0011323550021486	0.000821095782151885	0.0019459062538245
canarito16	0.00113188995474147	0.00202727445404157	0.00197650226410476
canarito206	0.00112875674480691	0.00102862615163385	0.00190307183943214
canarito213	0.00112851502986439	0.000963365949468499	0.00187859503120793
canarito224	0.00112839411967688	0.000734260127106837	0.00181128380859136
canarito40	0.00112786573319144	0.000815186487127173	0.00192142944560029
mcomisiones_otras_tend	0.00112641226669989	0.000641133832690761	0.00145637008934035
canarito115	0.00112620010275436	0.000926488138926687	0.00190307183943214
canarito170	0.00112522555997298	0.000769322310559965	0.00191531024354424
canarito100	0.00112456457559835	0.0013413722795988	0.00203769428466528
canarito47	0.00112455445366848	0.0011236727596806	0.00200709827438502
canarito229	0.00112441004619089	0.00104737073003978	0.00190307183943214
canarito177	0.00112253966325509	0.000975325953106408	0.00187247582915188
canarito167	0.00112242729006965	0.00118924914219375	0.00192754864765635
canarito63	0.00112068548452089	0.00067780843952124	0.00191531024354424
canarito87	0.00111940406386504	0.001160961701071	0.00200097907232897
canarito51	0.00111879397676223	0.000987227347704237	0.00188471423326398
canarito227	0.00111673328559962	0.000891626749273703	0.00184799902092767
canarito149	0.00111506396044398	0.00120925207982536	0.00183576061681557
mactivos_margen_delta1	0.00111441895743503	0.00126520616894896	0.00158487333251744
canarito157	0.00111392114940415	0.00093025068506555	0.00196426385999266
ctarjeta_visa_debitos_automaticos_tend	0.00111202239930584	0.00184761557501139	0.00135846285644352
canarito209	0.0011106467391935	0.000984983527595754	0.0019336678497124
canarito161	0.00110960166003474	0.00109120470102617	0.0019459062538245
mcomisiones_otras_lag1	0.00110932493863891	0.000716608009640435	0.00164606535307796
canarito121	0.00110903799957922	0.00107133218778803	0.0019459062538245
canarito56	0.00110861705963392	0.000840582227617786	0.00192142944560029
canarito126	0.00110830721562009	0.00120240754646699	0.0019336678497124
canarito66	0.00110671576727268	0.000864209189693201	0.00182352221270346
canarito77	0.00110662025451222	0.000874459313145336	0.00193978705176845
mpasivos_margen_lag1	0.00110587512448531	0.000699355937431162	0.00190919104148819
canarito19	0.00110577662768873	0.00107531808449575	0.00188471423326398
mtransferencias_recibidas_tend	0.00110541947567348	0.00193183098182046	0.00140129727083588
canarito75	0.00110068438780027	0.000928474676916789	0.00173785338391874
canarito45	0.00110021123125218	0.000916126099199003	0.00192754864765635
canarito214	0.00109623893732077	0.00078022706228708	0.0017806877983111
mv_Finiciomora	0.00109621616759602	0.00256385149436447	0.000532370578876515
cmobile_app_trx_tend	0.00109581438954298	0.00137143466850938	0.00153591971606902
canarito107	0.00109553350081014	0.000756961586889794	0.00179904540447926
canarito166	0.0010929274163963	0.000986735340236191	0.00187247582915188
mv_Fvencimiento_avg3	0.00109282840265945	0.000907617473967423	0.00167666136335822
canarito86	0.00108818341607359	0.000918224649861102	0.00192142944560029
canarito187	0.00108546966859959	0.00081096875696321	0.00190919104148819
ccallcenter_transacciones_tend	0.0010820337525079	0.00161166907514926	0.00105862195569698
canarito221	0.00108075325843606	0.000813323047400529	0.00186635662709583
canarito135	0.00107837108973897	0.000849776713573336	0.00187247582915188
canarito48	0.00107530312054788	0.00113247230939073	0.00200709827438502
Master_fechaalta	0.00107425377817449	0.000776159421391876	0.00201933667849712
canarito90	0.00107252686481348	0.000921076442363975	0.00188471423326398
mv_fechaalta	0.00107232034456626	0.00158402729743187	0.00170725737363848
canarito91	0.00107227926733436	0.000815439238612521	0.00177456859625505
Visa_mconsumospesos_tend	0.00107075127108912	0.00122232719756797	0.00182964141475952
canarito32	0.00107024897567282	0.000827068313246159	0.00184799902092767
canarito11	0.00106841874689579	0.000911812068983986	0.00185411822298372
chomebanking_transacciones_lag1	0.00106698148949168	0.000516970388486964	0.00169501896952637
canarito144	0.00106669879079067	0.000741630021104086	0.00180516460653531
mcomisiones_otras_delta1	0.0010631054559608	0.00204388626104654	0.00162158854485375
canarito192	0.0010568520768665	0.000894826725744949	0.00186023742503977
mcomisiones_otras_avg3	0.00105484981810215	0.00107017610519315	0.0016154693427977
canarito70	0.00105476955287938	0.000943252059525813	0.00186635662709583
canarito65	0.00105433709051068	0.00141955943816694	0.00186023742503977
mcomisiones_mantenimiento_avg3	0.00104957760013841	0.00187717535284471	0.00136458205849957
canarito136	0.00104010668991111	0.0017106351627514	0.00173173418186269
canarito124	0.00103716596516802	0.000733224829260675	0.00176233019214294
mpasivos_margen_delta1	0.00103479744355202	0.000863519762300673	0.00163994615102191
Master_fultimo_cierre_avg3	0.00103291476732087	0.00080529351251303	0.00142577407906009
canarito179	0.00103146466717362	0.000659707596591721	0.001768449394199
canarito216	0.00102754639996456	0.000864620898920479	0.00176233019214294
mttarjeta_visa_debitos_automaticos_tend	0.00102496764741253	0.00181594461858135	0.00136458205849957
cpayroll_trx_lag1	0.00102180666628807	0.00124736299372361	0.000654754619997552
mv_Fvencimiento_lag1	0.00102073095561838	0.00102859058134472	0.00151144290784482
mv_fechaalta_avg3	0.00101964172443739	0.0010006916179054	0.00159099253457349
Master_mfinanciacion_limite	0.00101956792494646	0.00139474371510094	0.00134010525027536
mv_mpagominimo_avg3	0.00101885572821108	0.000879229491349928	0.00104026434952882
ccaja_seguridad	0.00101876472960264	0.00367691862049455	0.000312079304858646
canarito58	0.00101641366985538	0.00197241677811185	0.00173785338391874
canarito234	0.00100905368907081	0.000843669227452561	0.00175621099008689
canarito30	0.00100897635755088	0.000752522048500131	0.00172561497980663
tcallcenter	0.00100701917040913	0.00021951215871701	0.000177456859625505
cproductos_avg3	0.00099498334591985	0.00178666814990724	0.00136458205849957
canarito89	0.000991007864778469	0.000867368004881365	0.00171949577775058
canarito3	0.000990136497804054	0.000698147029583051	0.00174397258597479
ccaja_ahorro_tend	0.00097799546688367	0.00112823260083674	0.000299840900746543
mpasivos_margen_tend	0.000977601235788518	0.00141040476394421	0.00154203891812508
canarito85	0.000976768366131962	0.000964024626394274	0.00159711173662954
Master_fultimo_cierre_tend	0.000976132301171171	0.00222113580726788	0.0016032309386856
canarito36	0.000974963144570726	0.000764480317001985	0.00171337657569453
mv_Finiciomora_avg3	0.000973847407957199	0.00184801272837509	0.000771019459062538
mtransferencias_recibidas_avg3	0.000968837647947995	0.000909578081313148	0.00157263492840534
chomebanking_transacciones	0.000956907811084685	0.00075486438577796	0.00127891322971485
tcallcenter_tend	0.000955261445923123	0.0018730713704888	0.00125443642149064
Master_fechaalta_tend	0.000950527306226788	0.00234452432043021	0.00153591971606902
thomebanking	0.00094544323986225	0.000557794380400129	0.000342675315138906
mvr_msaldopesos2_avg3	0.000938763406350475	0.000660857991796199	0.00140741647289194
mcomisiones_otras	0.000934788956292804	0.00112557938501572	0.00126667482560274
mv_fultimo_cierre	0.000928173955275843	0.00157540810547501	0.00149920450373271
mcomisiones_lag1	0.000923313469280787	0.000904322257806045	0.00148696609962061
mcomisiones_delta1	0.000904970475432757	0.00148735910834526	0.00122384041121038
Visa_fultimo_cierre_tend	0.000900611479337445	0.00132483325191169	0.0012850324317709
mtarjeta_master_consumo	0.00089551498762085	0.00143174626264582	0.000477297760372048
Visa_mpagominimo_tend	0.000895313630243963	0.000884746067247521	0.00135846285644352
mcomisiones_avg3	0.000893273262355112	0.000907405594575816	0.0014624892913964
ctransferencias_recibidas_avg3	0.000892357582049972	0.00147015706589224	0.00143801248317219
mpayroll_tend	0.000891522720951882	0.00153611970897053	0.00120548280504222
mcomisiones	0.000878647397528543	0.00109156348860377	0.00123607881532248
Visa_Finiciomora_avg3	0.000877956262559896	0.00245134035633816	0.000673112226165708
Master_Fvencimiento_tend	0.000877226892210229	0.000920182847295639	0.00117488679476196
Visa_mfinanciacion_limite	0.000867206431985849	0.000974293547153671	0.00118100599681802
mvr_msaldopesos2_lag1	0.000865104668788699	0.00106602710569625	0.00137070126055562
Visa_msaldototal_tend	0.000864659094672681	0.00157162936473296	0.00121772120915433
cmobile_app_trx_avg3	0.000858022549890543	0.00131590385618677	0.00134622445233142
Visa_mpagominimo_lag1	0.000854636981406344	0.000490331133823587	0.000844449883735161
Visa_fultimo_cierre	0.000850448547245891	0.000931033713408601	0.00130339003793905
mcuenta_debitos_automaticos_tend	0.000825689192264306	0.00272073430276133	0.000838330681679109
cpagomiscuentas_tend	0.000818015771895785	0.00197923991145888	0.00115652918859381
ctransferencias_emitidas_avg3	0.000805262102913267	0.00105866762251533	0.00119936360298617
mvr_msaldopesos	0.000801651674484198	0.00111363432282717	0.00119936360298617
internet	0.000799211874372276	0.000609512231241841	0.000569085791212826
Visa_mpagominimo_avg3	0.000793328224638245	0.000701190361827108	0.000936237914575939
ccomisiones_otras	0.000781794301560234	0.000772706115056597	0.000948476318688043
thomebanking_avg3	0.000779856244789543	0.000299524584018588	0.000660873822053604
ccomisiones_mantenimiento_delta1	0.000777403443309133	0.001062630673265	0.000361032921307062
mcaja_ahorro_dolares_avg3	0.000773844345063408	0.000967026990148143	0.00102190674336067
mv_fultimo_cierre_avg3	0.000768932447817923	0.00104878804700739	0.00117488679476196
ccuenta_debitos_automaticos_tend	0.000764634548618284	0.00170462619379997	0.000789377065230694
mprestamos_personales_lag1	0.000762661662378753	0.00157545013432612	0.000458940154203892
Visa_cconsumos_avg3	0.000762334477362192	0.00137193621922573	0.00125443642149064
Visa_msaldopesos_tend	0.000759539472013796	0.00144298714878537	0.00117488679476196
Visa_mpagominimo	0.00075276061867468	0.00178046918355778	0.00152368131195692
Visa_mconsumosdolares_tend	0.000748770999962314	0.0014550754560949	0.00109533716803329
cliente_antiguedad_lag1	0.000748463410626515	0.00124167357899565	0.0016277077469098
mvr_mpagominimo_delta1	0.000742187749899267	0.00175164394665442	0.00110757557214539
mvr_Master_mlimitecompra_avg3	0.000741542956998451	0.00221745857198506	0.00110757557214539
mplazo_fijo_dolares	0.000733623324451981	0.00417486372412046	0.000391628931587321
mvr_msaldodolares2_lag1	0.000731280824840555	0.000235274423830153	0.000299840900746543
mtransferencias_emitidas_avg3	0.000729983264152402	0.00226009327476808	0.00222738954840289
mpayroll_lag1	0.000715218763878571	0.00249271650710261	0.00148084689756456
mv_fechaalta_lag1	0.000714738910506061	0.000639629662523953	0.0011198139762575
mvr_Master_mlimitecompra_lag1	0.000710256642258962	0.000872825586153087	0.000979072328968303
Visa_fultimo_cierre_lag1	0.00070174470142608	0.000856786374046274	0.00109533716803329
mvr_mpagominimo	0.000700109587937694	0.00139348718740776	0.00113817158242565
Visa_fultimo_cierre_avg3	0.000700104554604245	0.00238892182504869	0.000997429935136458
Visa_mfinanciacion_limite_avg3	0.00069629816334761	0.000534684778058452	0.000985191531024354
cprestamos_personales	0.000695258572707231	0.00146717243908471	0.000367152123363113
Master_fultimo_cierre	0.000689081049843977	0.001122171866993	0.00108309876392118
Master_fultimo_cierre_lag1	0.000684774465587732	0.00055262598847091	0.00112593317831355
tmobile_app	0.000674747162623037	0.00043819530798551	0.00058132419532493
Visa_mlimitecompra	0.000671264106909489	0.000602310163459691	0.000966833924856199
mvr_mpagospesos_avg3	0.000665310379039686	0.00075550744647924	0.000948476318688043
mcaja_ahorro_dolares_lag1	0.000662738519918223	0.00338056692554546	0.000966833924856199
cmobile_app_trx	0.000662613027611835	0.00100447691360587	0.000979072328968303
ccajas_consultas_tend	0.000661387450470776	0.00205279367838143	0.000887284298127524
mttarjeta_visa_debitos_automaticos_delta1	0.000657387528098166	0.000945380493086638	0.000771019459062538
tmobile_app_avg3	0.000653223073648017	0.00029789471288424	0.000862807489903317
mautoservicio_tend	0.000650214145494367	0.00073736650262756	0.000930118712519887
ctarjeta_debito_transacciones_tend	0.000650157307588437	0.000863438307302535	0.00102802594541672
mv_fultimo_cierre_lag1	0.000641730555148577	0.000447200760507511	0.000979072328968303
ctransferencias_emitidas_tend	0.00064148154748421	0.00105731643351071	0.000972953126912251
cmobile_app_trx_lag1	0.000640993856708585	0.000838842078947496	0.00107086035980908
Visa_mpagospesos_delta1	0.000640857170227507	0.000860084096515287	0.0011198139762575
ccajas_transacciones_tend	0.000630688001270453	0.0018582388491118	0.000893403500183576
mtransferencias_emitidas_delta1	0.000627480485010457	0.00140593601743095	0.000832211479623057
Visa_msaldototal	0.000625534352871389	0.000984204644299945	0.00149920450373271
tmobile_app_delta1	0.000624491971696382	0.00038987514272887	0.000838330681679109
Visa_mconsumospesos_avg3	0.000624356898670704	0.000789776479962329	0.000972953126912251
mcaja_ahorro_dolares	0.000623197923739178	0.00230943495317889	0.000862807489903317
Master_mfinanciacion_limite_lag1	0.000622889925597325	0.000526396322312965	0.000850569085791213
mvr_msaldototal	0.000616594493089684	0.000723290307777659	0.000930118712519887
mpayroll_delta1	0.000612830144483738	0.00380350711012813	0.001297270835883
Master_mlimitecompra_avg3	0.000609867697407885	0.000822918928163474	0.000991310733080406
mv_status06	0.000606788566943865	0.000401172131600867	0.000275364092522335
Visa_mpagospesos_avg3	0.000605872421273572	0.00155608129252617	0.00102190674336067
ctarjeta_visa_transacciones_lag1	0.00060469113569944	0.00108604450279499	0.000936237914575939
Visa_mconsumototal_tend	0.000604547933056626	0.000602834656530545	0.000911761106351732
mvr_mpagominimo_avg3	0.000603347507114315	0.000562367331473134	0.000954595520744095
Visa_mpagospesos_lag1	0.000600999509221746	0.000574504608177998	0.00101578754130461
mpagomiscuentas_tend	0.000599062299301142	0.00203773105868425	0.000972953126912251
mvr_Visa_mlimitecompra_avg3	0.00059405443896407	0.000664383306277762	0.000966833924856199
mvr_mpagominimo_lag1	0.000593800926510346	0.000442544137318075	0.000838330681679109
ccaja_ahorro_avg3	0.000590662721898907	0.00135167821659403	0.00119324440093012
Visa_mconsumospesos	0.000577138144802881	0.00100508209050329	0.00115652918859381
Visa_mpagominimo_delta1	0.000575323251406302	0.00120513151728048	0.00090564190429568
Visa_mfinanciacion_limite_lag1	0.000572863150070666	0.000791059998660807	0.000819973075510954
mtransferencias_emitidas	0.000566078519333468	0.00256393979351038	0.00100966833924856
mv_cconsumos	0.000562026412402079	0.000684847597307113	0.000868926691959369
internet_tend	0.000560925446958824	0.0021704986569991	0.000856688287847265
ccomisiones_otras_lag1	0.000560526983751275	0.000477104384469066	0.000930118712519887
ctransferencias_emitidas_delta1	0.000557838256031046	0.00151390909989825	0.000532370578876515
mdescubierto_preacordado	0.000556767677892964	0.000662506853030705	0.000409986537755477
mtransferencias_emitidas_tend	0.000553638823054454	0.0016024500080996	0.00101578754130461
ccaja_seguridad_avg3	0.0005523739983978	0.00132780862466026	0.000177456859625505
mv_status05_delta1	0.000549322461934806	0.000377836286796905	0.000177456859625505
mtarjeta_master_consumo_tend	0.000548706531780603	0.00190030143897891	0.000379390527475217
mdescubierto_preacordado_avg3	0.000548167900207018	0.00197985328205433	0.000697589034389916
mvr_Master_mlimitecompra	0.000547334632272078	0.000488231330007671	0.000826092277567005
mv_status07_delta1	0.000546770041481437	0.000371052675993357	0.000159099253457349
mtarjeta_visa_consumo_delta1	0.00054511574254268	0.00057773446754797	0.000887284298127524
Master_mlimitecompra	0.000544040919479232	0.000628760191896624	0.000783257863174642
mvr_mpagospesos_delta1	0.000542814821214673	0.000441936646905923	0.000936237914575939
internet_avg3	0.000542009224230862	0.0007865122070606	0.000587443397380982
tcuentas_avg3	0.000537706805488368	0.00130913123457823	0.000183576061681557
cplazo_fijo	0.000533792455850446	0.00119993015776622	0.000159099253457349
mvr_Visa_mlimitecompra	0.000531310081447185	0.000312297498898274	0.000771019459062538
Visa_msaldopesos	0.000529411736229471	0.000799076230838551	0.00122995961326643
Visa_mconsumospesos_delta1	0.000526978568932758	0.000480404034867028	0.00090564190429568
mvr_Visa_mlimitecompra_lag1	0.00052596101108803	0.000464687847255791	0.000850569085791213
Visa_mpagospesos	0.000523773958923958	0.000571565769683032	0.00137682046261168
mtransferencias_recibidas_lag1	0.000520827409199695	0.00131481505831224	0.000862807489903317
mtransferencias_recibidas_delta1	0.000520366439481599	0.000616260271756261	0.000911761106351732
mv_Finiciomora_lag1	0.0005199309808288	0.00176083390197694	0.000293721698690491
cmobile_app_trx_delta1	0.000519054656941849	0.00101675136245553	0.000966833924856199
mv_mpagospesos	0.000517501732512772	0.000318316300287348	0.000746542650838331
mcomisiones_mantenimiento_lag1	0.000516549764332784	0.00168763294605224	0.000887284298127524
Master_mfinanciacion_limite_avg3	0.000508555626914423	0.000568449947310454	0.000826092277567005
mttarjeta_visa_debitos_automaticos_avg3	0.000504268572767986	0.000628566242244252	0.000685350630277812
Visa_mlimitecompra_lag1	0.000503214521800983	0.000797886409487045	0.000709827438502019
Visa_mlimitecompra_avg3	0.000503161418680565	0.000784047735483786	0.00080773467139885
mttarjeta_visa_debitos_automaticos_lag1	0.000502103200189788	0.000340801350045666	0.000685350630277812
mcomisiones_mantenimiento_delta1	0.000501409099487963	0.000685088588425866	0.000440582548035736
mvr_mpagospesos_lag1	0.000495662191426151	0.000471425766143223	0.000887284298127524
mautoservicio_avg3	0.000493843084744565	0.00169649814174312	0.0011198139762575
mvr_mconsumospesos_avg3	0.000491724316399001	0.00030073464862407	0.000771019459062538
mextraccion_autoservicio_tend	0.000490251029637831	0.00108993159314402	0.000715946640558071
mvr_msaldopesos_delta1	0.000489762933174122	0.000710857093978966	0.000856688287847265
mv_msaldopesos_avg3	0.000481454736083223	0.000578016137967568	0.000587443397380982
ccomisiones_mantenimiento_avg3	0.000481271194410782	0.00106318331409852	0.000838330681679109
tpaquete3_tend	0.000475345383553275	0.000703680764048299	0.00012850324317709
Visa_Finiciomora	0.000473969952462567	0.00229144920760769	0.000373271325419165
mv_mpagominimo_delta1	0.000469152766969466	0.00079109421939967	0.000703708236445968
cliente_vip	0.000467948197284223	0.000845359924745283	0.000281483294578387
Visa_cconsumos	0.000466953120339395	0.000506453632461042	0.00080773467139885
mv_mpagospesos_avg3	0.000466631876425629	0.00140304007535512	0.000789377065230694
mvr_msaldototal_delta1	0.000457031845940136	0.00184958562920897	0.000795496267286746
mvr_mconsumospesos	0.000454797689014823	0.000379901484288168	0.00077713866111859
mvr_mpagado_delta1	0.00045024893077996	0.000748136106535278	0.000471178558315996
mvr_msaldototal_lag1	0.000450083005171606	0.00031691672026608	0.000587443397380982
ctarjeta_debito_transacciones_avg3	0.00044924073047844	0.00169160891392587	0.00148696609962061
ctransferencias_emitidas	0.000447676233383252	0.00358653287708093	0.000722065842614123
mcuenta_debitos_automaticos_avg3	0.000442255804486531	0.00105177190264334	0.000722065842614123
mv_mfinanciacion_limite_avg3	0.000438705311307872	0.000270157888269615	0.000636397013829397
Visa_delinquency_tend	0.000437335039674516	0.0020623676771508	0.000544608982988618
cextraccion_autoservicio_tend	0.000433813255708831	0.000780400865081925	0.000697589034389916
Master_mlimitecompra_lag1	0.000430776366803176	0.000399426584729517	0.000709827438502019
mvr_msaldopesos_avg3	0.00043056459742237	0.000333346145192378	0.000715946640558071
Visa_Finiciomora_lag1	0.000430184046908312	0.000582106817613725	0.000159099253457349
Visa_cconsumos_delta1	0.00042940595570585	0.000820552202584427	0.000722065842614123
Master_status	0.000428066388391075	0.000433428985638818	0.000177456859625505
ccallcenter_transacciones_avg3	0.000427959639766805	0.000833611222120296	0.000611920205605189
Visa_mconsumosdolares_avg3	0.00042319353355815	0.000498609949924324	0.000660873822053604
ctarjeta_visa_transacciones_delta1	0.000420318805462823	0.00211454938769788	0.000819973075510954
mtarjeta_visa_consumo_lag1	0.000418696954354075	0.000360012390861056	0.000795496267286746
Master_mfinanciacion_limite_tend	0.000414378622779613	0.00107530160070323	0.000507893770652307
Master_msaldototal_avg3	0.000413385551216862	0.00024705243097518	0.000501774568596255
ctarjeta_debito_tend	0.000413291506144458	0.00534915782505244	0.000514012972708359
mvr_msaldototal_avg3	0.000412996096978934	0.000434954555816971	0.000642516215885449
ccomisiones_mantenimiento	0.000411347021770512	0.000941801003801579	0.000434463345979684
mttarjeta_visa_debitos_automaticos	0.000409810507388565	0.000889099812798909	0.000752661852894383
ctarjeta_visa_transacciones_avg3	0.000405457799462361	0.000718978109095144	0.00156651572634928
Master_status_tend	0.000403967101485587	0.000269851347566561	0.000220291274017868
mv_mlimitecompra_lag1	0.000403654831050614	0.000344776257558374	0.000526251376820463
cliente_vip_delta1	0.000403159357311451	0.000120011552813476	0.000159099253457349
Master_mpagominimo_avg3	0.0004030809521408	0.00127067647455175	0.000501774568596255
ccomisiones_otras_delta1	0.000401851803237313	0.000725999144348887	0.000740423448782279
ccuenta_debitos_automaticos_avg3	0.000399820020861016	0.00148870297121987	0.000734304246726227
mvr_mconsumospesos_lag1	0.000397283471774933	0.000238898833859747	0.000666993024109656
mv_status04	0.000397098127600657	0.00084572921953566	0.000458940154203892
Master_mpagospesos_tend	0.000396181319163759	0.00136401002132995	0.000569085791212826
mv_mfinanciacion_limite	0.000393029209049748	0.000503151090169654	0.000605801003549137
tpaquete4	0.000390778355493443	0.00202554770447748	0.000379390527475217
mvr_msaldopesos_lag1	0.000390238091162822	0.000431016568143656	0.000605801003549137
mtransferencias_emitidas_lag1	0.000387673462383127	0.000985193768247754	0.000942357116631991
Visa_msaldopesos_delta1	0.000385001398533345	0.000324188675472668	0.000611920205605189
Visa_mconsumospesos_lag1	0.00038246686870797	0.000219134188246358	0.000734304246726227
mextraccion_autoservicio_avg3	0.000381587646852536	0.000569304694610446	0.000630277811773345
internet_delta1	0.000381540380392852	0.000149467222483493	0.000477297760372048
cprestamos_personales_delta1	0.000376431606486594	0.000519334318569034	7.34304246726227e-05
mv_mconsumospesos_avg3	0.000375025067331178	0.000743476784245312	0.000666993024109656
catm_trx_tend	0.000370935017068666	0.000598181889199009	0.000660873822053604
ctarjeta_debito_avg3	0.000365623097863001	0.000586979368845563	0.000611920205605189
Master_mconsumospesos_tend	0.000363054144396926	0.000997464554032407	0.00055072818504467
Visa_msaldopesos_lag1	0.000362733614460711	0.000382696113697673	0.000483416962428099
mv_cconsumos_avg3	0.000359285291587557	0.000948568130812604	0.000862807489903317
tmobile_app_tend	0.000358391310552582	0.00101528835357181	0.00067923142822176
ccaja_ahorro_delta1	0.000357541701651231	0.00125698654026699	0.000146860849345245
mv_mpagospesos_lag1	0.000357006619110196	0.000492731019780575	0.000630277811773345
Visa_cconsumos_lag1	0.000353747525649806	0.000327927026103208	0.000624158609717293
mvr_mconsumospesos_delta1	0.000349709995039341	0.00052595714009815	0.000685350630277812
mv_mpagominimo_lag1	0.000348961133936546	0.000548717787299873	0.000587443397380982
mvr_mpagado_avg3	0.000348651192006574	0.000654626925429727	0.000446701750091788
Master_msaldopesos	0.000346818977832071	0.000345138900993873	0.000342675315138906
tcallcenter_delta1	0.000346744780346947	0.000583104424448914	0.000275364092522335
cpayroll_trx_tend	0.000343792031440116	0.00102311063609718	0.000826092277567005
active_quarter_tend	0.000341988742016971	0.000605233964108847	0.000263125688410231
ctransferencias_recibidas	0.00033792560391073	0.000725481881011596	0.000501774568596255
ccallcenter_transacciones_delta1	0.000336426757958239	0.000983641592650091	0.000538489780932566
Master_mpagominimo_tend	0.000334520649028415	0.000642794261498967	0.00055072818504467
mv_status07	0.000333764088400647	0.000648941752145455	0.000195814465793661
mv_mfinanciacion_limite_lag1	0.000333552546717904	0.000176963345168708	0.000477297760372048
tcallcenter_avg3	0.000331570881060833	0.000342200737274039	0.000287602496634439
matm_tend	0.000331556008025232	0.0007127710454441	0.000575204993268878
matm_avg3	0.000329690229329007	0.000602481845532691	0.000514012972708359
Visa_msaldopesos_avg3	0.000327866403822629	0.000430781264415305	0.000562966589156774
mpagomiscuentas_avg3	0.00032676323055971	0.000842696201711485	0.000746542650838331
cpagomiscuentas_avg3	0.000320729726934588	0.001237644400283	0.000618039407661241
mplazo_fijo_dolares_tend	0.000317398255486644	0.00193731854238736	0.000465059356259944
Visa_mconsumototal_avg3	0.000316191884001159	0.000329882717230111	0.000471178558315996
Visa_mpagado_avg3	0.000311560109625749	0.000306522484124931	0.000434463345979684
ccajas_depositos_tend	0.000311237610701998	0.00171553923562157	0.000483416962428099
mv_mlimitecompra_avg3	0.00030924453857616	0.000392159256552408	0.000538489780932566
mttarjeta_master_debitos_automaticos_tend	0.000308330376186201	0.00115141266898154	0.000416105739811529
ccajas_extracciones_tend	0.000308146745800361	0.00167820566267597	0.000673112226165708
mv_msaldopesos_delta1	0.000307825225900908	0.000436247232177961	0.000471178558315996
Master_msaldototal	0.000304144359983141	0.000361297355506245	0.000416105739811529
Visa_msaldototal_delta1	0.000301341435042266	0.000261287197981221	0.000569085791212826
mvr_mconsumosdolares_avg3	0.000300851142891842	0.000209199377573999	0.000471178558315996
Master_mpagospesos_avg3	0.000300583571787875	0.000932030259882868	0.000501774568596255
cextraccion_autoservicio_avg3	0.000299437337527046	0.000209733992271841	0.00045282095214784
ctarjeta_visa_debitos_automaticos_avg3	0.000296577573833258	0.000374153171330782	0.000605801003549137
mv_cconsumos_delta1	0.000294272903504547	0.000597192090476068	0.000483416962428099
Visa_mconsumototal	0.00029305328220255	0.000407399727695228	0.000685350630277812
ctransferencias_emitidas_lag1	0.000292644121691995	0.000425764407701558	0.000465059356259944
mvr_mconsumototal_avg3	0.000290285622490597	0.000145009079579462	0.000397748133643373
ccaja_seguridad_lag1	0.000290134186495442	0.000342996297155266	8.56688287847265e-05
ccaja_ahorro_lag1	0.000285176518815191	0.000991516796825141	0.000569085791212826
Visa_mconsumosdolares	0.000285150687119436	0.000555883224431972	0.00045282095214784
mv_mpagospesos_delta1	0.000284961110963641	0.000216978763680233	0.000532370578876515
cliente_edad_tend	0.00028474013522995	0.00166310168890282	0.000440582548035736
Visa_mconsumosdolares_lag1	0.00028316354560985	0.000413352979500001	0.000428344143923632
Master_fultimo_cierre_delta1	0.000283077819663662	0.000292689401115628	0.000428344143923632
Visa_msaldototal_avg3	0.000279604516552083	0.00044467719790838	0.000489536164484151
ccajas_consultas_avg3	0.000278847991024182	0.00111002938487997	0.000520132174764411
Visa_mconsumospesos_isNA_tend	0.000273434303722547	0.00163588993573773	0.000391628931587321
mvr_mconsumototal_delta1	0.000271773019977125	0.000248608848016533	0.000440582548035736
Visa_fultimo_cierre_delta1	0.000271691788682824	0.000216540545429893	0.000458940154203892
catm_trx_avg3	0.000271236169494334	0.000395446568205091	0.000428344143923632
mv_msaldopesos_lag1	0.000270239404058368	0.000353929967816631	0.000391628931587321
mvr_mconsumosdolares_lag1	0.000269435594189476	0.000274866469144253	0.000342675315138906
Visa_mpagado_tend	0.000269309345165329	0.00125584453155344	0.000483416962428099
Master_msaldopesos_tend	0.000268587625233408	0.000235400606779932	0.000446701750091788
mautoservicio_lag1	0.000267424287434711	0.000670013340794064	0.000758781054950434
mvr_mconsumosdolares	0.000267017075455239	0.00046457409944774	0.000391628931587321
mvr_msaldodolares2_delta1	0.000265688528320745	0.000922539547644146	0.000367152123363113
mv_fultimo_cierre_delta1	0.000264912974676611	0.00190494225315095	0.00045282095214784
mautoservicio_delta1	0.000263727649968557	0.000410396789644485	0.000514012972708359
cproductos_lag1	0.000261609831653299	0.000619126427329811	0.000385509729531269
thomebanking_lag1	0.000260191501591102	5.38256555627711e-05	0.000238648880186024
Visa_mconsumototal_lag1	0.000257305335808049	0.000246311142293897	0.000471178558315996
mv_mconsumosdolares_avg3	0.000255967809978989	0.00019071545516211	0.000434463345979684
mv_mpagado_avg3	0.000255409375314924	0.000362951904131154	0.000342675315138906
Visa_mfinanciacion_limite_tend	0.000249843754081995	0.000493240860591408	0.000342675315138906
ctransferencias_recibidas_delta1	0.000248536683458284	0.00121022288844815	0.000489536164484151
Master_msaldopesos_avg3	0.000248162796723477	0.000284055942484534	0.000391628931587321
ctarjeta_debito_transacciones_delta1	0.00024811255432863	0.000550193134928877	0.000501774568596255
Master_mconsumospesos_avg3	0.000247663412065167	0.000426614045989833	0.000391628931587321
Master_cconsumos_tend	0.000247650265927247	0.000352469850826332	0.000397748133643373
mv_mconsumospesos	0.000247171587019503	0.000381459829258471	0.00080773467139885
internet_lag1	0.000247170933270964	0.000215378293462373	0.000403867335699425
mvr_mconsumototal	0.000245036053615435	0.00021100661817175	0.000471178558315996
Visa_msaldototal_lag1	0.000245010184879709	0.000290145016883836	0.00045282095214784
ctarjeta_debito	0.000243709077064684	0.000251335132344759	0.000299840900746543
Visa_mpagosdolares_tend	0.000239169083100794	0.000905980951478197	0.000416105739811529
Master_mconsumototal_tend	0.000239006031356701	0.00032046449511991	0.000330436911026802
mforex_sell_tend	0.000238579416864025	0.00101528170221693	0.000434463345979684
mv_msaldototal_avg3	0.000238445666345461	0.000314691311879069	0.000495655366540203
mv_status02	0.000237406783319907	0.000353531850488451	0.000293721698690491
ctarjeta_debito_transacciones_lag1	0.000236143162464319	0.000266583989978511	0.000507893770652307
mtarjeta_visa_consumo_avg3	0.000235481240259481	0.000346831044233307	0.000673112226165708
Master_mpagominimo_lag1	0.00023468166585545	0.000955521013777964	0.000305960102802595
mv_mconsumosdolares	0.000233646457567164	0.00163316075951608	0.000361032921307062
mprestamos_prendarios	0.000232946864282124	0.00355745556346735	0.00022641047607392
Master_mlimitecompra_tend	0.000232405374658286	0.000582083682466325	0.000361032921307062
mextraccion_autoservicio_lag1	0.00023240515208137	0.000278669983773305	0.000434463345979684
Visa_msaldodolares_tend	0.0002316563415453	0.00155568288600865	0.000434463345979684
mv_status01	0.000231569163158906	0.000229140525082763	0.000257006486354179
tpaquete3	0.000229006953784522	0.00129382550304046	0.000183576061681557
ccuenta_debitos_automaticos	0.0002257564957437	0.000765859075390593	0.000275364092522335
ccallcenter_transacciones	0.000225674231502521	0.00040499135885086	0.00022641047607392
tmobile_app_lag1	0.000225645028819019	0.000110678930748657	0.000403867335699425
catm_trx_other_tend	0.000222371446601299	0.000529764606981548	0.000446701750091788
mvr_msaldodolares2_avg3	0.000222261210168418	0.00053665762775301	0.000367152123363113
mv_mlimitecompra	0.000219714553097512	0.000139557378491037	0.000330436911026802
Visa_fechaalta_delta1	0.000217412046935063	0.000111350332005502	0.000152980051401297
ctransferencias_recibidas_lag1	0.000217399238303711	0.000669984229066918	0.000483416962428099
Master_msaldopesos_lag1	0.000216384126787276	0.000181644742245152	0.000330436911026802
mvr_mconsumototal_lag1	0.000216377637708252	0.000125941573074401	0.000361032921307062
mpagomiscuentas_lag1	0.00021599542247745	0.000685339701171607	0.000403867335699425
mextraccion_autoservicio_delta1	0.000215892405180018	0.00115300648784452	0.000440582548035736
Master_mpagospesos	0.000214241014194447	0.000344066876101213	0.000385509729531269
mcuenta_debitos_automaticos_delta1	0.000214059541361353	0.000822641595584013	0.000446701750091788
mv_mconsumospesos_lag1	0.000213658703080526	0.00011030963595828	0.000373271325419165
Master_msaldototal_tend	0.000211588612725817	0.000336862494804323	0.000379390527475217
Master_Finiciomora	0.000207964527889381	0.000309413413585489	6.73112226165708e-05
Master_mpagominimo	0.000205735617967604	0.000294148650537899	0.000330436911026802
Visa_mconsumosdolares_isNA_tend	0.000204835731794699	0.000642087482745889	0.000201933667849712
matm_delta1	0.000203951500061733	0.000440640114687033	0.000422224941867581
Master_msaldototal_lag1	0.000203491067750171	0.00081997035362731	0.000318198506914698
minversion2	0.000202799070236984	0.00304545740013894	0.000214172071961816
mv_msaldototal_delta1	0.000201336162586453	0.00018175203149122	0.000342675315138906
ctarjeta_master_transacciones_tend	0.000200558929238166	0.000504086906881995	0.000385509729531269
mv_status02_avg3	0.000199631643991899	0.000551067836293502	0.000373271325419165
matm_lag1	0.000199618887155921	9.99317872132063e-05	0.000373271325419165
matm_other_tend	0.000199217413552689	0.00100181184102181	0.000330436911026802
mplazo_fijo_dolares_avg3	0.000199215305821307	0.000908108517470994	0.000214172071961816
Visa_mpagosdolares_avg3	0.000198105283614148	0.000550088544783339	0.000318198506914698
mv_status07_avg3	0.000197845304415329	0.000309029273742197	0.000146860849345245
mv_cconsumos_lag1	0.000194674778111608	0.000277743613912819	0.000348794517194958
ccajas_consultas	0.000193574644823212	0.00197765149079695	0.000238648880186024
mtarjeta_master_consumo_lag1	0.000189075069909125	0.00112252554555889	0.000299840900746543
mv_fechaalta_delta1	0.000187740733215726	0.000219533076746118	0.000189695263737609
Master_mpagospesos_lag1	0.000186998187956312	0.000311936494202383	0.000416105739811529
Visa_mconsumototal_delta1	0.000186267573433148	0.00024794351973588	0.000367152123363113
Master_delinquency_tend	0.000181092246000382	0.000826373776841913	0.000189695263737609
mv_mconsumospesos_delta1	0.000180704428618124	0.000260843195944031	0.000367152123363113
mvr_mpagado	0.000180628831056225	0.000243387341644741	0.000275364092522335
mv_msaldototal_lag1	0.000179387456223928	0.000252870438564109	0.000342675315138906
catm_trx_other_avg3	0.000178471559858624	0.000230110755326861	0.00035491371925101
ctarjeta_visa	0.000176837448486393	0.000350970982464137	0.00012850324317709
Visa_mconsumosdolares_delta1	0.000176530473478783	0.000127602580261293	0.000299840900746543
ccajas_transacciones_avg3	0.000175814349799032	0.000265268756848806	0.000257006486354179
ctarjeta_visa_debitos_automaticos_lag1	0.000175347583807309	0.000256721283848883	0.000287602496634439
cextraccion_autoservicio	0.000174953970324559	0.000596192555711929	0.000238648880186024
mextraccion_autoservicio	0.000172553234432939	0.00117352379692	0.00032431770897075
mv_mconsumototal_avg3	0.000171821626450444	0.000339122895101776	0.000275364092522335
Visa_Fvencimiento_delta1	0.000171481324932404	3.82047076416648e-05	0.000165218455513401
mv_status06_delta1	0.000171414553167221	0.000100711441680595	6.73112226165708e-05
cpagomiscuentas_delta1	0.000170748286560755	0.000799297942667803	0.00022641047607392
ctarjeta_visa_avg3	0.000169876993300454	0.000194838138428838	0.000146860849345245
cpayroll_trx_delta1	0.000168871441812791	0.00105984876818656	0.000673112226165708
mvr_msaldodolares2	0.000166785540265576	0.00022561328267225	0.000293721698690491
ctarjeta_debito_lag1	0.000166696729299843	0.000221316700214231	0.000275364092522335
ctarjeta_master_transacciones	0.000166627441488648	0.000412189377982215	0.000165218455513401
mcuenta_debitos_automaticos_lag1	0.000166393814797625	0.00024505731370125	0.000281483294578387
cforex_tend	0.000165880918427238	0.000459960758263232	0.000312079304858646
Master_mconsumospesos	0.000163499761567584	0.000310655481811541	0.000299840900746543
mv_Finiciomora_delta1	0.000160960072774948	0.000528002190731886	9.79072328968302e-05
Visa_Finiciomora_isNA_tend	0.000159764308788836	0.000993971050378519	0.000269244890466283
mv_mconsumosdolares_lag1	0.000158105022875418	0.000205282982704925	0.000244768082242076
Visa_delinquency_avg3	0.000157478849851644	0.000567643687423554	0.000342675315138906
ctarjeta_visa_descuentos_tend	0.000156463382924871	0.000968425124222699	0.000269244890466283
ctarjeta_visa_debitos_automaticos_delta1	0.000155535015812652	0.00052483961608227	0.000318198506914698
ccomisiones_mantenimiento_lag1	0.000154964021686235	0.000611199843848243	0.000208052869905764
Master_mpagominimo_delta1	0.000154925916449557	0.000414215342119346	0.000257006486354179
ctarjeta_visa_debitos_automaticos	0.000153118928918872	0.000304856175133427	0.000275364092522335
tpaquete4_avg3	0.000152780793137768	0.0014962067598827	0.00035491371925101
Visa_mlimitecompra_tend	0.000152319666765919	0.00061554047948277	0.000244768082242076
tpaquete3_delta1	0.000151779826798096	0.00119182668680348	9.79072328968302e-05
Master_msaldopesos_delta1	0.000151513540619154	0.000264160679684781	0.000263125688410231
ccajas_otras_tend	0.000149761798373452	0.000863553501057299	0.000269244890466283
mpagomiscuentas_delta1	0.000148660973836009	0.000989231815433575	0.000305960102802595
matm_other_avg3	0.000147057683953611	0.000548024793238787	0.000312079304858646
Master_cconsumos_avg3	0.000145312573764695	0.000394581988467454	0.000318198506914698
Master_Finiciomora_avg3	0.000144343764693518	0.00259035270931503	0.000208052869905764
ctarjeta_master_debitos_automaticos_tend	0.000143969602167209	0.000500139183167482	0.00022641047607392
cextraccion_autoservicio_lag1	0.000143738185869259	0.000243608475095308	0.000238648880186024
mforex_sell_avg3	0.000143054472329813	0.000139035584520714	0.000238648880186024
cpagomiscuentas	0.000142866036388628	0.000408505684137408	0.000465059356259944
ctarjeta_master_avg3	0.000139819732996778	0.000784279858129369	0.000146860849345245
Master_mconsumospesos_lag1	0.000139581558273605	0.000314139924199363	0.000318198506914698
mvr_mpagosdolares_avg3	0.000139499060527045	0.000269345844595865	0.00022641047607392
mcaja_ahorro_adicional	0.000138230056521218	0.0010065318930737	0.000159099253457349
mvr_mpagado_lag1	0.000136853224386156	0.000482360689958406	0.000275364092522335
thomebanking_delta1	0.000135864377295934	0.00029251145327354	0.00022641047607392
Master_mconsumospesos_isNA_tend	0.000135454004384166	0.000968129476318213	0.000244768082242076
Master_mpagospesos_delta1	0.000132196400423702	0.000138240217432382	0.000238648880186024
mprestamos_prendarios_avg3	0.000132098267565116	0.00168925105681999	0.00012850324317709
mvr_mconsumosdolares_delta1	0.000130418052390694	0.000370481912627703	0.000281483294578387
mplazo_fijo_dolares_delta1	0.000128661483442722	0.00123741516953084	0.000183576061681557
ccuenta_debitos_automaticos_lag1	0.000128581627297462	0.00049604869631422	0.000232529678129972
mprestamos_hipotecarios_tend	0.000127207054069158	0.00202596712542056	0.000152980051401297
cforex_sell_tend	0.000125240751899864	0.000437321474188913	0.000238648880186024
mv_mpagado_delta1	0.000125182294706717	0.000438559590160617	0.000244768082242076
matm_other_delta1	0.000125100707548683	0.000153965851895475	0.000250887284298128
mvr_msaldodolares_avg3	0.000124401738157208	0.000183567562183456	0.00022641047607392
cpagomiscuentas_lag1	0.000124382959664942	0.000258002778221963	0.000299840900746543
matm	0.000123410660101064	0.000226281984828565	0.000269244890466283
ccajas_extracciones_avg3	0.000122715918385937	0.000927213522194132	0.000287602496634439
Master_mfinanciacion_limite_delta1	0.000121774106700809	0.000474631044419082	0.000189695263737609
Visa_mpagado_lag1	0.000120674777443075	0.000449543965353368	0.000275364092522335
Master_fechaalta_delta1	0.00011867298541641	4.55029790784208e-05	0.000177456859625505
matm_other	0.000118455198552267	0.000272043788368526	0.000183576061681557
active_quarter_avg3	0.000115573097837651	0.000149688355934061	0.000165218455513401
cextraccion_autoservicio_delta1	0.000115253696049013	0.000706783187314675	0.000275364092522335
mtarjeta_visa_descuentos_tend	0.000114466251239344	0.0015284117526319	0.000232529678129972
mv_mconsumototal_delta1	0.000112242200185315	7.11896440475923e-05	0.000201933667849712
Master_msaldototal_delta1	0.000111560753970459	0.000430672047240287	0.000214172071961816
mv_mlimitecompra_delta1	0.000107894013238537	0.000777195972391855	0.000146860849345245
Master_mconsumospesos_delta1	0.00010748375137512	0.000185486815453203	0.000299840900746543
Visa_mpagado	0.000106701502533126	0.000133128603010741	0.000189695263737609
cplazo_fijo_tend	0.000106450986320022	0.00144971330730621	0.000152980051401297
Visa_mfinanciacion_limite_delta1	0.00010468233846826	0.000810646310846318	0.000189695263737609
Master_mlimitecompra_delta1	0.000104631637280209	0.000206575948255257	0.000171337657569453
Visa_status	0.000104128436919594	0.000182008349645126	0.00012850324317709
Master_Finiciomora_tend	0.000101890095564586	0.000575948916150907	9.79072328968302e-05
Master_delinquency_isNA_tend	0.000101546604553188	8.65593828265107e-05	4.89536164484151e-05
Master_Finiciomora_isNA_tend	0.000101026487480893	0.000749877893945175	7.95496267286746e-05
Master_cconsumos_delta1	0.000100651787923974	0.00053097158690071	0.000189695263737609
cforex_avg3	0.000100606738831128	0.00010524236390249	0.000159099253457349
mv_mconsumototal_lag1	0.000100139188132192	0.00011930197856342	0.000177456859625505
catm_trx_delta1	9.98762228829619e-05	0.00028199768553749	0.000269244890466283
Visa_mpagado_delta1	9.98613393748947e-05	0.000372085371135436	0.00022641047607392
ctarjeta_master_transacciones_avg3	9.87576665401854e-05	0.000205569472946898	0.000189695263737609
mv_Fvencimiento_delta1	9.79058599143265e-05	0.000100986460745316	0.000146860849345245
mtarjeta_master_consumo_avg3	9.75154726029834e-05	0.00016775719524301	0.000159099253457349
matm_other_lag1	9.73934455813017e-05	7.35690939577095e-05	0.000177456859625505
mv_mconsumototal	9.65230345071154e-05	0.000112542659664643	0.000293721698690491
Master_Fvencimiento_delta1	9.62283114462846e-05	9.49739251253295e-05	0.000152980051401297
ccajas_depositos_avg3	9.61573372427907e-05	0.000795698499318112	0.000159099253457349
Visa_msaldodolares_avg3	9.55539416175068e-05	0.000223476366224045	0.000189695263737609
ccallcenter_transacciones_lag1	9.5521346904746e-05	0.00035778756085273	0.000189695263737609
mv_mfinanciacion_limite_delta1	9.51036317659079e-05	0.000841269052306231	0.000152980051401297
Master_mconsumosdolares_tend	9.4764999692041e-05	0.000226338569543248	0.000171337657569453
ccajas_extracciones_lag1	9.46909006419935e-05	0.000817792950671155	0.000146860849345245
ccajas_consultas_delta1	9.31138342804975e-05	0.000373425667341492	0.000165218455513401
ccajas_otras_avg3	9.25340333986576e-05	0.000514899021623061	0.000171337657569453
Master_msaldodolares_tend	9.07095346135318e-05	0.000122102391759775	0.000159099253457349
Master_cconsumos	8.96603124106902e-05	0.000220783145877312	0.000183576061681557
catm_trx_other_delta1	8.83384557730195e-05	0.000287074982823821	0.000201933667849712
cseguro_accidentes_personales_avg3	8.63139399091084e-05	0.000100973061639113	0.000159099253457349
tpaquete4_lag1	8.61955617241956e-05	0.00112000554962831	0.000183576061681557
catm_trx_lag1	8.51124082087282e-05	0.000110491825244057	0.000159099253457349
Master_mconsumototal_delta1	8.40238168628336e-05	0.000154189877239467	0.000146860849345245
Master_mconsumototal_avg3	8.35056502097254e-05	9.66675143114764e-05	0.000183576061681557
Visa_msaldodolares_delta1	8.32945209500612e-05	0.000272837805906593	0.000140741647289194
cseguro_vivienda_tend	8.06369914260814e-05	0.000881471672718804	0.00012850324317709
mcajeros_propios_descuentos_tend	8.0390516842469e-05	0.0031364471636926	0.000177456859625505
mtarjeta_visa_descuentos_avg3	7.99172470147082e-05	0.00121194337224315	0.000134622445233142
ctarjeta_master	7.86055340356068e-05	8.94918591559418e-05	0.000122384041121038
Master_mpagado_tend	7.82871329164844e-05	0.000297266015253637	0.000134622445233142
Visa_madelantopesos_isNA_tend	7.81860648207365e-05	0.000245202775940529	0.000116264839064986
ccaja_seguridad_tend	7.76599708563251e-05	0.00117223401245244	7.95496267286746e-05
cforex_sell_avg3	7.66711736068034e-05	4.17868960272533e-05	8.56688287847265e-05
ccheques_emitidos	7.58287163048426e-05	0.000889566082415472	9.17880308407784e-05
mv_mconsumosdolares_delta1	7.53938466055431e-05	0.000129319015405498	0.000146860849345245
Visa_Finiciomora_delta1	7.51045169364321e-05	0.000375997910146611	4.89536164484151e-05
mttarjeta_master_debitos_automaticos_avg3	7.39317792455154e-05	0.000123710284504093	0.000159099253457349
ccheques_emitidos_rechazados_avg3	7.37095761473967e-05	0.000881706398068469	6.73112226165708e-05
mtarjeta_visa_descuentos_delta1	7.36802222790251e-05	0.00116776902540063	0.000104026434952882
Master_mpagosdolares_lag1	7.34683057273436e-05	0.00013212029616988	7.34304246726227e-05
mcheques_depositados	7.28324917124403e-05	0.00100028607805076	0.00012850324317709
Visa_delinquency_lag1	7.28016223790451e-05	2.36927044526112e-05	4.89536164484151e-05
Master_mpagosdolares_avg3	7.0941862292637e-05	0.000277414420044603	0.000122384041121038
cforex_buy_tend	7.06693067657054e-05	0.00106801827071583	0.00012850324317709
Visa_delinquency	7.02139370731835e-05	0.000221317664178706	7.95496267286746e-05
Master_mconsumototal	7.01876585676644e-05	7.17899047261817e-05	0.000146860849345245
Visa_msaldodolares_lag1	7.00686129625072e-05	0.000317993661377562	0.00012850324317709
ctarjeta_master_descuentos_avg3	6.9929711400359e-05	0.000154062923118108	9.17880308407784e-05
ccheques_emitidos_tend	6.98152666277902e-05	0.000871400943055469	0.00012850324317709
Master_mconsumosdolares_isNA_tend	6.96636922053345e-05	0.00024028086972757	0.00012850324317709
mcheques_depositados_tend	6.9655079851683e-05	0.000442187566858769	0.000134622445233142
mcheques_emitidos_tend	6.91563486684055e-05	0.00109217840154238	0.000116264839064986
mv_status05_avg3	6.90591776980437e-05	0.000189726524007197	0.000391628931587321
Master_Finiciomora_delta1	6.89463706055147e-05	0.000105215180104294	3.05960102802595e-05
mv_mpagado_lag1	6.69669601756312e-05	0.000104670732968808	9.79072328968302e-05
mcaja_ahorro_adicional_avg3	6.66636355518269e-05	0.000217782324466603	0.000104026434952882
Master_mpagosdolares_tend	6.65488214179772e-05	0.000447258791168907	0.00012850324317709
Master_mconsumototal_lag1	6.56663350863714e-05	0.000110773399267208	0.000104026434952882
Visa_Finiciomora_tend	6.55558824079195e-05	0.00141251835245212	0.000116264839064986
ccajas_transacciones_delta1	6.51674196145155e-05	9.41425057656325e-05	9.79072328968302e-05
mtarjeta_master_consumo_delta1	6.49409006316529e-05	7.67739866477787e-05	0.000189695263737609
mv_mpagosdolares_avg3	6.48411362116987e-05	0.000237104703178856	0.000140741647289194
cseguro_vivienda_avg3	6.43638327262876e-05	0.000460036911456758	0.00012850324317709
Visa_msaldodolares	6.36647950154178e-05	0.000376860176369508	0.000146860849345245
ctarjeta_master_transacciones_delta1	6.08148165196842e-05	6.93812466924716e-05	0.000134622445233142
mv_status01_avg3	6.05695518409834e-05	0.000451241314000967	0.000287602496634439
cprestamos_personales_lag1	6.01311598324762e-05	0.000241951709352107	0.000122384041121038
Master_mpagado_avg3	5.99383529214964e-05	0.000155349044520668	0.00012850324317709
mcheques_emitidos	5.95793667616962e-05	0.000902235081924752	7.95496267286746e-05
ctarjeta_master_transacciones_lag1	5.95412728043415e-05	0.000788662908200797	0.000134622445233142
mcaja_ahorro_adicional_tend	5.9198044183555e-05	0.000228988700677948	6.73112226165708e-05
mv_msaldodolares_avg3	5.80701179874846e-05	0.000109936678102898	0.000110145637008934
mcaja_ahorro_adicional_delta1	5.77952187247155e-05	0.000243840019362206	7.34304246726227e-05
mplazo_fijo_dolares_lag1	5.73949582158773e-05	0.000289151747888785	7.95496267286746e-05
catm_trx_other_lag1	5.55492659430671e-05	7.98376585422588e-05	0.00012850324317709
cseguro_vida_tend	5.4690426379457e-05	0.000810375918811078	0.000122384041121038
ccuenta_debitos_automaticos_delta1	5.41449031204469e-05	0.000215108190616475	0.000110145637008934
mvr_msaldodolares_delta1	5.38768273709074e-05	0.000139942578695252	0.000134622445233142
cseguro_vida_avg3	5.37315699614767e-05	0.000145036359774105	6.11920205605189e-05
Visa_fultimo_cierre_isNA_tend	5.3241007799277e-05	0.00199940219241821	8.56688287847265e-05
tpaquete3_avg3	5.25097413968486e-05	0.000392197911527856	0.000122384041121038
mv_mpagado	5.19437713629271e-05	9.19344487391722e-05	0.000110145637008934
Visa_mlimitecompra_delta1	5.14630801295735e-05	0.000243260773109172	0.00012850324317709
mforex_sell	5.1326206224926e-05	0.000253672457007318	9.79072328968302e-05
Master_cconsumos_lag1	5.09586564665651e-05	0.000225005406674308	0.000122384041121038
minversion2_tend	4.99122180357064e-05	0.000787374955265734	7.95496267286746e-05
mvr_Master_mlimitecompra_delta1	4.97578250207725e-05	0.000130078619411806	0.000110145637008934
mv_status02_delta1	4.91565600808069e-05	8.26031762246179e-05	0.000110145637008934
mttarjeta_master_debitos_automaticos_lag1	4.89301079597015e-05	0.000253556395684527	9.79072328968302e-05
mv_status04_delta1	4.85359021429602e-05	0.000305153365381073	0.000122384041121038
Visa_mpagosdolares_delta1	4.83350537474256e-05	0.000261652251327907	0.000152980051401297
mttarjeta_master_debitos_automaticos	4.77060571613483e-05	0.000114288592121783	8.56688287847265e-05
mcaja_ahorro_adicional_lag1	4.65205767013923e-05	0.000264055993142795	6.73112226165708e-05
Master_mconsumospesos_isNA_avg3	4.65199167035861e-05	4.83990175506965e-05	7.34304246726227e-05
ccheques_emitidos_rechazados_tend	4.60679021030929e-05	0.00045151276639713	6.11920205605189e-05
mvr_Visa_mlimitecompra_delta1	4.55324612838836e-05	0.00135963314063117	0.000116264839064986
Visa_mpagosdolares_lag1	4.53251106418406e-05	0.000164815754043961	0.000110145637008934
mv_status01_delta1	4.49469413471528e-05	0.000120986120897712	9.17880308407784e-05
mprestamos_prendarios_tend	4.40579655359785e-05	0.00112015592808641	7.95496267286746e-05
cplazo_fijo_avg3	4.39845520054116e-05	0.000229878921870621	9.17880308407784e-05
Master_mpagosdolares_delta1	4.35690240236701e-05	0.000251953419159031	9.79072328968302e-05
mtarjeta_master_descuentos_isNA_avg3	4.35393207431937e-05	0.000383581997050208	0.000110145637008934
tcallcenter_lag1	4.15489417270079e-05	3.0931884867049e-05	6.11920205605189e-05
mcheques_emitidos_lag1	4.14172102709756e-05	0.000226254897426817	4.28344143923632e-05
ccajas_transacciones_lag1	4.10722593344593e-05	1.33914908833008e-05	4.89536164484151e-05
mtarjeta_visa_descuentos_isNA_tend	4.1001857950533e-05	0.000217902530836637	0.000116264839064986
ccajas_extracciones_delta1	4.02227325993925e-05	0.000438884156999353	0.000134622445233142
mv_status04_avg3	4.01015251602834e-05	0.000110974482256695	0.000183576061681557
mvr_msaldodolares_lag1	4.00233552507064e-05	9.72834876110085e-05	7.95496267286746e-05
cprestamos_prendarios_avg3	3.96491705771531e-05	0.000773773898505566	5.5072818504467e-05
mcheques_emitidos_avg3	3.92466641373989e-05	0.00019705766663255	4.89536164484151e-05
mv_status03_delta1	3.91022994151942e-05	8.51512235214146e-05	7.95496267286746e-05
Master_mconsumosdolares_lag1	3.85945204213213e-05	0.000108987173095012	7.95496267286746e-05
active_quarter_lag1	3.80258315440496e-05	2.32175663628782e-05	5.5072818504467e-05
Visa_mpagospesos_isNA_tend	3.55992853674655e-05	1.96431860895373e-05	2.44768082242076e-05
Master_madelantopesos_isNA_tend	3.52013691495035e-05	0.000254969278415551	7.95496267286746e-05
mv_mpagosdolares	3.50725350495184e-05	6.77986098173985e-05	4.28344143923632e-05
cseguro_accidentes_personales_tend	3.4987070356267e-05	0.000711330111346854	6.73112226165708e-05
mttarjeta_master_debitos_automaticos_delta1	3.48496757274555e-05	0.00031581037823811	9.17880308407784e-05
ctarjeta_debito_delta1	3.47283083018056e-05	0.000860715300453524	6.11920205605189e-05
mprestamos_hipotecarios_avg3	3.47015182012857e-05	0.000399056422371112	4.28344143923632e-05
Master_msaldodolares_lag1	3.45547552426686e-05	0.000339186998739365	5.5072818504467e-05
Master_mconsumosdolares_avg3	3.4547791086055e-05	0.000100664111024872	6.11920205605189e-05
tcuentas_tend	3.44158028709516e-05	0.000868581925344746	6.73112226165708e-05
mcheques_emitidos_rechazados_tend	3.41633908949866e-05	0.000149079612368091	4.28344143923632e-05
Visa_status_delta1	3.38162123649649e-05	6.81588433417101e-05	6.73112226165708e-05
mcheques_emitidos_rechazados_lag1	3.35356021252654e-05	0.000293295156391724	5.5072818504467e-05
mvr_mpagosdolares_delta1	3.35165825047897e-05	0.000155164252530808	0.000116264839064986
ctarjeta_master_debitos_automaticos	3.34383319905505e-05	0.000212506739687762	4.89536164484151e-05
ccheques_emitidos_lag1	3.31694497969385e-05	0.000101164697776745	4.89536164484151e-05
ctarjeta_master_debitos_automaticos_avg3	3.27498893179799e-05	0.000431946890258489	7.95496267286746e-05
ccajas_transacciones	3.25797882333185e-05	2.90012568164969e-05	5.5072818504467e-05
catm_trx	3.20743068361426e-05	0.000168890142690491	7.95496267286746e-05
minversion2_lag1	3.20067721971767e-05	0.000309551742487653	6.11920205605189e-05
mcheques_depositados_rechazados_avg3	3.17863775722156e-05	0.000328655783246317	6.11920205605189e-05
ccajas_otras_delta1	3.16153250109411e-05	0.000129174709923588	5.5072818504467e-05
mvr_msaldodolares	3.15853109091423e-05	0.000122273881039879	6.11920205605189e-05
Master_delinquency	3.1579100710942e-05	4.27682118628145e-06	1.22384041121038e-05
ccheques_depositados_avg3	3.1254983369808e-05	0.000525950103157482	8.56688287847265e-05
minversion2_delta1	3.06535732200566e-05	0.000958996684089064	6.11920205605189e-05
mcheques_depositados_delta1	3.03706091568618e-05	0.000233461399445552	0.000110145637008934
mvr_madelantopesos_avg3	3.03537989666623e-05	0.000187003035175948	3.67152123363113e-05
tcuentas_lag1	2.99750471572713e-05	8.65186071292177e-05	3.05960102802595e-05
mcheques_depositados_avg3	2.95196718914289e-05	0.000162815045776076	6.73112226165708e-05
ctarjeta_master_descuentos_delta1	2.94216607877728e-05	0.000123275825715206	4.89536164484151e-05
cplazo_fijo_lag1	2.91603185466073e-05	0.000103296312420337	5.5072818504467e-05
ccheques_depositados_tend	2.8965906403916e-05	0.000510872060028702	6.73112226165708e-05
Master_mconsumosdolares	2.82944529227831e-05	3.63569805359636e-05	4.89536164484151e-05
Master_status_delta1	2.81779029446152e-05	0.000105078971923975	7.34304246726227e-05
mcheques_depositados_lag1	2.79240041929301e-05	0.000183013571799667	7.34304246726227e-05
mforex_sell_lag1	2.78354388459603e-05	6.00022579364043e-05	6.73112226165708e-05
Visa_madelantopesos_tend	2.76384579127642e-05	0.000617239659662872	4.89536164484151e-05
mvr_mpagosdolares	2.74119557482936e-05	0.000104616461768865	8.56688287847265e-05
ctarjeta_master_descuentos_tend	2.72866189103568e-05	0.000161780326308599	6.73112226165708e-05
mprestamos_hipotecarios	2.71301012175877e-05	0.000488324159786614	3.67152123363113e-05
mforex_sell_delta1	2.69929866556758e-05	0.00016618448720203	8.56688287847265e-05
mvr_mpagosdolares_lag1	2.67838269141161e-05	7.5666005880201e-05	7.95496267286746e-05
tpaquete4_tend	2.61567692859795e-05	0.000636624888858897	4.89536164484151e-05
mprestamos_hipotecarios_lag1	2.59802433367363e-05	0.000220585533159935	2.44768082242076e-05
ccheques_depositados_rechazados_avg3	2.5876267021749e-05	0.000643929618857635	4.28344143923632e-05
mv_status04_lag1	2.57419720051378e-05	1.03066117703705e-05	3.67152123363113e-05
mforex_buy_tend	2.54085907368536e-05	0.000315707234039283	5.5072818504467e-05
cinversion1	2.53019532404653e-05	0.000576207162233763	3.05960102802595e-05
ccheques_emitidos_rechazados	2.48234038504454e-05	0.000414377673736938	3.05960102802595e-05
mcheques_emitidos_rechazados_avg3	2.46407193354032e-05	0.000206519941919259	3.05960102802595e-05
ccajas_consultas_lag1	2.44705716480205e-05	0.000263497761315316	0.000104026434952882
Master_cadelantosefectivo	2.42232578462904e-05	0.000295715381999135	2.44768082242076e-05
mprestamos_prendarios_lag1	2.420806997203e-05	0.000527119874047908	4.89536164484151e-05
minversion2_avg3	2.38232221512421e-05	0.000397409007083319	6.11920205605189e-05
mtarjeta_master_descuentos_isNA_tend	2.32214010157446e-05	0.000413194985722547	6.73112226165708e-05
cseguro_vivienda_lag1	2.32086450480057e-05	3.91519955312581e-05	4.89536164484151e-05
Master_Finiciomora_isNA_avg3	2.27170245550979e-05	5.14535317826639e-05	1.22384041121038e-05
mv_mpagosdolares_delta1	2.24282523415614e-05	8.19151947788026e-05	4.89536164484151e-05
cforex_sell	2.22790480850877e-05	0.000179005021926781	3.05960102802595e-05
Visa_mconsumosdolares_isNA_avg3	2.15450696922597e-05	4.7179313300465e-06	4.28344143923632e-05
cforex_buy_avg3	2.1531523761055e-05	7.28953791861243e-05	3.05960102802595e-05
ctarjeta_visa_descuentos_avg3	2.14754590707547e-05	3.0883975832641e-05	3.67152123363113e-05
active_quarter_delta1	2.13940684127281e-05	0.000239362982754465	3.05960102802595e-05
cforex	2.06727109561293e-05	5.11198072814151e-05	2.44768082242076e-05
Master_msaldodolares_avg3	2.05872078802273e-05	0.000134824602108076	4.28344143923632e-05
cforex_delta1	2.04054899215382e-05	7.3743282338344e-05	4.89536164484151e-05
mcheques_depositados_rechazados_tend	2.03139451556759e-05	0.000149713997389096	4.89536164484151e-05
cliente_edad_delta1	2.02016293148987e-05	8.94131996547809e-05	7.95496267286746e-05
cseguro_vivienda_delta1	2.00832249458153e-05	0.00129516502807493	4.89536164484151e-05
Master_mpagado_delta1	1.98928493471686e-05	0.000152121787854779	0.000116264839064986
Master_cadelantosefectivo_tend	1.96593014229179e-05	3.53697845171048e-06	1.83576061681557e-05
Master_madelantopesos_lag1	1.9651250337973e-05	0.000301320739024876	2.44768082242076e-05
mv_status01_lag1	1.95703148603262e-05	2.32201690669608e-05	3.05960102802595e-05
catm_trx_other	1.94613012210381e-05	3.80271453853677e-05	4.28344143923632e-05
Master_cadelantosefectivo_lag1	1.93875549465842e-05	0.000228498139156615	2.44768082242076e-05
mcajeros_propios_descuentos_avg3	1.92968409386588e-05	0.000198903947791539	9.79072328968302e-05
mpagodeservicios_tend	1.8859266656169e-05	0.000112638381337012	3.67152123363113e-05
mv_msaldodolares_lag1	1.87412260253587e-05	8.81558043935765e-05	6.11920205605189e-05
mv_status06_avg3	1.84190548623234e-05	0.000154223423203198	0.000195814465793661
cforex_sell_delta1	1.82139066867761e-05	0.00011753522447362	4.89536164484151e-05
ccajeros_propios_descuentos_tend	1.8189181779432e-05	0.0001599267190196	7.95496267286746e-05
active_quarter	1.81570908919073e-05	6.32152479280635e-05	3.05960102802595e-05
cprestamos_hipotecarios	1.77687066600403e-05	0.000241558797432092	1.83576061681557e-05
Master_mpagado_lag1	1.76465932702854e-05	3.61549335820013e-05	3.05960102802595e-05
cseguro_auto_lag1	1.7636059471091e-05	6.3520824666642e-05	2.44768082242076e-05
mtarjeta_master_descuentos_lag1	1.74759891309968e-05	9.87383027966951e-05	3.67152123363113e-05
cseguro_accidentes_personales_lag1	1.73207305631346e-05	2.12390292779181e-05	3.05960102802595e-05
cplazo_fijo_delta1	1.72912575255472e-05	0.000173156745853337	5.5072818504467e-05
cseguro_vivienda	1.72112916123474e-05	2.95982400158713e-05	3.05960102802595e-05
ctarjeta_master_descuentos_lag1	1.70743248475951e-05	4.18018374766159e-05	1.83576061681557e-05
mvr_madelantopesos	1.70706006879858e-05	0.000408507901255701	4.89536164484151e-05
mforex_buy_avg3	1.68235340850483e-05	0.000409468684647944	3.67152123363113e-05
mv_status05_lag1	1.65299375128571e-05	1.52491468230945e-05	2.44768082242076e-05
Visa_cadelantosefectivo_tend	1.64494711921762e-05	0.000183589636969934	2.44768082242076e-05
cforex_sell_lag1	1.6384925334108e-05	4.29794164792894e-05	3.67152123363113e-05
Visa_Finiciomora_isNA_avg3	1.63608942921186e-05	0.000191031442717019	0.000110145637008934
mv_status05	1.6209640564828e-05	5.49031750529384e-05	8.56688287847265e-05
Visa_mpagosdolares	1.57347195413307e-05	2.82422311888733e-05	4.89536164484151e-05
mprestamos_prendarios_delta1	1.56854209811232e-05	9.46191861985255e-05	2.44768082242076e-05
Visa_madelantodolares_isNA_tend	1.512155454002e-05	0.000267370103007883	3.05960102802595e-05
mv_status03_avg3	1.49390634835205e-05	5.657189395563e-05	0.00012850324317709
Master_mconsumosdolares_delta1	1.47625065578435e-05	3.69202249787126e-05	3.05960102802595e-05
ctarjeta_master_debitos_automaticos_delta1	1.46243364062805e-05	0.000136936166290587	4.89536164484151e-05
Visa_delinquency_delta1	1.45925866975537e-05	8.37479804351411e-05	4.89536164484151e-05
Visa_delinquency_isNA_tend	1.44869592201486e-05	3.64841274502176e-05	4.89536164484151e-05
Master_delinquency_avg3	1.4377313301476e-05	3.20446854570018e-05	3.05960102802595e-05
ctarjeta_master_lag1	1.4350615673898e-05	0.000186725027821355	3.67152123363113e-05
mv_mpagosdolares_lag1	1.42436270473355e-05	0.0001373542376834	3.67152123363113e-05
cforex_buy_delta1	1.36772429630169e-05	5.99452876359311e-05	1.83576061681557e-05
ccajas_depositos_delta1	1.36561075607766e-05	6.96692792776049e-05	4.89536164484151e-05
cseguro_vida	1.35001231822535e-05	5.14323245642137e-05	3.05960102802595e-05
cpagodeservicios_tend	1.34208528888186e-05	9.77524563281013e-05	3.67152123363113e-05
Visa_mconsumospesos_isNA_delta1	1.2796342611645e-05	3.50956330204117e-05	1.83576061681557e-05
Master_mpagado	1.25849628978864e-05	4.12076497742191e-05	5.5072818504467e-05
ccajas_depositos_lag1	1.18664860101627e-05	7.06389311430185e-05	3.67152123363113e-05
cseguro_vida_lag1	1.17974269587136e-05	0.000229477045080989	3.05960102802595e-05
mtarjeta_visa_descuentos	1.17848173429926e-05	0.000320329636489856	3.67152123363113e-05
ccajas_extracciones	1.16522524485826e-05	0.000511946398436102	3.05960102802595e-05
Master_madelantodolares_isNA_tend	1.12181378057273e-05	0.000216585851760219	2.44768082242076e-05
ccheques_emitidos_delta1	1.09815798515354e-05	1.70891622129956e-05	2.44768082242076e-05
Master_msaldodolares_delta1	1.08483312995471e-05	8.04283759725455e-05	6.73112226165708e-05
ccheques_depositados	1.07215642936899e-05	0.000220289788859001	1.83576061681557e-05
mv_status07_lag1	1.06439077798325e-05	1.69801378308718e-05	6.11920205605189e-06
cseguro_accidentes_personales	1.05789392335117e-05	4.89433682897352e-06	1.22384041121038e-05
tcuentas	1.05409609084264e-05	6.43289160860438e-05	1.83576061681557e-05
mcajeros_propios_descuentos_lag1	1.03799004420314e-05	0.000188382468339689	6.73112226165708e-05
ccajeros_propios_descuentos_delta1	1.03791000848331e-05	3.63326886311933e-05	2.44768082242076e-05
Master_mpagosdolares	1.02036959587089e-05	2.63191220612262e-05	5.5072818504467e-05
cprestamos_hipotecarios_avg3	1.00572490950963e-05	0.000148053472184442	1.83576061681557e-05
Visa_Finiciomora_isNA_lag1	1.00490814052768e-05	5.07914809812263e-05	6.11920205605189e-06
mv_msaldodolares	9.84689539352687e-06	3.32558104234056e-05	3.67152123363113e-05
Master_Finiciomora_lag1	9.70825338354864e-06	0.000100801186773219	3.05960102802595e-05
ccajas_depositos	9.61659948984943e-06	3.25354397712299e-05	1.83576061681557e-05
Visa_status_isNA_delta1	9.30299286098497e-06	0.000101832821554376	1.83576061681557e-05
cforex_lag1	9.25809048480105e-06	1.19504603896068e-05	2.44768082242076e-05
Visa_mconsumosdolares_isNA_delta1	9.1748475556116e-06	2.81764888116775e-05	1.83576061681557e-05
Master_madelantopesos_tend	9.13686395261734e-06	3.07051604225264e-06	1.22384041121038e-05
tpaquete3_lag1	8.977805810109e-06	3.18120808291816e-05	2.44768082242076e-05
mtarjeta_master_descuentos_tend	8.88720358936905e-06	5.62641964952065e-05	2.44768082242076e-05
minversion1_pesos_avg3	8.78133019597082e-06	4.84546383009046e-05	2.44768082242076e-05
cinversion1_avg3	8.7144800593886e-06	0.000342665368150995	1.83576061681557e-05
ccheques_depositados_rechazados_tend	8.64238479654728e-06	5.62437604483362e-05	3.05960102802595e-05
ccajas_otras_lag1	8.55746088476209e-06	2.23398767083807e-06	6.11920205605189e-06
mpagodeservicios_avg3	8.51298721301873e-06	0.000381028069570114	1.83576061681557e-05
mtarjeta_master_descuentos_delta1	8.49231515149674e-06	4.07335720454087e-05	1.22384041121038e-05
Visa_mpagosdolares_isNA_tend	8.45734473187517e-06	6.4480547697963e-06	1.22384041121038e-05
ctarjeta_master_debitos_automaticos_lag1	8.31359073324821e-06	1.5112842246328e-05	2.44768082242076e-05
Visa_madelantopesos_lag1	8.28788690807946e-06	2.87049341368785e-06	1.22384041121038e-05
cliente_vip_lag1	8.09086436422593e-06	1.87668459853048e-05	2.44768082242076e-05
Master_mconsumospesos_isNA_lag1	8.066122744277e-06	1.03211676339431e-06	6.11920205605189e-06
Visa_status_lag1	8.05597772355547e-06	3.52920889804189e-05	1.83576061681557e-05
cprestamos_prendarios_tend	7.94773816973117e-06	0.000276203969853331	2.44768082242076e-05
Master_msaldodolares_isNA_tend	7.92348247869434e-06	2.13497887960969e-05	6.11920205605189e-06
mv_status03_lag1	7.89516850761942e-06	3.76341370689057e-06	1.22384041121038e-05
Master_fultimo_cierre_isNA_tend	7.88356640702441e-06	6.20489473097477e-05	1.22384041121038e-05
Master_status_lag1	7.8603257631295e-06	7.35944462234023e-05	1.22384041121038e-05
mv_msaldodolares_delta1	7.79129845767466e-06	1.5812294869396e-05	2.44768082242076e-05
Master_delinquency_lag1	7.75233673101949e-06	9.88931154913819e-06	2.44768082242076e-05
Master_delinquency_isNA_avg3	7.73933881320416e-06	5.68259949912429e-05	1.83576061681557e-05
Visa_delinquency_isNA_lag1	7.63317938880687e-06	1.15174475474318e-06	6.11920205605189e-06
mcheques_emitidos_delta1	7.60283254312106e-06	3.58152325010074e-05	2.44768082242076e-05
mcajeros_propios_descuentos	7.33473644378661e-06	0.000126599093242807	3.67152123363113e-05
minversion1_pesos_lag1	7.20980756055201e-06	1.75214038835905e-05	1.83576061681557e-05
minversion1_pesos_tend	7.16950754456549e-06	2.74743370880795e-05	1.22384041121038e-05
ccajeros_propios_descuentos_lag1	7.09693890355398e-06	0.000210857107281676	4.28344143923632e-05
mcajeros_propios_descuentos_delta1	7.07053934473693e-06	0.000122510534318495	3.67152123363113e-05
Master_mconsumosdolares_isNA_lag1	7.02440676807962e-06	2.22309487227044e-06	6.11920205605189e-06
mtarjeta_visa_descuentos_lag1	6.95310183283871e-06	0.00013783062892695	4.28344143923632e-05
ccheques_depositados_delta1	6.83744362815318e-06	5.67983292108101e-05	1.22384041121038e-05
Master_mfinanciacion_limite_isNA_tend	6.72044696302781e-06	1.19520027327668e-05	6.11920205605189e-06
cforex_buy	6.63150263548908e-06	5.4690524489751e-05	6.11920205605189e-06
Visa_madelantopesos_delta1	6.46875956856786e-06	5.4516625298459e-05	6.11920205605189e-06
mv_cadelantosefectivo	6.45367530468745e-06	0.00014438076753465	1.22384041121038e-05
Master_madelantopesos_isNA_avg3	6.33556676006915e-06	1.1362249266955e-06	6.11920205605189e-06
mcheques_emitidos_rechazados_delta1	6.28901510015952e-06	0.000103031704171947	6.11920205605189e-06
ccajeros_propios_descuentos_avg3	6.28713902992008e-06	0.000135523669145354	6.11920205605189e-05
Master_mconsumosdolares_isNA_avg3	6.24841792690147e-06	9.89413137151324e-07	6.11920205605189e-06
mv_status02_lag1	6.07783528016936e-06	3.39778198151889e-06	1.22384041121038e-05
Master_mpagospesos_isNA_tend	6.01906975346429e-06	3.4509157033815e-05	1.83576061681557e-05
Visa_mfinanciacion_limite_isNA_tend	5.89368844668385e-06	3.83612554724066e-05	1.83576061681557e-05
Master_Fvencimiento_isNA_tend	5.89367273069833e-06	3.7870983140416e-05	1.83576061681557e-05
mv_cadelantosefectivo_delta1	5.87388694947627e-06	2.18378440097949e-05	6.11920205605189e-06
cseguro_auto_avg3	5.8282643821908e-06	9.20468469969585e-05	2.44768082242076e-05
Master_delinquency_isNA_delta1	5.80833330924504e-06	3.7826929963908e-06	6.11920205605189e-06
mvr_madelantopesos_lag1	5.72750489775193e-06	7.92876204128175e-05	6.11920205605189e-06
Visa_madelantopesos_avg3	5.72664962516729e-06	9.37339776211228e-06	1.22384041121038e-05
mtarjeta_visa_descuentos_isNA_avg3	5.54104410937044e-06	1.21210821016837e-05	1.83576061681557e-05
Visa_status_isNA_tend	5.40624818761282e-06	8.48230900141209e-06	2.44768082242076e-05
Visa_mconsumospesos_isNA_lag1	5.39891635874204e-06	1.20312406126127e-06	1.22384041121038e-05
Visa_mconsumospesos_isNA_avg3	5.23333793574132e-06	3.93982884546234e-05	4.28344143923632e-05
mv_cadelantosefectivo_avg3	5.1903624869689e-06	6.22736474288728e-05	1.22384041121038e-05
Visa_status_isNA_avg3	5.15739722900903e-06	2.15850925244471e-06	1.22384041121038e-05
Visa_delinquency_isNA_delta1	5.1442894203062e-06	4.40591530877493e-05	6.11920205605189e-06
mpayroll2_tend	5.12645963843736e-06	0.000364450194114664	1.22384041121038e-05
Visa_Finiciomora_isNA	4.60608128343462e-06	8.26136834373956e-05	2.44768082242076e-05
Visa_Fvencimiento_isNA_tend	4.39854882785033e-06	1.22314560340725e-05	1.83576061681557e-05
ccheques_emitidos_rechazados_lag1	4.2944123666218e-06	0.000109337766974574	6.11920205605189e-06
mtarjeta_master_descuentos_isNA	4.24426996929907e-06	1.47653330530865e-05	1.22384041121038e-05
Master_status_isNA_tend	4.22415801899588e-06	9.31507791137412e-06	1.22384041121038e-05
Master_mconsumospesos_isNA_delta1	4.09632890808397e-06	3.83710879100517e-05	1.83576061681557e-05
ctarjeta_visa_lag1	3.91898239642963e-06	9.97917231749872e-05	3.67152123363113e-05
cseguro_auto	3.86433391041478e-06	4.5432224085955e-05	1.22384041121038e-05
ctarjeta_visa_descuentos_delta1	3.79809338802844e-06	5.11199036778626e-05	6.11920205605189e-06
Visa_cadelantosefectivo_avg3	3.71004027312126e-06	1.52398927641344e-05	6.11920205605189e-06
mv_madelantopesos	3.45475579519097e-06	0.000177012989339171	1.83576061681557e-05
Master_mfinanciacion_limite_isNA_avg3	3.43046591555621e-06	5.69413815389017e-07	6.11920205605189e-06
mv_status06_lag1	3.40877125916828e-06	4.74803594060109e-05	1.22384041121038e-05
Master_msaldototal_isNA_delta1	3.38134215466767e-06	0.000107916497752618	6.11920205605189e-06
cinversion2_delta1	3.38080393361565e-06	7.82260063364878e-05	1.22384041121038e-05
Master_delinquency_delta1	3.27825386357526e-06	0.00014305377403835	1.22384041121038e-05
cseguro_vida_delta1	3.09881593800576e-06	4.02614222455483e-05	6.11920205605189e-06
cprestamos_prendarios_delta1	2.99396575208789e-06	0.00012864115558667	6.11920205605189e-06
cinversion2_avg3	2.99166057821431e-06	5.15366255204099e-05	2.44768082242076e-05
Visa_madelantodolares_isNA_avg3	2.78169981382723e-06	6.639787303876e-07	6.11920205605189e-06
Visa_mconsumototal_isNA_tend	2.53466150319646e-06	5.96240946728574e-06	6.11920205605189e-06
Visa_cadelantosefectivo	2.49201009658656e-06	6.269152602879e-05	3.67152123363113e-05
mtarjeta_master_descuentos_avg3	2.47285765236473e-06	3.63539922460911e-05	1.83576061681557e-05
cpagodeservicios_avg3	2.47024085409411e-06	1.24164408168271e-05	6.11920205605189e-06
Visa_Finiciomora_isNA_delta1	2.4233886047013e-06	7.59630997313994e-05	6.11920205605189e-06
mtarjeta_master_descuentos	2.41145371309509e-06	1.72884136699804e-05	1.22384041121038e-05
Visa_delinquency_isNA_avg3	2.3726955455411e-06	6.85667931075348e-07	6.11920205605189e-06
ccheques_depositados_lag1	2.34464836019894e-06	1.3589874772258e-05	1.83576061681557e-05
mv_cadelantosefectivo_lag1	2.29463300968536e-06	3.49760050290628e-05	6.11920205605189e-06
mtarjeta_visa_descuentos_isNA_delta1	2.1118591786e-06	5.40589349657237e-05	1.83576061681557e-05
Master_cconsumos_isNA_tend	1.92357100077309e-06	3.22089450035436e-06	6.11920205605189e-06
ctarjeta_visa_descuentos	1.7184708606923e-06	2.40796397928806e-05	1.22384041121038e-05
cinversion2_tend	1.71671052096503e-06	1.21981028632371e-05	6.11920205605189e-06
mv_status03	1.6159963437372e-06	4.33916076888041e-05	4.28344143923632e-05
mv_madelantopesos_lag1	1.5674594230491e-06	1.44719986633406e-05	6.11920205605189e-06
Master_madelantodolares_tend	1.32002376127042e-06	1.06382155497743e-05	6.11920205605189e-06
cinversion1_tend	1.30890663139571e-06	3.0928607387834e-05	1.22384041121038e-05
Visa_madelantopesos	1.27515726230115e-06	5.00033436264573e-05	6.11920205605189e-06
Master_mpagosdolares_isNA_tend	1.18583493594746e-06	4.01076699117841e-06	6.11920205605189e-06
Visa_mconsumosdolares_isNA_lag1	1.09851243444126e-06	6.6754539894514e-07	6.11920205605189e-06
Visa_mconsumototal_isNA_delta1	1.08088911934536e-06	7.23243266311278e-06	6.11920205605189e-06
ctarjeta_visa_delta1	9.36721754219064e-07	1.83819349704329e-05	1.83576061681557e-05
cinversion1_delta1	7.77258932276144e-07	2.59624552054722e-05	6.11920205605189e-06
mtarjeta_visa_descuentos_isNA	7.40923167865843e-07	2.44806490144852e-05	6.11920205605189e-06
Master_msaldodolares	7.12391797206521e-07	3.24097388036885e-05	2.44768082242076e-05
Visa_madelantopesos_isNA_avg3	6.91605518680826e-07	2.61504282780993e-06	1.22384041121038e-05
mprestamos_hipotecarios_delta1	5.01681616867696e-07	1.79663698852556e-05	6.11920205605189e-06
Visa_mpagospesos_isNA_lag1	4.83722494812595e-07	1.4855656524395e-06	6.11920205605189e-06
cinversion2	4.3245656261459e-07	2.43491642600937e-05	6.11920205605189e-06
mtarjeta_master_descuentos_isNA_lag1	3.12678913754335e-07	3.20998242249724e-05	1.22384041121038e-05
Master_mpagosdolares_isNA_delta1	2.47772175600685e-07	2.46112662008492e-05	6.11920205605189e-06
cpayroll2_trx_tend	2.36389171060825e-07	1.19601964308044e-05	6.11920205605189e-06
minversion1_pesos	2.32994376018811e-07	1.52691972841748e-05	6.11920205605189e-06
Master_madelantopesos_avg3	1.38144885144617e-07	4.98755219370709e-07	6.11920205605189e-06
Master_madelantopesos_isNA_delta1	1.06420678002286e-07	8.29433592878493e-06	6.11920205605189e-06
mforex_buy_lag1	7.63438539101005e-08	9.14676971403719e-06	6.11920205605189e-06
Master_Finiciomora_isNA_lag1	6.97071896681204e-08	4.47433750721121e-06	6.11920205605189e-06
ctarjeta_master_descuentos	3.66385883653567e-08	1.5249050426647e-05	6.11920205605189e-06
ctarjeta_master_delta1	1.42495619853033e-08	5.18545410042685e-06	6.11920205605189e-06
mvr_madelantopesos_delta1	5.26268374649083e-11	5.79149856586629e-06	6.11920205605189e-06
Visa_cadelantosefectivo_delta1	1.82960117661366e-11	5.68912553862011e-06	1.22384041121038e-05
Visa_cadelantosefectivo_lag1	9.61689547825089e-13	1.71170207863234e-05	6.11920205605189e-06
Visa_mfinanciacion_limite_isNA_avg3	6.80378330188846e-14	1.05091407065703e-06	6.11920205605189e-06
