Feature	Gain	Cover	Frequency
ctrx_quarter	0.0988347856791609	0.0139842372568766	0.00187850805721528
mdescubierto_preacordado_delta1	0.0409167260545356	0.00201639679008845	0.000452652543907297
mcuentas_saldo	0.0363942944510919	0.0130860660570944	0.00375701611443056
mtarjeta_visa_consumo	0.0242293479131607	0.00848492372225666	0.00100715191019374
mdescubierto_preacordado_lag1	0.0220700600092601	0.000477960076928607	0.000305540467137425
cpayroll_trx	0.0173886335101426	0.0102646734640109	0.000509234111895709
foto_mes	0.0153259024924693	0.00675435649937456	0.00321383306174181
mcaja_ahorro	0.0119496314484009	0.00316425214126256	0.0018671917436176
ctarjeta_visa_transacciones	0.00996965707650167	0.00503334448074749	0.000860039833423864
mprestamos_personales	0.00809844279185544	0.00672665337952235	0.00158428390367554
mpayroll	0.00767059529295269	0.0118571678509238	0.000860039833423864
mpasivos_margen	0.0064784369791385	0.00161360157510947	0.0014824370812964
ccomisiones_mantenimiento_tend	0.00569953579418777	0.00480297970558741	0.0016069165308709
mv_status02	0.00493307777313469	0.000509291993685065	6.78978815860945e-05
mprestamos_personales_avg3	0.00465279977332917	0.000969810507296037	0.000814774579033134
mcuentas_saldo_tend	0.00373050643815234	0.001913156804362	0.0024443237370994
mpasivos_margen_avg3	0.00358704170905083	0.00100207367525644	0.00177666123483614
ctarjeta_master_tend	0.00355470594253505	0.000235545519471745	0.000101846822379142
mcomisiones_mantenimiento_tend	0.003518812712566	0.00313774551679191	0.00269328263624842
cprestamos_personales_tend	0.00294485586772619	0.00585227718939661	0.00100715191019374
mprestamos_personales_tend	0.00280790562991173	0.00292008122044859	0.0014824370812964
ctrx_quarter_delta1	0.00277399292795581	0.00249375499859842	0.00291960890820206
cproductos_delta1	0.00265535255168725	0.00618041961679383	0.000893988774216911
mcuenta_corriente_tend	0.00253122439449053	0.0029844701756097	0.00288565996740902
mactivos_margen	0.00252129595284397	0.00350469325013416	0.00200298750678979
mrentabilidad_annual_avg3	0.00250687387477055	0.00219582744169014	0.00222931377874344
mv_fechaalta	0.0024756079458833	0.0012154828922262	0.00139190657251494
numero_de_cliente	0.00246841397982402	0.00573665659029691	0.00365516929205142
mactivos_margen_avg3	0.00246087130949592	0.00421113594443517	0.00218404852435271
mautoservicio	0.00226940232767428	0.00583240249696135	0.000758193011044722
cliente_edad_avg3	0.00224802332517606	0.00326187151596781	0.00306672098497194
ctrx_quarter_tend	0.00222623519846058	0.00395911425114093	0.00274986420423683
cpayroll_trx_lag1	0.00220979040351529	0.00176720567838079	0.00028290783994206
mrentabilidad_annual_delta1	0.00220117332884277	0.00156811116415429	0.00307803729856962
mdescubierto_preacordado	0.00212796539762163	0.000489690614478073	0.00028290783994206
mrentabilidad_annual_tend	0.00210511460399906	0.00250508932507134	0.00273854789063915
mcuentas_saldo_delta1	0.00204453634100981	0.00344732023105966	0.00228589534673185
mcuenta_corriente_avg3	0.00199507011361108	0.00113042289140079	0.00227457903313417
mcaja_ahorro_dolares_delta1	0.00197886192864168	0.00739375076218132	0.00176534492123846
ccallcenter_transacciones_tend	0.00195591758168179	0.00172186257932457	0.00112031504617056
mprestamos_personales_delta1	0.00193399385383174	0.00390437691504512	0.00119952924135434
cproductos_tend	0.00189252303865184	0.00360324304844842	0.00119952924135434
Master_fechaalta_avg3	0.00189047252685151	0.000994824150498593	0.00198035487959442
Visa_mpagominimo	0.00186436786406562	0.0018069436838209	0.000961886655803006
cpayroll_trx_avg3	0.00185522634346897	0.00276105864621968	0.000531866739091074
mcuenta_corriente	0.0017796682317607	0.00102404383807463	0.00194640593880138
cliente_edad	0.00177647464529115	0.00260849317459551	0.00237642585551331
cliente_edad_lag1	0.00177302610824434	0.0037207602882472	0.00276118051783451
Visa_Fvencimiento_tend	0.00176783960298279	0.00139105446863216	0.00145980445410103
mrentabilidad_avg3	0.00175737009941133	0.00234834615420032	0.00194640593880138
ccomisiones_mantenimiento_delta1	0.00175581992690838	0.00123432991864724	0.000407387289516567
mrentabilidad_annual_lag1	0.00175162492443925	0.00251334872255224	0.00235379322831794
cproductos	0.00175078275473957	0.00479561907620914	0.00112031504617056
Visa_cconsumos_tend	0.00170733108389799	0.00340456853865294	0.00220668115154807
chomebanking_transacciones_tend	0.00169944982805124	0.00114863080763098	0.00220668115154807
chomebanking_transacciones_delta1	0.00169560361938979	0.00259011436001063	0.00227457903313417
Visa_mpagospesos_tend	0.00169446343150098	0.00190087074371042	0.00222931377874344
canarito149	0.00169213055055011	0.000943292503394994	0.00295355784899511
mdescubierto_preacordado_tend	0.00168767090545804	0.00587973203076743	0.000893988774216911
mrentabilidad_annual	0.00168382033270342	0.00169031072921334	0.0021274669563643
canarito2	0.00166966355377555	0.00192561417716573	0.00277249683143219
ctarjeta_visa_transacciones_tend	0.00166292114583773	0.00238403887558365	0.00143717182690567
canarito68	0.00166146635165841	0.0010279271204223	0.00264801738185769
mpayroll_avg3	0.00165327806986848	0.00348916281042702	0.00105241716458446
canarito120	0.0016484635148449	0.00145551107967944	0.00269328263624842
Visa_status_tend	0.00164569120888608	0.000684206045912805	0.000294224153539743
cprestamos_personales	0.00164535302884752	0.00261269487409556	0.000430019916711932
cprestamos_personales_avg3	0.00164143654413301	0.00148815804479233	0.000758193011044722
canarito23	0.00163980525339778	0.000822969716756514	0.00276118051783451
canarito155	0.00163396313611864	0.00204327872886347	0.00278381314502988
canarito142	0.00162827512067111	0.000751894828990315	0.00264801738185769
canarito130	0.00162522373709217	0.00117573640393798	0.00278381314502988
mcaja_ahorro_avg3	0.00162328484273958	0.00236923816771307	0.00219536483795039
canarito129	0.00162167122742648	0.00127768451396626	0.0027045989498461
canarito159	0.00160963386276246	0.0015687494467502	0.00276118051783451
canarito38	0.0016079273168164	0.000703215694739151	0.00260275212746696
canarito222	0.00160759098168485	0.00115058537997572	0.00264801738185769
Master_Fvencimiento	0.00160533835202476	0.00121804822963516	0.00204825276118052
ctransferencias_recibidas_tend	0.00160271479767766	0.00250356055032218	0.00195772225239906
canarito60	0.00159869744698244	0.00197542670268444	0.00247827267789245
canarito83	0.00159534651249392	0.00113236732570754	0.0025122216186855
canarito15	0.00159258954974926	0.00155925320863451	0.00261406844106464
canarito203	0.00158826850171882	0.00106745864092539	0.00273854789063915
mes	0.00158355325299474	0.00201547215964401	0.000860039833423864
canarito113	0.00157551422651817	0.00110437144414602	0.00276118051783451
mcuenta_corriente_delta1	0.00156772264901565	0.00549756606790839	0.00194640593880138
mdescubierto_preacordado_avg3	0.00156441335731363	0.000994942703473457	0.000780825638240087
canarito216	0.0015498461166396	0.00114363109971199	0.00263670106826
canarito141	0.00154244187897522	0.000784531656065211	0.00268196632265073
mactivos_margen_delta1	0.00153739337954253	0.00148440717763473	0.00208220170197357
canarito232	0.00153297631984583	0.00139215661819079	0.00256880318667391
chomebanking_transacciones_avg3	0.00153003246035002	0.00166676710151935	0.00177666123483614
canarito71	0.00152674375791557	0.000956571884870863	0.0025122216186855
canarito116	0.00152458448376775	0.000763072326222485	0.00254617055947854
canarito160	0.0015243148621174	0.00107014149681554	0.00263670106826
mactivos_margen_tend	0.00152353225473313	0.00230141779704042	0.00215009958355966
canarito46	0.00151725431663234	0.000764897793756904	0.00253485424588086
canarito209	0.00150735221187033	0.00128733447784168	0.00262538475466232
canarito50	0.00150507223330727	0.00085882692263377	0.0024443237370994
canarito72	0.00150389601815697	0.0012456195549935	0.00254617055947854
canarito182	0.00150246127054959	0.000990226446820722	0.00268196632265073
ctrx_quarter_lag1	0.00150147199508163	0.000804962906096248	0.00151638602208944
canarito13	0.00149725572849215	0.00118477063717955	0.0027045989498461
canarito119	0.00149718547011741	0.000910997473029479	0.00248958899149013
thomebanking_tend	0.00149637568213921	0.00292517051551962	0.00209351801557125
canarito236	0.00149569664022498	0.00127199769535003	0.00259143581386927
canarito231	0.00149474343395888	0.00135880392149456	0.00269328263624842
canarito179	0.00149420971176847	0.000919067351269586	0.00227457903313417
canarito169	0.00149409063915569	0.00157618911144504	0.00250090530508781
canarito132	0.00149146996155043	0.00343236186635339	0.00248958899149013
canarito134	0.00149044437102685	0.00157797216473889	0.00254617055947854
canarito221	0.00149039283623152	0.000806877340086498	0.00247827267789245
canarito80	0.00148689841521888	0.00174730181322397	0.00259143581386927
canarito185	0.00148222563570349	0.000974366003632072	0.00250090530508781
canarito10	0.00148042042118101	0.00082798225239704	0.00260275212746696
canarito34	0.00147991068241669	0.00108443364759675	0.00250090530508781
mtransferencias_recibidas	0.00147970370680069	0.0028311006955033	0.00119952924135434
canarito202	0.00147928098344731	0.00144496793396722	0.0025122216186855
canarito220	0.0014790369144474	0.000776538744154334	0.0025122216186855
canarito125	0.00147786484692215	0.00119984341688599	0.00239905848270867
canarito226	0.00147772372191342	0.00113737510267717	0.00263670106826
canarito145	0.00147760716632265	0.000787226718980697	0.0025122216186855
canarito8	0.00146982938226129	0.00148254426142937	0.00246695636429477
canarito37	0.00146951989692013	0.00113883684223635	0.0028290783994206
canarito146	0.00146505725451905	0.00098808525181747	0.00252353793228318
mcuenta_corriente_lag1	0.00146398489340211	0.00183339920430413	0.00190114068441065
canarito166	0.00146315030243316	0.000631176245072753	0.00236510954191563
mvr_mpagospesos	0.00146234848085709	0.000582001381453747	0.000678978815860945
canarito114	0.00145486803953237	0.00124836717018755	0.00243300742350172
canarito42	0.00145362866025311	0.00106415467503429	0.00258011950027159
canarito217	0.00145293862944007	0.000832095399238731	0.00247827267789245
canarito197	0.00145157961199835	0.00178985012417468	0.00254617055947854
canarito79	0.00145112731394288	0.00121740663665951	0.00262538475466232
canarito69	0.00145036250773667	0.00102535164497535	0.00252353793228318
canarito101	0.00145017122929227	0.000830960559680045	0.00229721166032953
canarito17	0.00144893047811829	0.00132234236441385	0.00246695636429477
canarito194	0.00144505997319234	0.0011057485621228	0.00243300742350172
canarito82	0.00143545274764927	0.000941964834215762	0.00248958899149013
canarito154	0.00143522770090889	0.000864289876819284	0.00250090530508781
canarito31	0.00143282167516791	0.00111545211277045	0.00250090530508781
canarito55	0.00143256646374422	0.000822236881438945	0.00258011950027159
canarito196	0.00142956141471959	0.000995553468537676	0.00246695636429477
canarito123	0.0014290973485896	0.00117538343469693	0.00242169110990404
canarito1	0.0014282111572226	0.00102510005611421	0.00247827267789245
canarito104	0.00142758604288208	0.00099975475424026	0.00243300742350172
canarito45	0.00142393324485772	0.00115390651846178	0.00236510954191563
canarito109	0.00142076339296198	0.000726971393635998	0.00239905848270867
canarito84	0.00142030211971916	0.0010835017756966	0.00234247691472026
canarito53	0.00141998584311457	0.000896141523196784	0.00248958899149013
canarito19	0.00141218099378552	0.00150520070734986	0.00243300742350172
canarito173	0.00140854599600055	0.000756141011718285	0.00253485424588086
canarito168	0.00140744060122858	0.000996392442906039	0.00228589534673185
canarito57	0.0014068470601525	0.000995919472398991	0.00243300742350172
canarito78	0.00140669878961001	0.00139170206167112	0.0025122216186855
mcaja_ahorro_lag1	0.00140383725941545	0.00155687780426381	0.00172007966684773
mcomisiones_mantenimiento	0.00140361567726004	0.00297370916553006	0.000950570342205323
canarito170	0.00140293208430054	0.000966153985961369	0.00230852797392721
canarito219	0.00140273054888655	0.000805917329958457	0.00246695636429477
mcaja_ahorro_delta1	0.0014016716480084	0.0018407544543153	0.00165218178526163
canarito199	0.00140010555414778	0.00120848661151937	0.00248958899149013
canarito28	0.00139987316417895	0.000934739309711115	0.00241037479630636
canarito21	0.00139843414468986	0.000958902185317441	0.0025122216186855
canarito207	0.00139611463595125	0.000996989138856312	0.00242169110990404
canarito117	0.00139405976409926	0.00104940031248023	0.00242169110990404
canarito184	0.00139317312110082	0.0016518358405473	0.00268196632265073
canarito156	0.00139244112029597	0.000989978995934271	0.00238774216911099
canarito33	0.00139098872911612	0.00103307745062	0.00234247691472026
canarito30	0.00139003524604617	0.000749883566392323	0.00233116060112258
canarito167	0.00138952373246232	0.0008637746989704	0.0023198442875249
canarito230	0.00138897445783827	0.000964279897224345	0.00246695636429477
canarito90	0.00138874631374213	0.000827233899674384	0.00235379322831794
mpagomiscuentas	0.00138783167457445	0.00724009162384663	0.00074687669744704
mpasivos_margen_tend	0.00138677945591737	0.00168364134850701	0.00176534492123846
canarito3	0.00138574975578494	0.00106292155857672	0.00236510954191563
canarito73	0.00138560029026128	0.00128236104606198	0.00238774216911099
mrentabilidad_tend	0.00138351945292583	0.00196069199551016	0.00188982437081296
canarito62	0.00138104742323513	0.000869339654232018	0.00243300742350172
mcomisiones_tend	0.00138093212603802	0.000893035559394597	0.00173139598044541
canarito189	0.00137688687322325	0.00086096294516866	0.00243300742350172
canarito228	0.00137553778502434	0.00073204041263104	0.00227457903313417
canarito163	0.00137479061588509	0.000673175032984655	0.0023198442875249
canarito67	0.00137285311652897	0.000872315685628944	0.00250090530508781
canarito22	0.00137007313022821	0.00143072440438862	0.00236510954191563
canarito105	0.00136987772530494	0.00103834571309635	0.00219536483795039
canarito118	0.00136609937973674	0.00170474936429857	0.00233116060112258
canarito162	0.0013651557147813	0.00150368600171465	0.00239905848270867
canarito235	0.00136508674874885	0.000844785946916238	0.00237642585551331
canarito151	0.00136448546037225	0.00151606682198662	0.00252353793228318
canarito225	0.00135983967627172	0.000910205464673845	0.00229721166032953
canarito147	0.00135871922296386	0.00105227827387701	0.00237642585551331
Master_Fvencimiento_avg3	0.00135725517196961	0.00107043425852485	0.00201430382038747
canarito177	0.00135623787747837	0.00123907472732533	0.00237642585551331
canarito191	0.00135618263388699	0.00210901583617852	0.00227457903313417
canarito126	0.00135272301449138	0.00113084703380649	0.00233116060112258
canarito81	0.00135253258885626	0.0011752218467853	0.00228589534673185
mcaja_ahorro_tend	0.00135206250425036	0.00116050513980091	0.00174271229404309
canarito44	0.00135050450192202	0.00114961440421475	0.00221799746514575
canarito192	0.0013498692651027	0.000779547258652576	0.00238774216911099
canarito186	0.00134986870755781	0.000961868492473846	0.00224063009234112
mv_msaldototal	0.00134913039405564	0.000824614147898252	0.000452652543907297
canarito223	0.00134882845062842	0.000712916141905786	0.00235379322831794
canarito110	0.00134753356182688	0.00151576350844186	0.00235379322831794
chomebanking_transacciones_lag1	0.00134686091164092	0.000599581153126022	0.00191245699800833
mcuentas_saldo_lag1	0.00134669984575207	0.000941995662127201	0.00203693644758284
canarito103	0.00134431798767757	0.000840265002668863	0.00241037479630636
canarito9	0.00134064415026651	0.00115465031941227	0.00234247691472026
canarito64	0.00133748225324809	0.000699366136885202	0.0023198442875249
canarito140	0.00133361979805745	0.00101308772248836	0.00228589534673185
canarito58	0.00133309192611212	0.00131761990079908	0.00238774216911099
canarito89	0.00133159591746739	0.000989981892516554	0.00238774216911099
canarito26	0.00133101364597903	0.000909499733090495	0.00221799746514575
canarito213	0.00133052696093865	0.000903444014030662	0.00228589534673185
canarito234	0.00132951080385672	0.000759933051724045	0.00222931377874344
canarito29	0.00132827425203903	0.000732426485669601	0.00245564005069709
canarito198	0.00132824854943579	0.00195870080208941	0.0022519464059388
canarito190	0.00132812048677336	0.000938465969716776	0.00233116060112258
canarito127	0.00132794675059008	0.000825125394671181	0.00229721166032953
canarito100	0.00132706727703545	0.00111862635315502	0.00228589534673185
canarito136	0.00132613342831717	0.000927638338244631	0.0022519464059388
canarito106	0.00132388950778316	0.00108203362227664	0.00243300742350172
canarito131	0.00132375566942183	0.00113766538160166	0.00230852797392721
canarito176	0.0013237352876007	0.00135327227692919	0.00230852797392721
canarito43	0.00132223326324394	0.00132381010403633	0.00235379322831794
canarito188	0.00132145504579238	0.00119511350491678	0.00236510954191563
canarito158	0.00132130403325959	0.00108976025551623	0.00239905848270867
canarito5	0.00131914350572435	0.000800194924759891	0.00230852797392721
cmobile_app_trx_tend	0.00131856136757951	0.00110871735206401	0.00168613072605468
mactivos_margen_lag1	0.0013181007688505	0.000944477619346161	0.00164086547166395
canarito124	0.00131720534163224	0.000954568277526047	0.00239905848270867
canarito153	0.0013118085836694	0.000847166730654032	0.0023198442875249
mrentabilidad_lag1	0.00130836732915026	0.00100412962798108	0.00159560021727322
canarito183	0.00130756404204697	0.00107859931018282	0.00234247691472026
canarito165	0.00130600542671388	0.000931254928123543	0.00219536483795039
canarito172	0.00130513431761031	0.00107043777580333	0.00243300742350172
mv_status06_delta1	0.00130500871797019	0.000132859608556259	9.05305087814594e-05
canarito49	0.00130401935047329	0.000896137385222094	0.00235379322831794
canarito99	0.00130313880078374	0.000881790613174984	0.00221799746514575
canarito111	0.00130308821368175	0.000876297037976765	0.0023198442875249
ccomisiones_otras_avg3	0.00130260629080956	0.00167262792197129	0.00168613072605468
canarito6	0.00130242764310501	0.000934678481483174	0.00224063009234112
canarito214	0.00129974701772924	0.00091285852714623	0.00221799746514575
canarito27	0.00129853754666732	0.0010343167740396	0.00220668115154807
canarito85	0.00129718318933931	0.000649685405860364	0.00227457903313417
canarito210	0.00129696433021825	0.00119356859206633	0.00216141589715734
canarito51	0.00129621913286313	0.00131808873333144	0.00241037479630636
canarito97	0.00129539294021564	0.000955673116768232	0.00224063009234112
canarito108	0.00129490911958401	0.00099844053347877	0.00224063009234112
canarito98	0.0012934554803098	0.00080069561969736	0.0023198442875249
mv_Fvencimiento_avg3	0.00129154512624313	0.00122097708812063	0.00199167119319211
Visa_fechaalta_tend	0.00128941336821221	0.00324530782398063	0.0012900597501358
canarito36	0.0012890194697187	0.000854358323766222	0.00217273221075502
canarito133	0.00128795559719215	0.00201928902749791	0.00238774216911099
cliente_antiguedad_avg3	0.00128679742398919	0.00200474052918467	0.00170876335325005
canarito41	0.00128390163864095	0.00109399485191507	0.00221799746514575
canarito102	0.00128322082846486	0.00164161090508873	0.00228589534673185
canarito150	0.00128269033771684	0.000789751711136432	0.00234247691472026
canarito143	0.00128054472322339	0.000899349281176341	0.00215009958355966
canarito95	0.00127768201624745	0.00105223337685163	0.00200298750678979
canarito122	0.00127713402708209	0.000683473624392705	0.00222931377874344
canarito4	0.00127686644459164	0.000995983611006683	0.00228589534673185
canarito52	0.00127497902894874	0.000939248046933154	0.00239905848270867
canarito174	0.00127484241603041	0.00093587042509258	0.00233116060112258
canarito195	0.00127180401154282	0.00092723426501617	0.00217273221075502
canarito148	0.00126743923155564	0.0011359098458395	0.00217273221075502
canarito12	0.00126738943163414	0.000985729295927815	0.0022519464059388
canarito76	0.00126727786742995	0.00071462119437673	0.00221799746514575
Visa_fechaalta	0.00126468887205325	0.0011297583326656	0.00125611080934275
canarito211	0.00126422008325752	0.00115633095783255	0.00224063009234112
Visa_Fvencimiento_avg3	0.00126010739660927	0.00121040621797799	0.00192377331160601
canarito93	0.00125909872149667	0.000769678809713534	0.00229721166032953
canarito171	0.00125484955978446	0.00135285165180197	0.00226326271953648
canarito63	0.00125182373547882	0.00075963201406536	0.00226326271953648
mcaja_ahorro_dolares_tend	0.00125164055821415	0.0013881436103366	0.0012221618685497
ctarjeta_visa_debitos_automaticos_tend	0.00125016471135027	0.00161796444872369	0.00133532500452653
mtarjeta_visa_consumo_tend	0.00124960056994008	0.00102156912231137	0.00109768241897519
canarito14	0.00124537918305312	0.000701778989926842	0.00222931377874344
canarito206	0.00124335709662965	0.00142841375932182	0.00224063009234112
canarito115	0.00124199249513449	0.00101354476179285	0.00222931377874344
canarito187	0.00124023180976174	0.0014043835058043	0.00215009958355966
canarito121	0.0012390627251786	0.000897240569274403	0.00234247691472026
mv_Finiciomora	0.00123756795813575	0.0024267127740662	0.000520550425493391
canarito86	0.00123689334315354	0.000593370880711525	0.00207088538837588
canarito75	0.00123163696656287	0.000566509011113756	0.00204825276118052
canarito164	0.00122865298130434	0.000728294511043071	0.00221799746514575
canarito39	0.00122356877618343	0.000767896584014624	0.00201430382038747
ccaja_ahorro	0.00122301494240503	0.00261704967865914	0.000860039833423864
canarito59	0.00122133206655124	0.000705643858287143	0.00201430382038747
canarito135	0.00122098556962098	0.00114328992369881	0.0021274669563643
canarito88	0.0012200764609503	0.00074391164131996	0.00208220170197357
canarito32	0.00121887582980272	0.000906713220934363	0.00221799746514575
canarito18	0.00121850635627602	0.0012589225229251	0.00218404852435271
canarito66	0.00121769860325977	0.000581585721896153	0.00220668115154807
canarito201	0.00121459574527339	0.00081541729225137	0.00221799746514575
canarito193	0.00120660946648631	0.000765835251922885	0.0020595690747782
canarito138	0.0012061590538311	0.000505544023109751	0.00202562013398515
canarito65	0.00120140028920121	0.00150635768507314	0.00196903856599674
canarito47	0.00119934157886004	0.000554658265399551	0.00208220170197357
mvr_msaldopesos2	0.00119901038660624	0.000992612609925613	0.00142585551330799
canarito212	0.00119663428910761	0.000768096241293408	0.00219536483795039
canarito218	0.0011950716591801	0.00105927496838131	0.00208220170197357
canarito233	0.00119262067456029	0.000748714795441181	0.00203693644758284
canarito161	0.00119212041111279	0.000839632720136257	0.00204825276118052
canarito20	0.00118142237045465	0.000783504610747195	0.00211615064276661
canarito61	0.00117851438357417	0.000875543719684481	0.00204825276118052
canarito137	0.00117699145194874	0.00146385861602124	0.0021274669563643
canarito96	0.00117592928180755	0.000715819551846905	0.00215009958355966
canarito74	0.00117422066129281	0.000608009379974269	0.00218404852435271
canarito128	0.00117339508000739	0.00081693282548152	0.00209351801557125
canarito157	0.00117132266117485	0.000710285217597992	0.00200298750678979
canarito11	0.00116752767374024	0.000803977033626396	0.0020595690747782
mrentabilidad_delta1	0.00116589010754167	0.000797280135388375	0.00192377331160601
canarito200	0.00116243823270879	0.000929170009576072	0.00211615064276661
canarito56	0.00116221282215491	0.00086284282707025	0.00199167119319211
canarito180	0.00115313162915183	0.000527747981497912	0.00196903856599674
canarito112	0.00115250483312887	0.000767701892305467	0.00187850805721528
canarito175	0.00115111198833308	0.000963520165071292	0.00213878326996198
canarito24	0.00115108368688696	0.0012630776702099	0.00199167119319211
canarito144	0.00114981066887448	0.000850596077178228	0.00193508962520369
canarito48	0.00114913855988488	0.000754900033108805	0.00208220170197357
canarito204	0.0011482815190186	0.000571439614855424	0.00195772225239906
Visa_Fvencimiento_lag1	0.00114433696338008	0.000999682132784454	0.00184455911642223
Visa_Fvencimiento	0.00114091329873358	0.000521556123070784	0.00168613072605468
Visa_mfinanciacion_limite	0.00113717078187173	0.0012150359909597	0.00156165127648017
canarito229	0.00113314749796329	0.000844743325776932	0.00198035487959442
canarito178	0.00112385161093392	0.000844390563434624	0.00209351801557125
canarito7	0.00111638443058886	0.00126387567862883	0.00200298750678979
canarito16	0.00111155111782864	0.000875936413482546	0.00188982437081296
mcomisiones_otras_tend	0.00110753757727994	0.000608728353076626	0.00159560021727322
canarito139	0.00110282283679442	0.000932409216163271	0.00188982437081296
canarito181	0.00110185372358968	0.000748058305756639	0.00208220170197357
canarito215	0.00110094433313499	0.00133445649221706	0.00200298750678979
canarito107	0.00109907313265401	0.000846863003311798	0.00198035487959442
canarito54	0.0010987443987813	0.00141115530138421	0.00199167119319211
canarito208	0.00109658925139916	0.000657623696505334	0.00199167119319211
mpasivos_margen_delta1	0.00109015609157931	0.000694134909282318	0.00152770233568713
canarito77	0.00108352772844201	0.000655028151881138	0.0018671917436176
canarito87	0.00108164674752375	0.000788516318792783	0.00198035487959442
mv_Fvencimiento	0.00108118097530586	0.000569116348965818	0.00169744703965236
Master_fechaalta	0.00108071284613557	0.00065692789606124	0.00145980445410103
mcomisiones_avg3	0.00108002116177417	0.00138916320730017	0.00147112076769871
Visa_mconsumospesos_tend	0.00107817493551329	0.00163514635412954	0.0017992938620315
canarito70	0.0010770345199966	0.000584265888102756	0.00198035487959442
canarito92	0.00107340658999208	0.000818235459913879	0.00198035487959442
mtransferencias_recibidas_tend	0.00107317054079429	0.0010947322390048	0.00147112076769871
mrentabilidad	0.00106634780253476	0.00148442269503982	0.00140322288611262
canarito91	0.00106468418999659	0.000688661403261345	0.00187850805721528
Master_fultimo_cierre_avg3	0.00106368628449867	0.00104372466639566	0.00159560021727322
mcuentas_saldo_avg3	0.00106028536198928	0.0010831394960125	0.00159560021727322
mcomisiones_otras_avg3	0.00106025797809471	0.00118938178927516	0.00130137606373348
canarito40	0.00105666696625538	0.000936349809460397	0.00193508962520369
cpagomiscuentas_tend	0.00105591653009548	0.00233900053836334	0.00127874343653811
ccaja_seguridad_avg3	0.00105550756234957	0.00093836065826092	0.000215009958355966
mv_msaldopesos	0.00105316808389276	0.000719446072865073	0.000362122035125837
canarito25	0.00104498352638696	0.000760805336788661	0.00195772225239906
mv_mpagominimo	0.00104462545894649	0.00309500747970167	0.000950570342205323
canarito35	0.00103821447610519	0.000750841300634284	0.00177666123483614
canarito94	0.00103773223794361	0.00136649517505055	0.00198035487959442
Master_Fvencimiento_lag1	0.0010369948561513	0.000715415478618443	0.00174271229404309
mcuenta_debitos_automaticos	0.00103643908357264	0.002261910690588	0.00074687669744704
ccomisiones_otras_tend	0.00103534806142832	0.000718189990647974	0.00168613072605468
canarito152	0.00103302501976422	0.000856362344908507	0.00182192648922687
Master_Fvencimiento_tend	0.00103139680330907	0.000958072107594661	0.00114294767336592
Visa_fechaalta_avg3	0.001025875998608	0.00123163899370644	0.00134664131812421
canarito205	0.00102009409070194	0.000811897324081466	0.00176534492123846
Visa_mpagominimo_avg3	0.00101978622793297	0.000416787983291376	0.000848723519826181
Master_fechaalta_lag1	0.00101331728490627	0.00102474750067063	0.00150506970849176
mttarjeta_visa_debitos_automaticos_tend	0.00100333261979942	0.00215561232776829	0.00135795763172189
Master_fultimo_cierre_tend	0.000999261975994321	0.000929332218183913	0.00133532500452653
mv_status01_avg3	0.000998365950581469	0.000181971781858714	0.000192377331160601
cliente_antiguedad	0.000995897201052833	0.00112478241810108	0.00156165127648017
chomebanking_transacciones	0.000980074383746321	0.000792426497975938	0.0012221618685497
mcomisiones_otras_lag1	0.000972594658158751	0.00058710040076529	0.00158428390367554
canarito227	0.000965011723952817	0.00042451358203729	0.001674814412457
Visa_fechaalta_lag1	0.000964318381297548	0.000882556345391337	0.00109768241897519
ctransferencias_recibidas_avg3	0.000962796288010207	0.00115271809213086	0.00131269237733116
ctrx_quarter_avg3	0.000960506104234871	0.00253575647619388	0.00156165127648017
thomebanking_avg3	0.000959731501008192	0.000397209983641382	0.000814774579033134
mcomisiones_lag1	0.000956379413961235	0.000942178353709757	0.00125611080934275
mpasivos_margen_lag1	0.000944506378582404	0.000641806081354723	0.00138059025891726
mv_fechaalta_avg3	0.000942849776409273	0.000932028729390541	0.00136927394531957
mvr_msaldopesos2_lag1	0.00094007359931636	0.000687774014589111	0.0014145391997103
thomebanking	0.000937538105095692	0.000612308114980799	0.000384754662321202
mcomisiones_otras_delta1	0.000933871036863195	0.00120182364467381	0.00150506970849176
ccaja_ahorro_tend	0.000931298942374135	0.001839664511782	0.000350805721528155
mvr_msaldopesos2_delta1	0.000930433338658104	0.000588099928551619	0.00143717182690567
mvr_msaldopesos2_avg3	0.000921325977027363	0.000845952235082566	0.00153901864928481
mv_Fvencimiento_lag1	0.000908595395411854	0.000764712826288268	0.0012900597501358
Master_fechaalta_tend	0.000898515636346736	0.00234385769305426	0.00125611080934275
mcomisiones_mantenimiento_avg3	0.000898465839267326	0.00218635954870108	0.00139190657251494
mpayroll_tend	0.000884830774833334	0.00189715649762883	0.000826090892630817
canarito224	0.000881171711697097	0.00048567781352261	0.00168613072605468
Visa_status_delta1	0.000877333026541195	8.19242436054649e-05	6.78978815860945e-05
mcomisiones_otras	0.000874419456441651	0.00118796763642491	0.00117689661415897
ccaja_seguridad	0.000873430640101467	0.0018559985461739	0.000271591526344378
ccuenta_debitos_automaticos_tend	0.000870947881445783	0.001318855086244	0.000871356147021546
mv_status06_avg3	0.000863670053964507	0.000266470466417457	0.000113163135976824
mcomisiones	0.000855841664314543	0.00180593898356621	0.00123347818214738
mtransferencias_recibidas_avg3	0.000848799214932965	0.00100275271690304	0.00132400869092884
ccajas_transacciones_tend	0.000845385348193452	0.00204980659083541	0.0012221618685497
ctransferencias_emitidas_avg3	0.000843008095424664	0.00111810869252132	0.00105241716458446
mv_cconsumos	0.000818501330963878	0.000858755749469105	0.00037343834872352
Visa_fultimo_cierre_tend	0.000812108231043289	0.00108789589101973	0.0012221618685497
Visa_mpagominimo_tend	0.000801991163221266	0.000957638034049698	0.0012221618685497
cliente_vip	0.000801027230597597	0.0012757142173177	0.00037343834872352
Master_mfinanciacion_limite	0.000796238398775886	0.000927829926472771	0.00119952924135434
Visa_fultimo_cierre_avg3	0.000795372229953438	0.00151541922894766	0.00125611080934275
ctransferencias_emitidas_tend	0.000795161653984043	0.00129448386361204	0.00119952924135434
mv_fultimo_cierre	0.000794499982971215	0.00202438349503729	0.00131269237733116
mvr_msaldototal	0.000785656656095297	0.00139080474185963	0.000882672460619229
Master_fultimo_cierre	0.000785319999260104	0.000948413660871128	0.00138059025891726
mcuenta_debitos_automaticos_tend	0.000785134166415068	0.00267711672615545	0.000848723519826181
cmobile_app_trx	0.000784577837777745	0.000916262838923553	0.000973202969400688
Visa_cconsumos_avg3	0.000781449386856252	0.00114610064300688	0.00123347818214738
mttarjeta_visa_debitos_automaticos_delta1	0.00077696518681741	0.00129494648918236	0.000939254028607641
Visa_mpagospesos_delta1	0.000776055158352801	0.000733943880988362	0.00127874343653811
cmobile_app_trx_avg3	0.00077130479942338	0.000979103570854458	0.00117689661415897
Visa_status_avg3	0.000766117722849757	0.000557811402113202	0.000135795763172189
mvr_mpagominimo_avg3	0.000761928904558155	0.000514409426983978	0.00115426398696361
Visa_fultimo_cierre	0.000756790693875575	0.000715900656150826	0.00119952924135434
cproductos_avg3	0.000745939726759192	0.000871434503918745	0.00114294767336592
mcomisiones_delta1	0.000733308903257155	0.000855062607058431	0.00109768241897519
Visa_msaldototal_tend	0.000731596534391786	0.00177049391996806	0.00108636610537751
mautoservicio_tend	0.000722833742102967	0.000523125243073168	0.00105241716458446
mcaja_ahorro_dolares_avg3	0.000716773529625053	0.000586384117346481	0.000939254028607641
mtransferencias_recibidas_lag1	0.000708991981307796	0.000845002776789985	0.000905305087814594
mvr_Master_mlimitecompra	0.000707426560292238	0.000818475462445889	0.00107504979177983
mvr_mpagominimo_lag1	0.000705148074634309	0.00127596870276113	0.000803458265435452
tcallcenter_tend	0.000701458798577473	0.00146072554848483	0.00100715191019374
mtransferencias_emitidas_avg3	0.000700831744576252	0.00258274173050576	0.00113163135976824
mvr_Visa_mlimitecompra_avg3	0.000691129612704954	0.000359332825419285	0.000905305087814594
mvr_Master_mlimitecompra_avg3	0.000686259770337461	0.00109866145287152	0.000927937715009958
mv_mpagominimo_avg3	0.000684222354310577	0.000843236689192365	0.000860039833423864
mpayroll_delta1	0.000682533164507904	0.00426461699141515	0.00110899873257288
Visa_mconsumosdolares_tend	0.000677438004723624	0.00197291743483253	0.00106373347818215
internet_tend	0.000672487974529991	0.00253253961467	0.00124479449574507
ccajas_consultas_tend	0.000671984864717115	0.00231806983478724	0.000916621401412276
mv_fultimo_cierre_lag1	0.000666929395099755	0.000342956997483016	0.00114294767336592
mvr_mpagominimo_delta1	0.000662807676839559	0.000730305980539798	0.000995835596596053
ctarjeta_debito_transacciones_tend	0.000658544637570777	0.000589491736338543	0.00104110085098678
mtarjeta_master_consumo	0.000653476452159479	0.00349321616353444	0.000396070975918885
cliente_antiguedad_lag1	0.000651583646429217	0.000663119547589633	0.000995835596596053
Visa_msaldopesos_tend	0.000642869569765752	0.000950936170242049	0.00105241716458446
mcomisiones_mantenimiento_delta1	0.000621477557173952	0.00113391844552002	0.000712927756653992
mvr_Master_mlimitecompra_lag1	0.000615861280699273	0.000886482455777048	0.0010297845373891
mplazo_fijo_dolares	0.000615308981310074	0.003107023330606	0.000384754662321202
mtransferencias_emitidas_tend	0.000609886198075596	0.00119364328250948	0.000927937715009958
mv_fultimo_cierre_avg3	0.000609729842962651	0.000667621870950903	0.000927937715009958
ccallcenter_transacciones	0.000609246372716289	0.000448048106186965	0.00032817309433279
internet_avg3	0.000604825390401958	0.000676354238938852	0.000712927756653992
mtransferencias_emitidas_delta1	0.000598992557485146	0.00150449973443741	0.000961886655803006
mvr_Visa_mlimitecompra	0.000598774680736131	0.000518932440218697	0.000882672460619229
Master_fultimo_cierre_lag1	0.000597095780521884	0.000403774259790594	0.00104110085098678
cmobile_app_trx_delta1	0.000592586414982508	0.00055103526165987	0.00105241716458446
tmobile_app_avg3	0.000591732680274277	0.000405535174919852	0.000893988774216911
mpagomiscuentas_tend	0.000589958408828587	0.00174431316100424	0.000973202969400688
cplazo_fijo	0.000585923532742266	0.00149280871454623	0.000169744703965236
Visa_mpagospesos	0.000584388588049006	0.000693270279470878	0.000848723519826181
Visa_fultimo_cierre_lag1	0.000580334821091121	0.000372770691325775	0.000995835596596053
mv_fechaalta_lag1	0.000580255936897403	0.000527155837319797	0.000961886655803006
ccaja_ahorro_avg3	0.000578845762579999	0.000653252960739201	0.000599764620677168
mv_Finiciomora_avg3	0.000578587101642237	0.00142099333620928	0.000520550425493391
Visa_mpagospesos_avg3	0.000578375784748008	0.000833486172531983	0.000905305087814594
mtransferencias_recibidas_delta1	0.000578072415035267	0.000372218271704682	0.000995835596596053
mcaja_ahorro_dolares	0.000577410358410903	0.00238230837456837	0.00074687669744704
Visa_mconsumospesos_avg3	0.000574935745939045	0.000812977335475511	0.000916621401412276
mvr_mconsumospesos_lag1	0.000572304210483959	0.000258600245456134	0.000599764620677168
tmobile_app_tend	0.000567940674497476	0.00187986141861522	0.00112031504617056
ctransferencias_emitidas_delta1	0.000567189724154091	0.0025124367129306	0.000645029875067898
tmobile_app_delta1	0.000566730570145074	0.000447204166248974	0.000531866739091074
Visa_mpagospesos_lag1	0.000566340157356648	0.000514427840971348	0.000803458265435452
mvr_mpagominimo	0.000562870132681332	0.000719850352992269	0.000860039833423864
mvr_mconsumospesos_avg3	0.00056246336969265	0.000654607733652652	0.000905305087814594
ctarjeta_debito_transacciones_avg3	0.000561789821406497	0.000817268001431397	0.000758193011044722
Visa_mconsumospesos	0.000559951066607039	0.000568125924723807	0.000950570342205323
mvr_mpagospesos_delta1	0.000559523954989696	0.000641044900910529	0.00104110085098678
mcaja_ahorro_dolares_lag1	0.000556054383014866	0.00357911700081683	0.000837407206228499
Visa_mfinanciacion_limite_lag1	0.000542461258874147	0.000486903481625738	0.000826090892630817
Visa_Finiciomora_lag1	0.000537157547652735	0.000902642074535773	0.000169744703965236
Visa_mfinanciacion_limite_avg3	0.000531510925383268	0.000338923713552838	0.000871356147021546
ccomisiones_otras_lag1	0.0005312293101686	0.000418608071458698	0.000905305087814594
mtarjeta_master_consumo_tend	0.000526898068059576	0.00100474266893138	0.000339489407930473
mvr_msaldopesos	0.000520207135389658	0.000981022970414336	0.000611080934274851
cmobile_app_trx_lag1	0.000519703822237032	0.000461304315004571	0.000916621401412276
Visa_cconsumos_delta1	0.000519476069371423	0.000667976081584352	0.000882672460619229
ctarjeta_debito_avg3	0.000515724049371564	0.00135715017990977	0.000927937715009958
Visa_mconsumospesos_lag1	0.000514977774291002	0.000323648793782799	0.00074687669744704
Visa_mpagominimo_lag1	0.00051439207537342	0.00031017409990157	0.00070161144305631
mpayroll_lag1	0.000508626011358548	0.00132869705214502	0.000577131993481803
Master_mfinanciacion_limite_avg3	0.000507729925922858	0.000301737804002678	0.00074687669744704
ccallcenter_transacciones_avg3	0.000507142941103316	0.00138740311976585	0.000893988774216911
Master_mpagominimo_tend	0.000497040875861928	0.000766515328063158	0.000712927756653992
tmobile_app	0.000495559801587696	0.000589602634060231	0.000531866739091074
mvr_msaldopesos_delta1	0.000494163489573447	0.00074119981960698	0.000758193011044722
Visa_mlimitecompra_avg3	0.000493703186369569	0.000715415892415912	0.000712927756653992
Visa_mlimitecompra	0.000493150418270318	0.000629387812411808	0.000758193011044722
Visa_mpagominimo_delta1	0.00049089865941072	0.000905934867895206	0.000735560383849357
cpayroll_trx_tend	0.000490342440076498	0.000895236134334649	0.000633713561470215
mttarjeta_visa_debitos_automaticos_avg3	0.000483411082199708	0.000461603490574646	0.000633713561470215
mvr_mpagospesos_avg3	0.000481264281694608	0.000528342401562106	0.000667662502263263
Visa_mconsumospesos_delta1	0.000477635864415201	0.000405996352199033	0.000803458265435452
ctarjeta_visa_debitos_automaticos_avg3	0.000469554549737132	0.000422571630515352	0.000758193011044722
tcallcenter_avg3	0.000465437162273333	0.000264092165464477	0.00037343834872352
Visa_cconsumos	0.000463940920368698	0.000328971677525062	0.000588448307079486
tpaquete4	0.000463740357731442	0.00240243569035843	0.000362122035125837
mprestamos_personales_lag1	0.000463127137508188	0.00109288794368554	0.000520550425493391
active_quarter_tend	0.000459837263950466	0.00049042241530197	0.00037343834872352
mv_mpagospesos_avg3	0.000457380772091848	0.000566407216936387	0.000565815679884121
internet_delta1	0.000455399204291265	0.000158015804986879	0.000509234111895709
mv_Finiciomora_lag1	0.000454651707712051	0.00169616554960199	0.000316856780735108
mttarjeta_visa_debitos_automaticos	0.000452389348381186	0.00106020415059791	0.000712927756653992
ctarjeta_debito_tend	0.000451705987795075	0.00682095389162763	0.000599764620677168
ccuenta_debitos_automaticos_avg3	0.000446570401977437	0.00162535425082353	0.000826090892630817
matm_tend	0.000445538225511826	0.000617810379925866	0.000792141951837769
mv_mfinanciacion_limite	0.000444841575929316	0.000368567957332049	0.000554499366286439
mv_mlimitecompra_avg3	0.000439999116648093	0.000464476900199264	0.000520550425493391
mvr_msaldototal_delta1	0.000437234639054522	0.00142692615742083	0.000724244070251675
Visa_mlimitecompra_lag1	0.000436396793189423	0.000406945396694146	0.000633713561470215
Master_mpagominimo_avg3	0.000435631195265812	0.000403186046688435	0.000407387289516567
mcomisiones_mantenimiento_lag1	0.000431165343207347	0.000964589624629878	0.000645029875067898
ctarjeta_visa_transacciones_delta1	0.000430656123841343	0.00170546585461611	0.000848723519826181
ccomisiones_mantenimiento	0.000429082855999997	0.000666529859430256	0.00037343834872352
Visa_Finiciomora	0.000426919734289166	0.00233693072342348	0.000339489407930473
ccajas_extracciones_tend	0.000426303079492361	0.00143305346344279	0.00074687669744704
mtransferencias_emitidas_lag1	0.000423727926315606	0.000817367312823953	0.000724244070251675
mtarjeta_visa_consumo_delta1	0.000422932064235567	0.000517830497558795	0.000758193011044722
mautoservicio_avg3	0.000420739708664758	0.00144585904681668	0.000758193011044722
mvr_msaldopesos_avg3	0.000418675336829732	0.000393358770597557	0.000588448307079486
Master_mlimitecompra_avg3	0.000416765813226737	0.000780980032388929	0.000690295129458628
Visa_cconsumos_lag1	0.00041668770372396	0.000411648411827873	0.000622397247872533
mplazo_fijo_dolares_tend	0.000416173060739147	0.00308092450354104	0.000577131993481803
cprestamos_personales_lag1	0.000414329634483701	0.00353573364657371	0.000248958899149013
mvr_mpagospesos_lag1	0.000412601450408777	0.000731799996301561	0.000758193011044722
ctransferencias_recibidas	0.000408879349420988	0.000606949230858734	0.000611080934274851
mvr_mconsumospesos_delta1	0.000405139884989028	0.000223723118884165	0.000611080934274851
mvr_mpagado_avg3	0.000401772591513239	0.000920991095702888	0.000554499366286439
internet	0.000400105227730206	0.000494109764548077	0.000645029875067898
ctarjeta_visa_transacciones_avg3	0.000398266824567583	0.00125448288988039	0.000712927756653992
tpaquete3_tend	0.00039648628404673	0.000908677931317094	0.000169744703965236
Visa_mconsumototal_tend	0.000391959584579194	0.000566105558581498	0.000667662502263263
Visa_delinquency_tend	0.000391120373729048	0.00162646364183787	0.000531866739091074
tcallcenter	0.000390929480661508	0.000112770775930805	0.000215009958355966
mv_mpagospesos_delta1	0.000388069055127053	0.000282869260113255	0.000577131993481803
mvr_msaldototal_lag1	0.000387927366706732	0.000166632723480982	0.000486601484700344
ccomisiones_otras	0.000385435683004408	0.000324846944354239	0.000543183052688756
mv_mfinanciacion_limite_avg3	0.000382888098197279	0.000587489991082338	0.000735560383849357
Master_Finiciomora_avg3	0.000380774606221558	0.00280788003673384	0.000339489407930473
ccallcenter_transacciones_delta1	0.000380763741722812	0.00122892365471498	0.000712927756653992
cextraccion_autoservicio_tend	0.000379094605101893	0.00130919953610275	0.00070161144305631
cliente_edad_tend	0.000375518155449751	0.0031090892144699	0.000633713561470215
mextraccion_autoservicio_tend	0.000375190818216189	0.00105832199281024	0.000588448307079486
mcuenta_debitos_automaticos_avg3	0.000369106867409785	0.000802070461788057	0.000452652543907297
Visa_mconsumosdolares_avg3	0.000368181418238463	0.000221108953373864	0.000543183052688756
mv_mpagominimo_delta1	0.000363486102050757	0.000777224820357908	0.000633713561470215
mttarjeta_visa_debitos_automaticos_lag1	0.000362395697760987	0.000605080935286275	0.000509234111895709
Visa_mpagado_tend	0.000362054938513429	0.000557842230024641	0.000565815679884121
ccomisiones_otras_delta1	0.000360782063856974	0.000396609770412622	0.000622397247872533
mv_msaldopesos_avg3	0.000359545722979667	0.000303594513246005	0.000441336230309614
Master_mfinanciacion_limite_lag1	0.000358736144116656	0.000667670078356039	0.000622397247872533
Master_msaldototal_avg3	0.000356083894211702	0.000194005012256741	0.000384754662321202
ctarjeta_visa_transacciones_lag1	0.000356078062453239	0.000403794742765309	0.000554499366286439
mv_cconsumos_avg3	0.000355455967350129	0.000956158501199349	0.000577131993481803
ctransferencias_emitidas	0.000351252091096264	0.00246284660355147	0.000486601484700344
mtransferencias_emitidas	0.000349394605990246	0.00127730940656063	0.000452652543907297
Visa_fechaalta_delta1	0.000348768249526369	3.07321173251666e-05	0.000147112076769871
Master_fultimo_cierre_delta1	0.00034869312742439	0.000181965367997945	0.000520550425493391
Visa_msaldopesos_delta1	0.00034597368787096	0.000426740640015356	0.000531866739091074
ccomisiones_mantenimiento_avg3	0.000345726890439338	0.00108387377962121	0.000475285171102662
mv_status02_avg3	0.00034500960719791	0.000936127393320818	0.000147112076769871
mvr_mconsumospesos	0.000342718265440703	0.000448478662453442	0.000543183052688756
Master_mlimitecompra	0.000342280188365262	0.000255798215894916	0.000486601484700344
Master_Finiciomora	0.000341055116449892	0.00132294133625021	0.000248958899149013
tcuentas_avg3	0.000339314729069685	0.000957223202087043	0.000226326271953648
Visa_Finiciomora_avg3	0.000338994249667013	0.00125167175677485	0.000463968857504979
mv_mconsumospesos_avg3	0.000338672135515488	0.000566252870480456	0.000486601484700344
catm_trx_tend	0.000331637526467218	0.000843957731282068	0.000577131993481803
mv_mpagominimo_lag1	0.000330583769744462	0.000721354920589491	0.000509234111895709
mvr_Visa_mlimitecompra_lag1	0.00032993611768866	0.000184805260027576	0.000520550425493391
matm_avg3	0.000329138707556526	0.000676769898496445	0.000520550425493391
cproductos_lag1	0.000326461027158812	0.000488795570552663	0.000452652543907297
mcuenta_debitos_automaticos_delta1	0.000326001212950723	0.00158526782791453	0.000611080934274851
Visa_mconsumospesos_isNA_tend	0.000322194123952416	0.00142330129159254	0.000452652543907297
Visa_msaldototal_delta1	0.00032150321957502	0.000311417768194598	0.000531866739091074
mtarjeta_visa_consumo_lag1	0.000320740750191921	0.000185852374522837	0.000588448307079486
tpaquete3_avg3	0.000320260678823512	0.000266557777683413	0.000181061017562919
mvr_msaldototal_avg3	0.000319700329594704	0.00041186896587884	0.000531866739091074
ctarjeta_debito_transacciones	0.000319317772054036	0.000941864695228268	0.00028290783994206
tcallcenter_delta1	0.000319060115677475	0.000411417719738914	0.000237642585551331
ctransferencias_recibidas_delta1	0.000318555290572502	0.00105139874735669	0.000565815679884121
Master_mpagospesos_tend	0.00031788049958936	0.00181691454763352	0.000588448307079486
mextraccion_autoservicio_avg3	0.000317500078986887	0.000972914195212145	0.000543183052688756
cpagomiscuentas_avg3	0.000315977584886746	0.000644304383573708	0.000430019916711932
Visa_fultimo_cierre_delta1	0.000315337653822579	0.000180011002551938	0.000339489407930473
Visa_msaldopesos	0.000315289840860402	0.000405603451502234	0.000509234111895709
mvr_mconsumosdolares_lag1	0.000312699935311159	0.000255177105893972	0.000452652543907297
mv_fultimo_cierre_delta1	0.000311515791540265	0.00100566502348975	0.000396070975918885
Visa_msaldototal	0.000309638150389723	0.000432274146669332	0.000463968857504979
Master_mpagospesos_avg3	0.000309548747024136	0.000329142989677221	0.000509234111895709
ccajas_depositos_tend	0.000308975461596067	0.00138196126925126	0.000486601484700344
Master_cconsumos_tend	0.000308031587186475	0.000556395594073076	0.000452652543907297
mv_mconsumosdolares	0.000306449691596665	0.00161547483625156	0.000407387289516567
Master_mlimitecompra_lag1	0.000304172288070722	0.000389673697237528	0.000543183052688756
Master_msaldopesos	0.000301745035521592	0.000247362333793493	0.00037343834872352
Master_mpagominimo	0.000301719622107441	0.00024498341214431	0.00037343834872352
catm_trx_avg3	0.000301213467947686	0.000689642930857773	0.00041870360311425
Master_mconsumototal_tend	0.000300994943098035	0.000302160084319775	0.000316856780735108
Visa_mconsumosdolares_lag1	0.000296676417486952	0.000416361564999589	0.000475285171102662
mvr_msaldopesos_lag1	0.000295619185593097	0.000276383398584415	0.000520550425493391
Master_mconsumospesos_tend	0.000295317921764163	0.00102518260870927	0.00041870360311425
ccajas_consultas_avg3	0.000294013751872605	0.00132710124220589	0.000475285171102662
Master_mconsumospesos_isNA_tend	0.000293353625756892	0.00109925483844205	0.000509234111895709
mv_status07_delta1	0.000291187801662484	0.000165613747213611	0.000124479449574507
Visa_mfinanciacion_limite_tend	0.000289983172399387	0.00156002018224327	0.000362122035125837
mv_mfinanciacion_limite_lag1	0.000286495576416276	0.000176121927039701	0.000362122035125837
Master_msaldopesos_tend	0.00028568802779578	0.0003065769585037	0.000463968857504979
Master_mpagospesos_lag1	0.000284515159009967	0.000265669768314975	0.000430019916711932
mvr_mconsumototal_delta1	0.000284311659529813	0.000197270701881955	0.000407387289516567
mv_mconsumospesos	0.000283809335280824	0.000371095846070066	0.000384754662321202
Master_mpagominimo_lag1	0.000283790401438957	0.00105832302730392	0.000271591526344378
internet_lag1	0.000283015769322051	0.000221344817931185	0.000475285171102662
mvr_mconsumosdolares	0.00028295558607533	0.00018874626712217	0.000396070975918885
Visa_msaldopesos_lag1	0.000282116910268034	0.000137117998309564	0.000384754662321202
Visa_mconsumototal_avg3	0.000280232451180147	0.000290178578605371	0.000463968857504979
mv_status06	0.000278346368190278	7.25846278317833e-05	3.39489407930473e-05
Visa_mpagado_avg3	0.000277928254249296	0.000400429948646273	0.00041870360311425
mvr_mconsumototal	0.000276948447814279	0.000284388931318095	0.000452652543907297
Visa_msaldototal_avg3	0.000275936019136202	0.000168653710319495	0.00037343834872352
mvr_msaldodolares2	0.000268886440439028	0.000597700029832025	0.000396070975918885
ccaja_ahorro_lag1	0.000268158768005681	0.000482051292504443	0.000294224153539743
Master_status_tend	0.000265866324560829	0.000411106957839708	0.000147112076769871
Master_mlimitecompra_tend	0.000263860024117722	0.000429149148183572	0.00037343834872352
mpagomiscuentas_avg3	0.000262816313606687	0.000512914169829808	0.00041870360311425
mv_mpagospesos_lag1	0.000261334039475399	0.00103676231708129	0.000577131993481803
catm_trx_other_tend	0.0002595982292929	0.000868071778787054	0.000475285171102662
ctarjeta_debito_transacciones_delta1	0.000258843145195945	0.00106446523003477	0.000577131993481803
mv_status04	0.000257641559523575	0.00222814647230886	0.000135795763172189
Master_msaldopesos_lag1	0.000257257671494044	0.00096018412987635	0.000430019916711932
mvr_mconsumosdolares_avg3	0.000254632622416611	0.000281742075807745	0.000463968857504979
mv_mpagado_avg3	0.000253754632797583	0.000202250754421166	0.000339489407930473
mv_msaldototal_delta1	0.000252488246865461	0.000444069650421428	0.000452652543907297
ctransferencias_recibidas_lag1	0.00025107556363514	0.000497820079553714	0.000486601484700344
ccajas_otras_tend	0.000250370480517941	0.000789611433794446	0.000430019916711932
cextraccion_autoservicio	0.000250232644719025	0.000781497693022627	0.000271591526344378
mvr_msaldodolares2_avg3	0.000249374376956728	0.000730175220539599	0.000486601484700344
mvr_mpagado_delta1	0.000248586121897941	0.000486172508396779	0.00041870360311425
Master_msaldopesos_avg3	0.000248492173692743	0.00042264156228761	0.000316856780735108
matm_other_tend	0.000245871947875366	0.000537766018221991	0.00041870360311425
Visa_mconsumosdolares	0.000241613708712739	0.000524877468455577	0.00037343834872352
Master_msaldototal_tend	0.000238526148102038	0.00031156942496698	0.000384754662321202
mvr_msaldodolares2_delta1	0.000237779345305481	0.00106116271243481	0.000350805721528155
Visa_msaldodolares_tend	0.000237271874528344	0.000927488957358328	0.000430019916711932
Master_msaldototal	0.000230583409574087	0.000318733086750015	0.000271591526344378
mautoservicio_lag1	0.000230126628683485	0.00018697645534733	0.000396070975918885
Master_delinquency_tend	0.000229915978559029	0.000644566317371575	0.000135795763172189
Visa_mconsumototal_delta1	0.000228922693776678	0.000301142142546077	0.000396070975918885
mtarjeta_visa_consumo_avg3	0.000227914526511518	0.000272202802755279	0.000362122035125837
mttarjeta_master_debitos_automaticos_tend	0.000226853725892288	0.00126978263749856	0.00041870360311425
ctarjeta_debito_transacciones_lag1	0.000226562115023796	0.000402738317826995	0.000396070975918885
mv_msaldopesos_delta1	0.000226146875464936	0.000252160522345086	0.00032817309433279
mextraccion_autoservicio_delta1	0.000225305960039194	0.000441332793961574	0.000396070975918885
mtarjeta_master_consumo_lag1	0.000222932392260696	0.000378755444119676	0.000260275212746696
mv_msaldopesos_lag1	0.000219705903445855	0.000170982769373666	0.00028290783994206
cextraccion_autoservicio_avg3	0.000216540834551579	0.000245123689486295	0.000350805721528155
Visa_mpagosdolares_tend	0.000216077819968522	0.000724987648569693	0.00037343834872352
mforex_sell_tend	0.000213990114998275	0.00140495806358999	0.00037343834872352
mv_mconsumosdolares_avg3	0.000213216464210446	0.000261482551726336	0.000384754662321202
mv_status01_delta1	0.000212725833515878	2.90659618163064e-05	5.65815679884121e-05
mextraccion_autoservicio	0.000207496495336456	0.000520056727941924	0.000339489407930473
Master_mfinanciacion_limite_tend	0.000206871436377563	0.000938873146426255	0.000316856780735108
Visa_msaldopesos_avg3	0.000206601499333529	0.000227065361041141	0.000396070975918885
matm_delta1	0.000206154469833524	0.000374622641898208	0.00041870360311425
Visa_Finiciomora_isNA_tend	0.00020580553543369	0.00115352665238525	0.000305540467137425
ctarjeta_master_debitos_automaticos_tend	0.000205628645522204	0.00132256374605976	0.00032817309433279
cpagomiscuentas	0.000203843147876286	0.000803187094258107	0.000226326271953648
ctarjeta_master_transacciones_tend	0.00020333642394283	0.000386779390840727	0.000294224153539743
mv_mlimitecompra_lag1	0.000200580797058318	0.000371410125247759	0.000350805721528155
matm_other_avg3	0.000199710226595838	0.000220188047106643	0.000316856780735108
mvr_mconsumosdolares_delta1	0.000196972853980981	0.000283738234798119	0.000305540467137425
Master_mconsumospesos_lag1	0.000196929559054123	0.000216199039505646	0.00028290783994206
mautoservicio_delta1	0.000196471473670649	0.000161673981511424	0.00032817309433279
Visa_mconsumosdolares_delta1	0.000195947550586638	0.000185720166231497	0.000350805721528155
mv_msaldototal_avg3	0.000195474722895322	7.17142048557775e-05	0.000294224153539743
Visa_mconsumototal	0.000194164638511823	0.000213123903614899	0.000339489407930473
Visa_mpagosdolares_avg3	0.000192988437650192	0.000990185067073824	0.000339489407930473
mvr_msaldodolares2_lag1	0.000191752850526232	0.000325204672266175	0.000271591526344378
tpaquete3	0.000191510055590593	0.00223228237801134	0.000260275212746696
cpagomiscuentas_delta1	0.000191418212200159	0.000506448998174417	0.000237642585551331
mprestamos_prendarios_avg3	0.000190955686847559	0.00151046379735786	0.000169744703965236
mpagomiscuentas_delta1	0.000190641100321306	0.000547021633109469	0.000339489407930473
minversion2	0.000189848665148999	0.00243137834052898	0.000192377331160601
Master_status_avg3	0.000187647194320166	0.000401873481116821	0.000147112076769871
mcuenta_debitos_automaticos_lag1	0.00018538178524506	0.00022348890951672	0.00032817309433279
mv_msaldototal_lag1	0.000185153872740083	0.000224660370151411	0.00028290783994206
ctarjeta_debito	0.000184003850883642	0.00017282644399672	0.000260275212746696
ccuenta_debitos_automaticos	0.000181244514681599	0.000753406844941979	0.000226326271953648
tmobile_app_lag1	0.000178151779630306	4.08966383532659e-05	0.000181061017562919
mvr_mconsumototal_avg3	0.000174974151452554	0.000154331766120523	0.000294224153539743
mprestamos_prendarios	0.000174850800296108	0.00402408231585988	0.000237642585551331
ccaja_seguridad_lag1	0.000172161473121111	0.000187914120412045	3.39489407930473e-05
mv_mconsumototal_avg3	0.000170432542150358	0.000341640500835447	0.000248958899149013
Master_msaldototal_lag1	0.000170208939060922	0.000165440366074108	0.000237642585551331
ctarjeta_master_descuentos_avg3	0.000169798173315516	0.000404958755045558	0.000192377331160601
cforex_tend	0.000169306895146093	0.00106192782395496	0.000339489407930473
mv_mlimitecompra	0.000169047305757757	0.000521589640665772	0.000362122035125837
ccajas_consultas	0.000168510877794117	0.000964304931971218	0.000316856780735108
Visa_mconsumosdolares_isNA_tend	0.000167569707280405	0.000278091347637642	0.000181061017562919
cplazo_fijo_tend	0.000165494756615709	0.00240630738637697	0.000271591526344378
cpayroll_trx_delta1	0.000165140822276952	0.000940247574719482	0.000271591526344378
mvr_mpagosdolares_avg3	0.000164830556456375	0.000666770068861001	0.000237642585551331
Master_mconsumospesos_delta1	0.000164381782213449	0.000358737577760153	0.000248958899149013
Visa_delinquency_avg3	0.000164369796275842	0.000215867173935522	0.000158428390367554
mv_mconsumospesos_lag1	0.000164190160332547	6.42399880722714e-05	0.000294224153539743
mvr_mconsumototal_lag1	0.000163933799453256	0.000186643762182267	0.000226326271953648
mv_mconsumospesos_delta1	0.000163624916608933	0.000186205964460083	0.000294224153539743
Visa_mconsumototal_lag1	0.000162232997838821	6.86026547877596e-05	0.000260275212746696
Visa_mlimitecompra_tend	0.000162084887548449	0.000642996990470457	0.000248958899149013
Visa_msaldototal_lag1	0.00015937129007887	0.000119222912965923	0.000316856780735108
Master_msaldopesos_delta1	0.00015598473130582	0.000118538491952225	0.000271591526344378
ctarjeta_visa	0.000155520436087794	0.000420682851968179	7.92141951837769e-05
Master_cconsumos_avg3	0.000154668588213907	0.000397477296806345	0.000248958899149013
ctarjeta_visa_debitos_automaticos	0.00015421747971618	0.000258614728367549	0.000271591526344378
cforex_sell_tend	0.000153692382588584	0.00029984095640486	0.000271591526344378
ctarjeta_visa_descuentos_tend	0.000152797662789795	0.000590287261972663	0.000248958899149013
ctransferencias_emitidas_lag1	0.000151117471484821	0.000434511963381592	0.00028290783994206
Master_Finiciomora_tend	0.000151045871070337	0.00105737356901133	0.000169744703965236
active_quarter_avg3	0.000150023412111883	0.000100979410153399	0.000237642585551331
mv_Fvencimiento_delta1	0.00014924647878924	3.80211597413028e-05	0.000158428390367554
mforex_sell_avg3	0.000147966210528966	0.000157487799416457	0.000237642585551331
mv_mpagospesos	0.000147871189995688	0.000122698191009177	0.000181061017562919
mpagomiscuentas_lag1	0.000146906183010149	0.000351389362305952	0.000260275212746696
Visa_mpagado_delta1	0.000143806544667575	0.0004510613793561	0.000316856780735108
tpaquete3_delta1	0.000143123370199196	0.0017588173829883	0.000113163135976824
mvr_msaldodolares_avg3	0.000142784262987694	0.00048192404978273	0.000215009958355966
Visa_mfinanciacion_limite_delta1	0.000142351843416752	0.000827668593915551	0.000226326271953648
mv_mpagosdolares_avg3	0.00014022635195787	0.000649784510354185	0.000215009958355966
mv_mpagado_delta1	0.00013980721122742	0.000192853620799296	0.000215009958355966
ctarjeta_visa_debitos_automaticos_delta1	0.000139637254709894	0.000617165890367925	0.000271591526344378
Master_mpagospesos_delta1	0.000139192246691469	0.00014180901331669	0.000203693644758284
ccajas_otras_avg3	0.000138193018761618	0.000631660181212728	0.000203693644758284
Master_mlimitecompra_delta1	0.000137546641109047	0.000118734631952523	0.000226326271953648
matm_lag1	0.00013752657496841	0.000309778509521222	0.000215009958355966
mplazo_fijo_dolares_delta1	0.00013717514584003	0.00122610424566006	0.000260275212746696
catm_trx_delta1	0.000136985801685036	0.000254391718297842	0.00028290783994206
mtarjeta_master_consumo_avg3	0.000136808050855188	9.53902477398454e-05	0.000147112076769871
Master_mconsumospesos	0.000136361672845467	0.000340537937479341	0.000226326271953648
Master_mpagospesos	0.000136207339839883	0.000229961529526553	0.000271591526344378
mv_Finiciomora_delta1	0.000135310834713661	0.0011925978232041	0.000147112076769871
ccajas_transacciones_avg3	0.000135176968452921	0.000178598091094096	0.000271591526344378
Master_mpagado_tend	0.000135152194195952	0.00064966450908818	0.000215009958355966
Master_mfinanciacion_limite_delta1	0.000134520969363631	0.000790886343796383	0.000215009958355966
Master_msaldototal_delta1	0.000133450211211077	0.000584921343293626	0.000226326271953648
mvr_mpagado	0.000133418673355423	0.000116368744923613	0.000237642585551331
mplazo_fijo_dolares_avg3	0.000132652930302742	0.000884795403496004	0.000169744703965236
mv_mconsumototal	0.00013050614971834	0.000157653525302785	0.000192377331160601
mvr_mpagado_lag1	0.00013028732532813	0.00049945147607518	0.000248958899149013
ccaja_seguridad_tend	0.000128256248855007	0.00132086365915844	0.000124479449574507
cseguro_vivienda_avg3	0.000127655221142312	0.00109034867551712	0.000237642585551331
cliente_vip_delta1	0.000125345870239125	9.31220169136149e-05	0.000124479449574507
Visa_mpagado	0.000124801628876839	0.000143420547559644	0.000215009958355966
Master_mconsumospesos_avg3	0.000123001899560465	0.00019281927560937	0.000260275212746696
Master_mconsumosdolares_tend	0.000121084712172658	0.000232124655795662	0.000135795763172189
cpagomiscuentas_lag1	0.000117654751933515	0.000271194378323368	0.000192377331160601
matm_other	0.000117236721078013	0.000469744955776887	0.000203693644758284
mcaja_ahorro_adicional	0.000117135506302562	0.000806174918882899	0.000124479449574507
mcheques_depositados_tend	0.000117038520242964	0.000782899225050073	0.000215009958355966
mcaja_ahorro_adicional_lag1	0.000116600717937579	0.000379779385956675	0.000124479449574507
ctarjeta_visa_debitos_automaticos_lag1	0.000116339087772746	0.000524557809910787	0.000226326271953648
Visa_Finiciomora_tend	0.000115543933007882	0.000937241956803524	0.000169744703965236
mcaja_ahorro_adicional_tend	0.000115428824953111	0.000457876416771516	0.000203693644758284
mv_mconsumosdolares_lag1	0.000115351535979741	0.000235514484661571	0.000181061017562919
cseguro_vivienda_tend	0.000115139425177876	0.000952599842966095	0.000215009958355966
mtarjeta_master_consumo_delta1	0.000113748966980874	0.000260026812230453	0.000260275212746696
thomebanking_delta1	0.000113284509946284	0.00036065925320611	0.000192377331160601
Master_Finiciomora_isNA_tend	0.000112957164994754	0.000436726400536855	0.000101846822379142
mextraccion_autoservicio_lag1	0.000111857621562982	0.000127564242345683	0.000215009958355966
mttarjeta_master_debitos_automaticos_avg3	0.000110712200292819	0.000107743136682661	0.000169744703965236
mv_mlimitecompra_delta1	0.000110497837148292	0.000222968766098209	0.000147112076769871
catm_trx_other_delta1	0.000109297530520363	0.00029033375265624	0.000203693644758284
mv_mconsumototal_lag1	0.000108958899710806	2.41535651632743e-05	0.000124479449574507
mv_msaldodolares_avg3	0.000108706704708515	0.000399189176935528	0.000169744703965236
tpaquete4_avg3	0.000108317829099238	0.000333831315000799	0.000101846822379142
Master_cconsumos_delta1	0.000108313819719665	0.000296311470893169	0.000215009958355966
mv_cconsumos_delta1	0.00010809451911003	0.000588384000514076	0.000192377331160601
cextraccion_autoservicio_delta1	0.000107821624520172	0.000350094796924239	0.000215009958355966
Master_fechaalta_delta1	0.00010668724466229	5.6542941351718e-05	0.000158428390367554
cextraccion_autoservicio_lag1	0.000105802189453044	0.000128309905384791	0.000192377331160601
ccomisiones_mantenimiento_lag1	0.000104545409573855	0.0011407632763532	0.000192377331160601
catm_trx_other_avg3	0.000103841585880251	8.39514374060128e-05	0.000147112076769871
Visa_mpagado_lag1	0.000103208627542995	0.00026753144312793	0.000203693644758284
ccajas_extracciones_avg3	0.000103162328553917	0.000651042661558628	0.000248958899149013
Master_cadelantosefectivo_tend	0.000102872051172823	0.000628947118107341	9.05305087814594e-05
Visa_mlimitecompra_delta1	0.000101734661777137	0.000111981250359986	0.000192377331160601
ccuenta_debitos_automaticos_delta1	9.93338303322643e-05	0.000702002233661358	0.000147112076769871
mv_cconsumos_lag1	9.81338960962441e-05	6.52424124408828e-05	0.000169744703965236
matm_other_lag1	9.65148412590661e-05	0.000140968590657185	0.000203693644758284
mprestamos_hipotecarios_tend	9.63433978334737e-05	0.00109052391874524	0.000192377331160601
thomebanking_lag1	9.33912293464531e-05	5.07340524821341e-05	0.000147112076769871
ccaja_ahorro_delta1	9.30995755076587e-05	0.00132229250181884	0.000113163135976824
catm_trx_lag1	9.28698425011343e-05	0.000136494612422541	0.000169744703965236
mv_fechaalta_delta1	9.18681880528791e-05	2.68991113699767e-05	0.000124479449574507
cseguro_accidentes_personales_avg3	9.17857514562441e-05	0.00012677637196474	0.000169744703965236
ccallcenter_transacciones_lag1	9.17735699490027e-05	0.000197186080299548	0.000181061017562919
mv_mconsumosdolares_delta1	9.16641412749952e-05	0.000121790319362229	0.000147112076769871
matm_other_delta1	9.06497661569237e-05	0.000126056571267444	0.000203693644758284
matm	8.98605736780332e-05	0.000156135302389086	0.000181061017562919
ctarjeta_debito_lag1	8.84878443292223e-05	0.00010511924693184	0.000169744703965236
mcheques_emitidos_tend	8.78815280882156e-05	0.000978178940410016	0.000158428390367554
Master_delinquency_avg3	8.76911154119753e-05	0.000147788800540964	9.05305087814594e-05
ctarjeta_master_avg3	8.63655650047801e-05	0.000874554329936143	0.000181061017562919
Master_Fvencimiento_delta1	8.5594115819194e-05	7.07030907403174e-05	0.000169744703965236
ctarjeta_master_transacciones_delta1	8.53637836272564e-05	0.00013576032881383	0.000169744703965236
Visa_delinquency_isNA_tend	8.31539583077105e-05	0.000233957778583257	7.92141951837769e-05
mcheques_emitidos_avg3	8.28034409945574e-05	0.00084882957578314	0.000158428390367554
ctarjeta_master_transacciones_avg3	8.27182726026338e-05	0.000352589374966003	0.000147112076769871
Master_mconsumototal_avg3	8.26840118169231e-05	0.000101918730407991	0.000158428390367554
mcheques_depositados_rechazados_avg3	7.87647959329058e-05	0.000712317790765636	0.000158428390367554
Master_mpagominimo_delta1	7.78018780654558e-05	0.000332920546771567	0.000169744703965236
mv_mpagado_lag1	7.63735951550238e-05	9.77553071738179e-05	0.000113163135976824
mtarjeta_visa_descuentos_tend	7.55906949051973e-05	0.000952341012649246	0.000181061017562919
ccajas_depositos_avg3	7.54830100224021e-05	0.00132772711087773	0.000192377331160601
Master_mconsumototal_delta1	7.48645676557822e-05	0.000261132065270107	0.000124479449574507
mvr_Visa_mlimitecompra_delta1	7.44641457070907e-05	0.00120699156126394	0.000147112076769871
Visa_msaldodolares_lag1	7.42703927938031e-05	0.000172215678932501	0.000135795763172189
mforex_sell	7.25952098757964e-05	0.000419920223232843	0.000113163135976824
Master_mpagosdolares_tend	7.25705563685073e-05	0.000232973561303281	0.000124479449574507
mv_status07_avg3	7.14490839239548e-05	1.51758152762184e-05	4.52652543907297e-05
cprestamos_personales_delta1	7.13812429937878e-05	0.000135312599952391	7.92141951837769e-05
ccajas_extracciones_delta1	7.07040792311954e-05	0.000783989167583374	0.000226326271953648
catm_trx_other	7.06293064975955e-05	0.000325235707076349	0.000124479449574507
Visa_delinquency	6.96371879104928e-05	0.000493470861255968	7.92141951837769e-05
catm_trx	6.91667087235353e-05	0.000463691926400603	0.000158428390367554
mforex_buy_tend	6.90191059937924e-05	0.000713412078172362	0.000135795763172189
mvr_msaldodolares_lag1	6.8067995677222e-05	0.000181688537491195	0.000124479449574507
mttarjeta_master_debitos_automaticos_lag1	6.80586981865242e-05	0.000235835384598767	0.000135795763172189
mprestamos_prendarios_tend	6.68980633692694e-05	0.000465037595769736	0.000113163135976824
Visa_Fvencimiento_delta1	6.59873832057823e-05	4.8993413428857e-05	0.000124479449574507
Visa_fultimo_cierre_isNA_tend	6.58902928493328e-05	0.0013786701310817	9.05305087814594e-05
Master_mpagosdolares_avg3	6.58140896061889e-05	7.18176542230232e-05	0.000113163135976824
Visa_madelantopesos_isNA_tend	6.54250074891455e-05	5.24657948898281e-05	6.78978815860945e-05
mv_status05_delta1	6.51812033771686e-05	0.000331524601009953	0.000113163135976824
mvr_mpagosdolares_delta1	6.51506803820298e-05	0.000316673616746886	0.000158428390367554
Master_cconsumos	6.43252835455969e-05	8.34679150635061e-05	0.000147112076769871
tpaquete4_lag1	6.38857643054386e-05	0.00056686156655733	9.05305087814594e-05
ccuenta_debitos_automaticos_lag1	6.30186053929776e-05	0.000326099095495382	0.000135795763172189
cplazo_fijo_avg3	6.29241003990368e-05	0.00024329884264808	9.05305087814594e-05
mv_status01	6.14989373203302e-05	0.000566636253835469	0.000101846822379142
mv_status04_delta1	6.12391769373062e-05	0.000480409551046253	0.000124479449574507
ctarjeta_master_lag1	6.11470589332622e-05	7.55461763172949e-05	2.26326271953648e-05
cforex_avg3	6.09870911338189e-05	0.000109381153963631	0.000101846822379142
mcheques_emitidos	6.09732918259621e-05	0.00121741760229243	0.000101846822379142
Master_Finiciomora_delta1	6.07472323631487e-05	5.47389912856864e-05	3.39489407930473e-05
mv_mconsumototal_delta1	6.05288211970654e-05	0.000143300339394905	0.000101846822379142
Master_madelantopesos_tend	6.02342053276823e-05	1.37070411600631e-06	1.13163135976824e-05
mcheques_emitidos_rechazados_tend	5.99406135490862e-05	0.00084550098894264	0.000147112076769871
Visa_msaldodolares	5.98324002984401e-05	0.000382164514567893	0.000124479449574507
mv_status07	5.98009985501772e-05	5.44640228675472e-06	5.65815679884121e-05
ccajas_transacciones_delta1	5.90947542961278e-05	7.67662581545914e-05	0.000101846822379142
cseguro_vida_tend	5.84401657696088e-05	0.000373473112529374	0.000124479449574507
Master_mconsumosdolares_isNA_tend	5.83818363994277e-05	0.000729041208575851	0.000113163135976824
ccajas_consultas_lag1	5.80482113694175e-05	0.000236240492320902	0.000101846822379142
tpaquete4_tend	5.76717209591332e-05	0.000881264469693172	0.000113163135976824
Master_msaldodolares_tend	5.75508455752789e-05	0.000181052323882634	0.000124479449574507
Visa_mpagosdolares_delta1	5.61299920685594e-05	0.000489159712325368	0.000124479449574507
Visa_msaldodolares_avg3	5.56808057618092e-05	0.000141273973189295	9.05305087814594e-05
mcheques_depositados	5.52604113310531e-05	0.00129027616404868	0.000113163135976824
Visa_mconsumosdolares_isNA_delta1	5.49503082135651e-05	3.08386701734297e-05	2.26326271953648e-05
mtarjeta_master_descuentos_isNA_tend	5.49402627058468e-05	0.000793555958167527	0.000124479449574507
Master_mconsumototal_lag1	5.42839255904603e-05	0.000147419900097365	7.92141951837769e-05
Master_mpagosdolares_delta1	5.42049958450932e-05	0.000326963932205556	0.000124479449574507
mcheques_depositados_avg3	5.41497401813548e-05	0.00056836509966088	0.000101846822379142
cseguro_vida	5.41403036629537e-05	0.00012958171190571	0.000101846822379142
mv_mfinanciacion_limite_delta1	5.39858827351235e-05	0.00012300233214888	7.92141951837769e-05
ctarjeta_visa_tend	5.36336282536083e-05	0.000783927304861761	9.05305087814594e-05
Master_mconsumospesos_isNA_avg3	5.33159145948505e-05	3.76307418293173e-06	5.65815679884121e-05
cseguro_vida_lag1	5.29127077637729e-05	8.57558012695133e-05	6.78978815860945e-05
ccheques_emitidos	5.25171565302049e-05	0.00100308520316937	7.92141951837769e-05
Master_mpagado_delta1	5.24575196425423e-05	0.000222428346603717	0.000135795763172189
mprestamos_hipotecarios	5.24079485483357e-05	0.00103122446555389	6.78978815860945e-05
cforex_buy_tend	5.20456154448517e-05	0.000921927105577728	9.05305087814594e-05
ccheques_emitidos_tend	5.13375572599573e-05	0.000784888349483474	0.000101846822379142
Visa_mpagosdolares	5.10791462696009e-05	0.000113914719033809	0.000113163135976824
Master_mpagado_avg3	5.07478314148561e-05	5.2199309319803e-05	9.05305087814594e-05
Master_mconsumosdolares	5.07326624285942e-05	4.00361465165157e-05	4.52652543907297e-05
mcaja_ahorro_adicional_avg3	5.0714461428556e-05	0.000118169591508627	9.05305087814594e-05
ccajas_transacciones_lag1	5.05098388799021e-05	5.86297219877994e-05	9.05305087814594e-05
cseguro_vida_avg3	5.04759094452894e-05	0.000185823408700008	0.000101846822379142
ctarjeta_master_debitos_automaticos	5.03715694146771e-05	0.000364774675933881	6.78978815860945e-05
mplazo_fijo_dolares_lag1	4.99461477713715e-05	0.000281456969351616	7.92141951837769e-05
mv_status01_lag1	4.99454118527858e-05	0.0001132998159949	6.78978815860945e-05
Master_delinquency_isNA_tend	4.9305956590857e-05	0.000261726071536832	0.000101846822379142
mv_status02_delta1	4.89463120516166e-05	0.000399820424974461	6.78978815860945e-05
ctarjeta_master_debitos_automaticos_avg3	4.79530619479696e-05	0.000454897074994838	0.000124479449574507
ctarjeta_master_descuentos_tend	4.65129430657659e-05	0.000449967091949374	0.000101846822379142
mcheques_depositados_delta1	4.63750984537664e-05	0.000358319228519011	0.000113163135976824
cplazo_fijo_delta1	4.62912896756017e-05	0.00123080291592036	0.000101846822379142
ccajas_consultas_delta1	4.6271788876049e-05	0.000158040012138815	7.92141951837769e-05
mcheques_depositados_lag1	4.60312886797408e-05	0.000167997841331157	0.000101846822379142
mttarjeta_master_debitos_automaticos_delta1	4.51446708038018e-05	0.000409721150116084	0.000101846822379142
Master_cconsumos_lag1	4.50331873123331e-05	0.000182245922681916	0.000135795763172189
ccajas_transacciones	4.49817857562304e-05	6.56802101630669e-05	4.52652543907297e-05
Visa_status_lag1	4.45056898187691e-05	3.67561808786216e-05	4.52652543907297e-05
ccajas_extracciones_lag1	4.44603548976401e-05	0.000673995386466914	9.05305087814594e-05
mcheques_depositados_rechazados_tend	4.36585140266515e-05	0.000524102218897437	9.05305087814594e-05
mvr_mpagosdolares_lag1	4.31817913694082e-05	7.17487569444376e-05	7.92141951837769e-05
active_quarter	4.3044601689489e-05	0.000165287261010584	7.92141951837769e-05
mtarjeta_master_descuentos_tend	4.2883475882101e-05	0.000271624520792375	9.05305087814594e-05
mprestamos_prendarios_lag1	4.28578360655595e-05	0.000809987855660844	6.78978815860945e-05
Visa_madelantopesos_tend	4.20339637362082e-05	0.000987555384158437	7.92141951837769e-05
mtarjeta_master_descuentos_isNA_avg3	4.19585583118316e-05	0.000521340120791975	0.000124479449574507
mcajeros_propios_descuentos_tend	4.13607832529023e-05	0.00107255890162934	0.000101846822379142
Master_msaldodolares_avg3	4.10695745530711e-05	0.000192765688837137	5.65815679884121e-05
mv_mpagado	4.10209271639316e-05	4.05550485426204e-05	6.78978815860945e-05
Visa_mpagosdolares_lag1	4.09951036284858e-05	0.000174168596087367	9.05305087814594e-05
mprestamos_prendarios_delta1	4.07734062250502e-05	0.000971531697868272	0.000101846822379142
ccheques_emitidos_rechazados_avg3	4.06532519757028e-05	0.000777875723776619	7.92141951837769e-05
Master_status	4.04814316734368e-05	0.000358511230544619	6.78978815860945e-05
Master_Finiciomora_lag1	4.04296751951477e-05	0.000981222627693121	7.92141951837769e-05
Master_mconsumospesos_isNA_delta1	4.02681999411581e-05	0.000106511261617499	7.92141951837769e-05
mcajeros_propios_descuentos_avg3	3.99836655619071e-05	0.000198899822517341	7.92141951837769e-05
mtarjeta_visa_descuentos_isNA_tend	3.9943135023104e-05	0.000167620871836914	9.05305087814594e-05
ctarjeta_master_transacciones_lag1	3.97762086941594e-05	4.7113945324736e-05	9.05305087814594e-05
Visa_madelantodolares_isNA_tend	3.94238031908029e-05	0.000365225301377604	5.65815679884121e-05
mtarjeta_visa_descuentos_delta1	3.89585960532544e-05	0.00153126146504768	6.78978815860945e-05
Master_fultimo_cierre_isNA_tend	3.88379097856664e-05	0.000353123173700991	4.52652543907297e-05
mvr_msaldodolares_delta1	3.85696493135244e-05	7.03577767524511e-05	6.78978815860945e-05
cseguro_vivienda_delta1	3.8233508904193e-05	0.00101185501982826	5.65815679884121e-05
mcheques_emitidos_lag1	3.79734636864669e-05	0.000271768315412847	6.78978815860945e-05
mprestamos_hipotecarios_avg3	3.79001655278308e-05	0.000234780614850329	4.52652543907297e-05
active_quarter_lag1	3.77723155266859e-05	9.69734368561745e-06	6.78978815860945e-05
cseguro_accidentes_personales_tend	3.75169501086963e-05	0.000475515361481856	7.92141951837769e-05
Visa_status_isNA_tend	3.73167295651144e-05	0.000391109781353634	7.92141951837769e-05
ctarjeta_visa_descuentos_avg3	3.72253023191194e-05	0.000427521682738062	6.78978815860945e-05
ccheques_emitidos_rechazados_tend	3.70280858899058e-05	0.000456373504364169	9.05305087814594e-05
Visa_msaldodolares_delta1	3.68477484459866e-05	5.2652210649605e-05	7.92141951837769e-05
Master_cadelantosefectivo	3.66628056181345e-05	0.000532544307960894	4.52652543907297e-05
Master_status_isNA_tend	3.58074129028514e-05	0.000250816921963298	6.78978815860945e-05
Visa_mconsumospesos_isNA_delta1	3.57070084096418e-05	4.37454270284796e-05	4.52652543907297e-05
mv_status04_lag1	3.5595822959464e-05	0.000527656325358532	6.78978815860945e-05
Master_mconsumosdolares_avg3	3.54485695198774e-05	0.000273200675351732	7.92141951837769e-05
Visa_Finiciomora_delta1	3.54054123691607e-05	0.00043702143813224	4.52652543907297e-05
minversion2_delta1	3.52755867770506e-05	0.000900823848457062	6.78978815860945e-05
Visa_delinquency_lag1	3.50786678546066e-05	8.02477431598802e-06	4.52652543907297e-05
mtarjeta_visa_descuentos	3.45046673673228e-05	0.00120494388448867	9.05305087814594e-05
ctarjeta_master	3.4436869563904e-05	0.000476216334394313	6.78978815860945e-05
cseguro_vivienda_lag1	3.43468513683757e-05	0.000221444336222475	7.92141951837769e-05
Master_mpagosdolares_lag1	3.43060884040385e-05	0.000139676508060286	6.78978815860945e-05
mvr_Master_mlimitecompra_delta1	3.40643893154198e-05	0.000104818209273155	0.000113163135976824
cliente_edad_delta1	3.37851277156558e-05	0.000123393784554538	6.78978815860945e-05
cforex_buy_delta1	3.36494017377535e-05	0.000294606625320959	6.78978815860945e-05
Master_mpagado	3.36467809664636e-05	4.92468643786091e-05	5.65815679884121e-05
Visa_cadelantosefectivo_tend	3.33963076966007e-05	0.0011181283479011	9.05305087814594e-05
mvr_mpagosdolares	3.33617280754143e-05	7.71806763197779e-05	6.78978815860945e-05
ctarjeta_master_descuentos_delta1	3.29405602835027e-05	0.000144050140408702	3.39489407930473e-05
Master_Finiciomora_isNA_avg3	3.25235601937857e-05	9.30417402046321e-05	4.52652543907297e-05
mcheques_emitidos_rechazados_avg3	3.23355576091949e-05	0.000271865144020589	5.65815679884121e-05
catm_trx_other_lag1	3.21028788423906e-05	4.44403998776366e-05	6.78978815860945e-05
mv_msaldodolares	3.18048142411602e-05	0.000139809130149095	6.78978815860945e-05
tcallcenter_lag1	3.14889988372521e-05	7.54787273298507e-06	4.52652543907297e-05
Master_msaldodolares	3.12726312636813e-05	0.000779066425993617	9.05305087814594e-05
ccajeros_propios_descuentos_tend	3.03126898197856e-05	0.000121261486196868	9.05305087814594e-05
Master_mconsumototal	2.98054467748247e-05	6.20356889549988e-05	7.92141951837769e-05
mv_status07_lag1	2.97460624419886e-05	8.37743320892881e-05	4.52652543907297e-05
mcaja_ahorro_adicional_delta1	2.94172218736055e-05	0.000521340741488179	7.92141951837769e-05
ccajas_otras	2.91061954160892e-05	0.000240688608213735	4.52652543907297e-05
ctarjeta_visa_avg3	2.88661873966242e-05	0.000212113617094377	7.92141951837769e-05
cplazo_fijo_lag1	2.88627173360708e-05	8.03408475904013e-05	5.65815679884121e-05
ctarjeta_master_debitos_automaticos_delta1	2.88287686065405e-05	0.000130579791400897	6.78978815860945e-05
minversion1_pesos_tend	2.8814343830464e-05	0.000155403708463924	5.65815679884121e-05
mv_status05_avg3	2.85982883130735e-05	1.95535855993244e-05	4.52652543907297e-05
ccheques_depositados	2.78194835398717e-05	0.00174067112258099	9.05305087814594e-05
cinversion1	2.77310067996633e-05	0.00138377515045654	5.65815679884121e-05
cpagodeservicios_tend	2.71137417359055e-05	7.87549687905239e-05	3.39489407930473e-05
cseguro_vivienda	2.70757903018001e-05	0.000303183198561836	5.65815679884121e-05
ctarjeta_master_descuentos_lag1	2.69234103069127e-05	7.3580017643422e-05	4.52652543907297e-05
Master_mpagado_lag1	2.69034296375453e-05	0.000113832166438747	4.52652543907297e-05
mv_status02_lag1	2.65359455211488e-05	1.98469680048334e-05	4.52652543907297e-05
mforex_buy_delta1	2.65237104574741e-05	0.000728675825410739	6.78978815860945e-05
ccheques_depositados_rechazados_avg3	2.63178501659325e-05	0.000780898307388805	6.78978815860945e-05
cforex_sell_delta1	2.57273841782231e-05	3.97469020856965e-05	3.39489407930473e-05
Visa_Finiciomora_isNA_avg3	2.40249554286037e-05	4.57521378543128e-05	4.52652543907297e-05
ccheques_depositados_rechazados_tend	2.38659519578513e-05	0.000302733607611786	4.52652543907297e-05
Visa_mconsumospesos_isNA_avg3	2.35523254841186e-05	6.99034271315077e-05	4.52652543907297e-05
mtarjeta_visa_descuentos_avg3	2.33120957295469e-05	0.000406444081060473	9.05305087814594e-05
mprestamos_hipotecarios_lag1	2.31793536845722e-05	0.000344411288687757	3.39489407930473e-05
mttarjeta_master_debitos_automaticos	2.30651980686513e-05	6.74293320644582e-05	4.52652543907297e-05
minversion2_tend	2.3057831999202e-05	0.000485375327572784	4.52652543907297e-05
ccajas_depositos_delta1	2.30469842922487e-05	3.08657739076481e-05	4.52652543907297e-05
cforex_sell_avg3	2.27357912726603e-05	2.15662964884579e-05	3.39489407930473e-05
cforex_delta1	2.25386109823059e-05	0.000158579810937103	6.78978815860945e-05
ccheques_depositados_tend	2.21061741241601e-05	3.77699846776301e-05	5.65815679884121e-05
Master_msaldodolares_delta1	2.18985324423912e-05	4.27218989889501e-05	2.26326271953648e-05
cforex_sell	2.18052948116441e-05	3.06017711224369e-05	4.52652543907297e-05
cprestamos_hipotecarios	2.17331618574353e-05	0.000212907280639886	2.26326271953648e-05
Visa_delinquency_delta1	2.15651967839961e-05	4.13644363919512e-05	3.39489407930473e-05
minversion2_avg3	2.14366154533269e-05	0.00014651451123523	3.39489407930473e-05
ccheques_emitidos_avg3	2.08557508251928e-05	0.00023662780675187	3.39489407930473e-05
cprestamos_prendarios_avg3	2.08049672540107e-05	0.00126519983052958	6.78978815860945e-05
mv_mpagosdolares	2.07527464200635e-05	2.71947696615651e-05	2.26326271953648e-05
cforex	2.04104783621001e-05	3.12199845410976e-05	3.39489407930473e-05
cforex_buy	2.01051743599468e-05	0.000642117050152664	3.39489407930473e-05
Master_delinquency_delta1	1.95352371215606e-05	0.00021785981564741	3.39489407930473e-05
active_quarter_delta1	1.90446604006134e-05	0.000102074938952532	3.39489407930473e-05
mvr_msaldodolares	1.87136923329006e-05	8.4715100635021e-05	4.52652543907297e-05
cprestamos_hipotecarios_lag1	1.86236175563302e-05	0.000135987296725568	2.26326271953648e-05
minversion2_lag1	1.8442037571868e-05	0.00037955986639938	3.39489407930473e-05
mforex_sell_lag1	1.81470374728832e-05	1.50723659089726e-05	4.52652543907297e-05
mforex_sell_delta1	1.81363652453829e-05	6.17114786380506e-05	4.52652543907297e-05
Visa_mpagospesos_isNA_tend	1.80143332876657e-05	1.49935374911313e-05	2.26326271953648e-05
mcajeros_propios_descuentos	1.80081559676581e-05	0.000126682026141812	6.78978815860945e-05
ccajas_extracciones	1.79387300643098e-05	9.27347024826467e-05	4.52652543907297e-05
cliente_vip_lag1	1.78113757861011e-05	5.27080733079177e-05	3.39489407930473e-05
mv_status03_delta1	1.76513960968166e-05	1.61892052777578e-05	3.39489407930473e-05
Master_mconsumosdolares_delta1	1.71821995525416e-05	0.000124912835063175	4.52652543907297e-05
cprestamos_prendarios_tend	1.7150470416461e-05	0.000302049600395557	3.39489407930473e-05
ctarjeta_debito_delta1	1.68737162173091e-05	0.000206069484363676	3.39489407930473e-05
Master_mconsumosdolares_lag1	1.64925629555267e-05	2.3014380731164e-05	2.26326271953648e-05
mforex_buy_avg3	1.61766928479199e-05	7.00859118153293e-05	4.52652543907297e-05
mv_cadelantosefectivo	1.60212155494272e-05	0.000364602536186784	4.52652543907297e-05
ctarjeta_master_transacciones	1.55152044588788e-05	0.000558956586608612	5.65815679884121e-05
mtarjeta_visa_descuentos_isNA_delta1	1.49467455240688e-05	3.75577065760418e-05	2.26326271953648e-05
mcheques_emitidos_delta1	1.49333212676907e-05	0.000210996363928122	3.39489407930473e-05
Visa_status	1.48359952003563e-05	2.19426452864979e-05	3.39489407930473e-05
cliente_vip_tend	1.47600514477796e-05	2.40310811124553e-05	2.26326271953648e-05
tcuentas_tend	1.46780442934315e-05	7.53713468866496e-05	3.39489407930473e-05
mv_mpagosdolares_delta1	1.44316890804616e-05	0.000124382553606673	4.52652543907297e-05
ccajeros_propios_descuentos_avg3	1.43773160027567e-05	0.000156233372389235	5.65815679884121e-05
mcajeros_propios_descuentos_lag1	1.40654330855683e-05	0.000223856568567912	7.92141951837769e-05
mpagodeservicios_avg3	1.34140031631293e-05	2.5393095481613e-05	2.26326271953648e-05
Master_msaldodolares_lag1	1.3318338336049e-05	0.00010674071231405	2.26326271953648e-05
cseguro_accidentes_personales_lag1	1.30778439803645e-05	3.50445076481733e-06	2.26326271953648e-05
cprestamos_hipotecarios_avg3	1.3024728931285e-05	0.000335316641015713	2.26326271953648e-05
ccajas_otras_delta1	1.29753193407532e-05	0.000127795555130845	4.52652543907297e-05
cseguro_auto_avg3	1.28022873958866e-05	0.000106534020478293	5.65815679884121e-05
Master_madelantopesos_isNA_tend	1.25521686570968e-05	2.20816812360762e-05	2.26326271953648e-05
mtarjeta_visa_descuentos_isNA_avg3	1.23787175692574e-05	3.11661908701298e-05	3.39489407930473e-05
Master_madelantopesos_avg3	1.23335194855978e-05	0.000244332715624334	2.26326271953648e-05
mv_status04_avg3	1.22817033495096e-05	1.150087995418e-05	3.39489407930473e-05
cseguro_auto_tend	1.20086975792083e-05	0.00020477988455159	3.39489407930473e-05
ccheques_depositados_avg3	1.18017062404582e-05	0.000515074813314103	4.52652543907297e-05
cseguro_accidentes_personales	1.16832795120143e-05	3.7222323727431e-05	2.26326271953648e-05
cforex_sell_lag1	1.16468323514011e-05	3.74503261328407e-05	3.39489407930473e-05
Visa_madelantopesos	1.14480185637551e-05	0.000293213369242893	3.39489407930473e-05
mpagodeservicios_tend	1.14189698046153e-05	5.7773368125739e-05	2.26326271953648e-05
Visa_madelantodolares_isNA_delta1	1.14108882587633e-05	6.70827766841849e-06	1.13163135976824e-05
mv_status05	1.13155450831737e-05	2.49834359873198e-05	1.13163135976824e-05
cforex_buy_avg3	1.08804880795191e-05	2.31023126933229e-05	3.39489407930473e-05
Visa_mconsumototal_isNA_tend	1.05680770812963e-05	6.18627216129639e-07	1.13163135976824e-05
Master_Finiciomora_isNA	1.05530958815158e-05	7.72477115097531e-06	1.13163135976824e-05
Visa_madelantopesos_avg3	1.0421601748372e-05	2.54259923803971e-05	2.26326271953648e-05
ctarjeta_master_delta1	1.02372508051534e-05	2.15907105391279e-05	1.13163135976824e-05
tpaquete3_lag1	1.01034404475267e-05	6.67027037089239e-05	2.26326271953648e-05
ccajas_depositos	9.90782596580706e-06	0.000200463770051363	2.26326271953648e-05
cforex_lag1	9.8508943820327e-06	7.31271163136201e-05	3.39489407930473e-05
mv_status05_lag1	9.83743758503693e-06	5.13315760273456e-07	1.13163135976824e-05
mvr_madelantopesos	9.81806256748741e-06	0.000198612440175133	2.26326271953648e-05
mvr_madelantopesos_delta1	9.74622498196269e-06	7.48249273288575e-05	2.26326271953648e-05
mtarjeta_master_descuentos	9.71071252973462e-06	0.000173779212669054	2.26326271953648e-05
Master_Finiciomora_isNA_lag1	9.70023048754349e-06	5.43405043230557e-05	2.26326271953648e-05
mtarjeta_master_descuentos_delta1	9.13842746491943e-06	0.000108641490987824	3.39489407930473e-05
ccheques_depositados_delta1	9.06446065916693e-06	0.000156760964162188	4.52652543907297e-05
mtarjeta_master_descuentos_avg3	8.72949922144725e-06	1.86817143321771e-05	2.26326271953648e-05
mvr_madelantopesos_lag1	8.7101463148303e-06	0.000118551940369967	1.13163135976824e-05
Master_cadelantosefectivo_avg3	8.58088830618721e-06	5.15794407112664e-05	1.13163135976824e-05
mpayroll2_tend	8.29178828010394e-06	0.000187424391107504	1.13163135976824e-05
mtarjeta_visa_descuentos_lag1	8.22306426849349e-06	0.000301460766597194	3.39489407930473e-05
Visa_cadelantosefectivo_avg3	8.21187853544384e-06	7.08214368164466e-07	1.13163135976824e-05
cseguro_vida_delta1	8.15734984683615e-06	0.000171417670513568	2.26326271953648e-05
ccheques_depositados_lag1	8.15020989296139e-06	7.54797618235231e-05	1.13163135976824e-05
Master_mfinanciacion_limite_isNA_avg3	7.68803800239151e-06	3.04037690335286e-06	1.13163135976824e-05
ccaja_seguridad_delta1	7.61223671931419e-06	0.000660664694104891	2.26326271953648e-05
minversion1_dolares_lag1	7.48534499764283e-06	5.98384243946989e-05	1.13163135976824e-05
cinversion1_delta1	7.35185170244528e-06	0.000129234535829233	1.13163135976824e-05
tcuentas	7.34094475488026e-06	0.000105652838768094	1.13163135976824e-05
cinversion2	6.99968211856732e-06	3.47126420780489e-05	1.13163135976824e-05
Visa_delinquency_isNA_delta1	6.97883276072195e-06	5.35344268534768e-05	1.13163135976824e-05
minversion1_pesos	6.94589080870126e-06	9.28687728625972e-05	1.13163135976824e-05
Master_status_lag1	6.71055288936557e-06	4.02693213902876e-05	1.13163135976824e-05
cinversion2_avg3	6.70980565457145e-06	9.0349780770163e-05	3.39489407930473e-05
Master_madelantodolares_isNA_tend	6.63740032913442e-06	0.000132382913871991	1.13163135976824e-05
cseguro_auto_lag1	6.50870114302283e-06	1.80421903438638e-05	2.26326271953648e-05
ccajas_otras_lag1	6.38639629259307e-06	2.29678285159034e-05	2.26326271953648e-05
Master_mfinanciacion_limite_isNA_delta1	5.99670351748281e-06	6.92303855482068e-06	1.13163135976824e-05
mv_status03_avg3	5.97463208735168e-06	4.73758791226023e-05	2.26326271953648e-05
ccajas_depositos_lag1	5.74563617275248e-06	0.000109745088837601	2.26326271953648e-05
Visa_Finiciomora_isNA_delta1	5.70122490454232e-06	0.000172158781780516	2.26326271953648e-05
cprestamos_hipotecarios_tend	5.63364450791093e-06	8.80221700071334e-05	1.13163135976824e-05
mv_madelantopesos_delta1	5.61416769663414e-06	8.22141087324875e-05	1.13163135976824e-05
mvr_madelantopesos_avg3	5.48489842393107e-06	2.78342936498784e-05	1.13163135976824e-05
Master_madelantopesos_isNA_delta1	5.48484001769411e-06	1.25790292596153e-05	1.13163135976824e-05
mv_mpagosdolares_lag1	5.35086069916756e-06	5.24984848898778e-06	1.13163135976824e-05
ctarjeta_visa_descuentos	5.32230808015132e-06	4.37104611423505e-05	3.39489407930473e-05
Master_status_delta1	5.3033551519607e-06	1.16897784987708e-06	1.13163135976824e-05
mcajeros_propios_descuentos_delta1	5.20907413550899e-06	1.00041745088684e-05	1.13163135976824e-05
Visa_madelantopesos_delta1	5.20827438725003e-06	6.66335995316038e-05	1.13163135976824e-05
mv_msaldodolares_delta1	5.18473625656743e-06	2.49023316833991e-06	1.13163135976824e-05
ctarjeta_visa_descuentos_delta1	4.82231510046642e-06	9.2374905583366e-05	3.39489407930473e-05
cinversion1_tend	4.71382397693322e-06	4.13034012652762e-05	2.26326271953648e-05
mcheques_depositados_rechazados_lag1	4.64152112315299e-06	3.48665747365106e-06	1.13163135976824e-05
ccajeros_propios_descuentos_lag1	4.63321450469495e-06	0.000103755784271541	3.39489407930473e-05
mcheques_emitidos_rechazados_lag1	4.56974653292671e-06	0.000168068600698353	1.13163135976824e-05
mcheques_depositados_rechazados	4.53217046319058e-06	1.32557950201371e-05	1.13163135976824e-05
mtarjeta_visa_descuentos_isNA	4.47431324485724e-06	1.54532664791715e-05	1.13163135976824e-05
mcheques_emitidos_rechazados_delta1	4.36352704302781e-06	0.000300246271025729	1.13163135976824e-05
ctarjeta_master_debitos_automaticos_lag1	4.26071579566798e-06	5.47391981844209e-06	1.13163135976824e-05
minversion1_pesos_avg3	4.24528361630072e-06	3.64210049287454e-05	1.13163135976824e-05
mtarjeta_master_descuentos_isNA_delta1	4.11194572341222e-06	3.83573701848515e-05	2.26326271953648e-05
mtarjeta_visa_descuentos_isNA_lag1	3.89465387114149e-06	4.70156684258525e-06	1.13163135976824e-05
cinversion1_avg3	3.77287702352355e-06	6.91019014340876e-05	2.26326271953648e-05
mprestamos_hipotecarios_delta1	3.73375261487528e-06	0.000115174732326862	1.13163135976824e-05
mforex_buy_lag1	3.65145280356126e-06	9.86004885042158e-05	1.13163135976824e-05
ctarjeta_visa_delta1	3.62242949285323e-06	0.000265450662555149	1.13163135976824e-05
Master_mpagosdolares	3.58838251568861e-06	2.02545585117816e-05	3.39489407930473e-05
cpagodeservicios_avg3	3.54069288453847e-06	1.83324692683554e-05	1.13163135976824e-05
mforex_buy	3.43930341186122e-06	7.32214621365482e-07	1.13163135976824e-05
mtarjeta_master_descuentos_isNA	3.4228889647445e-06	1.95581373714832e-06	1.13163135976824e-05
cprestamos_prendarios_lag1	2.86621536558468e-06	2.02017993344863e-05	1.13163135976824e-05
mtarjeta_master_descuentos_lag1	2.42634845187113e-06	7.07413670061984e-05	3.39489407930473e-05
mtarjeta_master_descuentos_isNA_lag1	2.41510478192035e-06	3.62217614474301e-06	1.13163135976824e-05
minversion1_pesos_delta1	2.07871155702031e-06	1.76000477482555e-05	1.13163135976824e-05
cinversion2_lag1	1.93913629521181e-06	7.70379161929787e-05	1.13163135976824e-05
tpaquete1_delta1	1.69464956034048e-06	2.45847421259546e-05	1.13163135976824e-05
mv_msaldodolares_lag1	1.49636528781067e-06	1.19877126764386e-05	1.13163135976824e-05
cinversion2_tend	1.04181591961132e-06	9.40857512188764e-05	2.26326271953648e-05
minversion1_dolares_avg3	7.39212488876677e-07	2.72719428895305e-05	1.13163135976824e-05
Master_mconsumosdolares_isNA_avg3	3.14562251160532e-07	6.07040886998114e-07	1.13163135976824e-05
Master_mpagosdolares_isNA_tend	2.79926205377423e-07	6.87793463070153e-06	1.13163135976824e-05
