Feature	Gain	Cover	Frequency
ctrx_quarter	0.115795325138136	0.0252788629940006	0.00538423886441508
mcaja_ahorro	0.097453700710317	0.023643717949085	0.00525371186164138
mcuenta_corriente	0.0521644683550228	0.00307828805198604	0.00538423886441508
Master_mfinanciacion_limite	0.0510089423858328	0.00106440471019494	0.00212106379507261
mdescubierto_preacordado_deflactada	0.0458612971746231	0.00664357162201135	0.00887583618861152
mtarjeta_visa_consumo	0.0342601354368266	0.0201889490759919	0.00336107032142274
foto_mes	0.0264483806834796	0.0176299540570091	0.0145537608092674
mtarjeta_visa_consumo_deflactada	0.0220971202035436	0.0138874897969727	0.00296948931310165
ctarjeta_visa_transacciones	0.0212778347790928	0.0298110360073413	0.0052863436123348
mcuentas_saldo	0.0204796777373784	0.0113951557771339	0.00730951215532713
mprestamos_personales	0.0152927224562571	0.0104801924019174	0.00809267417196933
mpayroll_deflactada	0.0147792646756097	0.0274562931488717	0.00378528308043727
Visa_mpagospesos	0.0125013532817532	0.00205583587022013	0.00195790504160548
Visa_status_delta1	0.0122531968075781	0.00133895302031036	0.00114211127426986
mpayroll	0.0120026540589568	0.0209334260225627	0.00372001957905042
Visa_Finiciomora	0.0104073194913488	0.0125133568926663	0.00342633382280959
ctarjeta_visa	0.0094788231497054	0.00671515902951439	0.00143579703051069
mcuentas_saldo_deflactada	0.00930954543686789	0.0115717560850416	0.00711372165116659
mcaja_ahorro_deflactada	0.0092740215862119	0.00913432625560999	0.00336107032142274
ctrx_quarter_delta1	0.00891697172665635	0.0162501465225971	0.0128895415239028
Visa_status	0.0084306641923065	0.00444751018112127	0.00202316854299233
cpayroll_trx	0.00823387645166512	0.0250720600183169	0.0027736988089411
mprestamos_personales_deflactada	0.00775357092621482	0.00940856146771077	0.00701582639908631
mprestamos_personales_delta1	0.00624889093303382	0.0141755721053183	0.0107032142274433
mactivos_margen	0.00581569698893473	0.00603078495973386	0.00616740088105727
Visa_Finiciomora_lag1	0.00573229499461994	0.00169826751538787	0.00159895578397781
cproductos_delta1	0.00573217836516206	0.0139554042738132	0.00479686735193343
ctrx_quarter_lag1	0.00550841466741508	0.00187353943657331	0.00355686082558329
Visa_mconsumospesos	0.00495955460241851	0.00118343015808375	0.00205580029368576
mcaja_ahorro_delta1	0.00414503913939629	0.00236714931301734	0.00407896883667809
mrentabilidad_annual_lag1	0.00400591787035981	0.0020865939504243	0.00522108011094795
ccaja_ahorro	0.00393740618784961	0.0127389746272	0.0050252896067874
Visa_delinquency	0.00390373978538559	0.00450329808090411	0.000913689019415892
Visa_msaldopesos	0.00372864594129809	0.00437506099413135	0.00221895904715288
mcuentas_saldo_delta1	0.00363467826772081	0.0113833140715015	0.00561266111926905
mpayroll_lag1	0.00343649161643297	0.00698109562433422	0.0031652798172622
mactivos_margen_deflactada	0.00331937856376476	0.00554576486869674	0.00564529286996247
mcomisiones_mantenimiento_deflactada	0.00331439067011431	0.00316928297671629	0.00323054331864905
mdescubierto_preacordado_delta1	0.00310664923235026	0.00900607093011793	0.00323054331864905
ctarjeta_master	0.00309465885040515	0.000891930912528589	0.000587371512481645
mautoservicio	0.00307976979962927	0.0193905022391226	0.00254527655408713
cproductos	0.00298124641803508	0.00939910599452	0.0052863436123348
mcaja_ahorro_lag1	0.00287897008943142	0.00516733098473142	0.00597161037689672
Visa_fechaalta	0.00285353049061628	0.0022266987981427	0.00482949910262686
ccaja_ahorro_delta1	0.00283925764148034	0.0108155902906763	0.00339370207211617
mcuenta_corriente_deflactada	0.00283020744289611	0.0034013902212786	0.00499265785609398
mpasivos_margen	0.00269772634251931	0.00195116364303665	0.00355686082558329
Visa_mpagominimo_lag1	0.00269290311253222	0.00413474610875697	0.00434002284222549
Master_Fvencimiento	0.00267359027812255	0.000665977498708745	0.00411160058737151
cliente_edad	0.00259939008128968	0.00774913048241078	0.00822320117474303
Visa_mpagominimo_deflactada	0.00240510232108849	0.015273908650003	0.00414423233806494
mcuenta_corriente_lag1	0.0023503468669772	0.00206999476171388	0.00489476260401371
ccaja_seguridad	0.00234326046271625	0.00954333713535215	0.00244738130200685
cprestamos_personales_lag1	0.0023385969203	0.00327638095356651	0.00254527655408713
Visa_Fvencimiento_lag1	0.00230656709688743	0.000704565417682368	0.00430739109153206
Master_fechaalta_lag1	0.00229251986051275	0.00165678050855618	0.00460107684777288
mpayroll_delta1	0.00219346129818612	0.00795223338648054	0.00368738782835699
cliente_edad_lag1	0.00217733473610448	0.0108614556757778	0.00786425191711535
internet	0.00212236213165397	0.000371897257245194	0.00153369228259096
Master_Finiciomora	0.00203169967747937	0.00655975558747367	0.00326317506934247
Visa_mpagominimo	0.00197790390246719	0.0129463152108478	0.00443791809430576
chomebanking_transacciones	0.00197316053289735	0.00201856895563001	0.00505792135748083
ccomisiones_mantenimiento_delta1	0.00192818375317247	0.00565243792681282	0.00385054658182411
ccallcenter_transacciones	0.00191864711369916	0.00287481928789225	0.0027736988089411
mcaja_ahorro_dolares_delta1	0.00187146605280573	0.0112135769502404	0.00482949910262686
tpaquete3	0.00179874046683783	0.00309289270646456	0.00231685429923315
mes	0.00176728022512545	0.00663772784949696	0.00434002284222549
Visa_msaldopesos_deflactada	0.00172995681661457	0.00286557746827041	0.00179474628813836
Visa_mpagominimo_delta1	0.00168829800337152	0.00237160846275829	0.00323054331864905
mautoservicio_deflactada	0.00168273020208694	0.0026658706571596	0.00146842878120411
mcuentas_saldo_lag1	0.00167497217221779	0.00158586554526347	0.00424212759014521
mrentabilidad_annual_deflactada	0.00162935761134038	0.00170265631578295	0.00378528308043727
mrentabilidad_annual_delta1	0.00162672874434793	0.00238238689448105	0.00499265785609398
mactivos_margen_lag1	0.00162630026368699	0.00245062575997188	0.00499265785609398
mcomisiones_lag1	0.00162133758425693	0.000513139636516056	0.00319791156795562
Visa_fultimo_cierre_lag1	0.00161228569707528	0.000488872369106158	0.00199053679229891
Visa_msaldototal_deflactada	0.00160222071348397	0.00274500607179342	0.00192527329091206
ccaja_seguridad_lag1	0.00158990228691826	0.00400200579533829	0.00146842878120411
Visa_mpagospesos_lag1	0.00158707897669953	0.00149323521536942	0.00283896231032795
Master_fechaalta	0.0015046587859223	0.00286628313300518	0.00407896883667809
numero_de_cliente	0.00147883810639986	0.00595903883194739	0.0051558166095611
Visa_status_lag1	0.00147867407549334	0.000496128122472924	0.000881057268722467
mttarjeta_visa_debitos_automaticos_delta1	0.00146281601161393	0.00359192273945449	0.00460107684777288
mcuenta_corriente_delta1	0.0014415314623948	0.00453532679188609	0.00430739109153206
cproductos_lag1	0.00143952973704563	0.00164679806665424	0.00241474955131343
mpagomiscuentas	0.00143222610022071	0.00969686459483643	0.0025126448033937
mrentabilidad_annual	0.00139803540993523	0.000777993415941319	0.00437265459291891
Master_status	0.00139150165879291	0.00147443934662156	0.00140316527981726
mcuenta_debitos_automaticos	0.00134845082533767	0.00846734215329804	0.00306738456518192
Visa_Finiciomora_delta1	0.00134640410249262	0.00234198009751259	0.00127263827704356
Master_Finiciomora_delta1	0.00134451150359265	0.00236033194029658	0.00120737477565671
mcaja_ahorro_dolares_lag1	0.00130486861740855	0.00245164365421084	0.00306738456518192
mtransferencias_recibidas	0.00127589473112111	0.00389328674374659	0.00287159406102137
mtarjeta_master_consumo_deflactada	0.00125407629135066	0.00357954624851698	0.00189264154021863
mcuenta_debitos_automaticos_deflactada	0.0012462618063401	0.00244028180059813	0.00228422254853973
mcomisiones_mantenimiento_delta1	0.00124245563674324	0.00211190581876927	0.00349159732419644
Visa_fechaalta_lag1	0.00124099662129761	0.00205728845393571	0.00388317833251754
mttarjeta_visa_debitos_automaticos_lag1	0.00122379332196902	0.00161870392510575	0.00401370533529124
chomebanking_transacciones_delta1	0.00120326652243274	0.00167676406533457	0.00453581334638603
mrentabilidad_deflactada	0.00116088830614148	0.000861610995842815	0.00339370207211617
cprestamos_personales_delta1	0.00114232302330284	0.00169767779679721	0.00166421928536466
mprestamos_personales_lag1	0.00113132644335543	0.00138836236227366	0.0025126448033937
mtarjeta_master_consumo	0.00112629240293131	0.00266399706300687	0.00179474628813836
Master_mfinanciacion_limite_deflactada	0.00112407607247277	0.000460297724155192	0.00296948931310165
tpaquete3_delta1	0.00108691249878979	0.0062373349817511	0.00192527329091206
mcomisiones	0.00107412941603573	0.000618914871961887	0.00231685429923315
cmobile_app_trx	0.00106773536736436	0.000653624891808406	0.0030347528144885
cpayroll_trx_lag1	0.00106646565572422	0.0034345555953026	0.00104421602218959
chomebanking_transacciones_lag1	0.00105239977712937	0.000481171504137458	0.00310001631587535
Visa_mlimitecompra_deflactada	0.00104640353517498	0.000608809535832293	0.00257790830478055
mtransferencias_recibidas_deflactada	0.00103948382777128	0.00483595603634358	0.00179474628813836
Master_msaldototal_deflactada	0.00103793737900869	0.000673592164015998	0.00150106053189754
cliente_antiguedad_lag1	0.00103614466524322	0.00248034097626185	0.00352422907488987
Visa_delinquency_lag1	0.00103158356589878	0.000475847969378313	0.000293685756240822
cliente_antiguedad	0.00102618751306125	0.00264744520811559	0.00323054331864905
ctarjeta_visa_transacciones_delta1	0.00101027574296342	0.00511027766523342	0.0029042258117148
mcomisiones_otras_lag1	0.000995560276115321	0.000383353127113342	0.00261054005547398
Visa_mfinanciacion_limite_lag1	0.000977890536321241	0.000618579409803355	0.00306738456518192
ctarjeta_debito_transacciones	0.000954947730242135	0.00192546680743791	0.000978952520802741
mpasivos_margen_deflactada	0.00093971715334997	0.00143771307978208	0.00339370207211617
mpagomiscuentas_deflactada	0.000937427005993499	0.00687194774571138	0.00202316854299233
cplazo_fijo	0.000924745291783224	0.0148802284994696	0.00153369228259096
Visa_fultimo_cierre	0.00092333386241818	0.000697288168682143	0.00274106705824768
mactivos_margen_delta1	0.000917811574402924	0.000617376305712466	0.00323054331864905
Visa_mlimitecompra_lag1	0.0009149797363561	0.000679667177435776	0.00254527655408713
mrentabilidad_lag1	0.000910429960481345	0.000972169986807591	0.0031652798172622
Visa_msaldopesos_lag1	0.000908168969648409	0.000658306597350321	0.00150106053189754
ctarjeta_visa_debitos_automaticos_delta1	0.000901137043397314	0.0012608252949178	0.00215369554576603
cprestamos_personales	0.000897159649349331	0.00341453729810649	0.00283896231032795
Visa_mlimitecompra	0.000883321766538574	0.000540680754040089	0.00218632729645946
Visa_mpagospesos_deflactada	0.000880545443280986	0.00113054503732836	0.00254527655408713
Master_mfinanciacion_limite_lag1	0.000877934919883349	0.000423281374827817	0.00254527655408713
Visa_msaldototal	0.000877775819845743	0.000971244806058398	0.00189264154021863
mpasivos_margen_delta1	0.000877518192129551	0.000772801460514258	0.00261054005547398
Visa_msaldototal_lag1	0.000869821411852383	0.00145051904913356	0.00172948278675151
mcomisiones_mantenimiento	0.000860895980734041	0.00205185244707423	0.00238211780062
Visa_mpagospesos_delta1	0.000855578744059399	0.00219102755436361	0.00293685756240822
cmobile_app_trx_lag1	0.000853263132444536	0.000412655149560154	0.00257790830478055
Master_Fvencimiento_lag1	0.000851185650814523	0.000454653491915043	0.00280633055963452
ccomisiones_otras	0.000850092393119778	0.00123704613037676	0.00241474955131343
mpasivos_margen_lag1	0.000839536630536196	0.000540802996884913	0.00270843530755425
mrentabilidad	0.0008239388808799	0.000300690040188484	0.00267580355686083
ccallcenter_transacciones_delta1	0.000820464204484519	0.00172345410110147	0.00257790830478055
canarito64	0.000813658414990605	0.000743859218518377	0.00283896231032795
canarito77	0.000813086871108812	0.000197994977028044	0.0027736988089411
Visa_mconsumospesos_delta1	0.000812053558996224	0.000514799142844636	0.00221895904715288
Visa_Fvencimiento	0.000795214495139352	0.000593459048011017	0.00274106705824768
mcomisiones_mantenimiento_lag1	0.000794833463766913	0.00105511577388158	0.00267580355686083
canarito5	0.000787399205447462	9.94199102806392e-05	0.00257790830478055
canarito34	0.000786222373392895	0.000111077925954349	0.00244738130200685
canarito92	0.000785144437159556	0.000139030500300659	0.00254527655408713
mtransferencias_emitidas_deflactada	0.000781780617296919	0.00255023218287011	0.00257790830478055
mcomisiones_delta1	0.000780828650505857	0.000811396978954255	0.00215369554576603
mdescubierto_preacordado	0.000776904713759551	0.00313881736740374	0.00208843204437918
canarito40	0.000776696404076239	0.000205432683332576	0.00274106705824768
mcomisiones_otras_deflactada	0.000774442955869361	0.000559012621083888	0.00267580355686083
canarito57	0.000772978034443995	0.000295166530899884	0.0027736988089411
Visa_msaldopesos_delta1	0.000762597732755049	0.000970851805083031	0.00228422254853973
canarito52	0.000758142868538508	0.000281895257078672	0.00248001305270028
canarito93	0.000750636611235662	0.00015080641626698	0.00270843530755425
mcaja_ahorro_dolares	0.000749041633424063	0.000899974839122196	0.00238211780062
mttarjeta_visa_debitos_automaticos_deflactada	0.000745690285187656	0.00108041135765575	0.00244738130200685
ccaja_ahorro_lag1	0.000738949518280625	0.0014230606572292	0.00163158753467124
canarito101	0.000737136671784471	6.77600991092354e-05	0.00241474955131343
thomebanking	0.000734726096934051	0.00230568026930053	0.00156632403328439
cmobile_app_trx_delta1	0.000734537051389033	0.000521996706011734	0.00257790830478055
canarito69	0.000734224014280788	9.07074477736868e-05	0.00234948604992658
Visa_cconsumos_delta1	0.000727444128200194	0.00120002044456212	0.00248001305270028
mcomisiones_deflactada	0.000726811275674096	0.00127457490086538	0.00231685429923315
Visa_mfinanciacion_limite	0.000726482253326441	0.00163604330184104	0.0026431718061674
Master_mlimitecompra	0.000725632525166551	0.00114380089508921	0.00270843530755425
ccomisiones_mantenimiento	0.000719498251398669	0.00078451571223914	0.00146842878120411
canarito100	0.000719390018583031	0.000220318083811733	0.00241474955131343
mcomisiones_otras	0.000715709010383387	0.00020129661947635	0.00212106379507261
mrentabilidad_delta1	0.000715587843240412	0.000623179475363648	0.0029042258117148
canarito43	0.00070801210340535	0.000101806576977455	0.00212106379507261
ccomisiones_otras_lag1	0.000703891535133098	0.000681624582846238	0.00221895904715288
ctarjeta_master_transacciones	0.00070347140364829	0.00221420332127452	0.00130527002773699
canarito2	0.000700409186420799	0.000158913309867689	0.00254527655408713
canarito14	0.000695245467470557	0.000240581952335542	0.00257790830478055
mtransferencias_emitidas	0.000694649813796298	0.00165650844765997	0.00244738130200685
canarito63	0.000691952542163388	8.98804087045301e-05	0.00254527655408713
canarito37	0.000687324311914659	0.000105415237867291	0.00244738130200685
canarito3	0.00068433731538587	0.000132203139709805	0.00254527655408713
canarito99	0.000683435229119746	6.91052046575226e-05	0.00238211780062
canarito97	0.000682765267441538	0.000352228318374704	0.0022515907978463
mcaja_ahorro_dolares_deflactada	0.000681055787924411	0.000814960477301066	0.00199053679229891
canarito20	0.000675735422224182	0.000125591386836376	0.00241474955131343
Master_status_lag1	0.000675285366909399	0.000704353718261936	0.000717898515255343
canarito60	0.000675237942288323	5.59535681498065e-05	0.00199053679229891
Visa_mfinanciacion_limite_deflactada	0.000672700658720348	0.000432117382945258	0.00205580029368576
canarito88	0.000671714137350742	0.000364788716398483	0.00241474955131343
mtransferencias_recibidas_lag1	0.000671552372109904	0.00132659107692276	0.00202316854299233
canarito41	0.000666036811948157	0.000271668112359476	0.00261054005547398
canarito29	0.000664120912048284	0.000227510653043785	0.00228422254853973
Master_mlimitecompra_deflactada	0.000663077757259057	0.000660406438473402	0.00228422254853973
canarito86	0.000662504847325124	0.000181041436056969	0.00244738130200685
canarito90	0.000657842629101146	8.56555396555274e-05	0.00244738130200685
canarito16	0.00065501346074254	0.000216259751640137	0.00241474955131343
canarito107	0.00065389723916938	0.000113638077612114	0.00238211780062
canarito51	0.000653785661301305	0.000135498051202179	0.00221895904715288
ctransferencias_emitidas_delta1	0.000653644213423093	0.00141777989660936	0.00163158753467124
Master_msaldopesos	0.000652702442875107	0.00266476851740769	0.00163158753467124
canarito25	0.000646792367228988	0.000161364463464883	0.00215369554576603
canarito79	0.000645434787228191	0.000215814422910591	0.00244738130200685
Master_Finiciomora_lag1	0.00064523764927252	0.00246897608286259	0.00182737803883178
tpaquete4	0.000643786221302809	0.00534767782956176	0.00153369228259096
Master_mpagospesos_deflactada	0.000637386482304815	0.000183694301204503	0.00110947952357644
canarito82	0.000634926963544138	0.000113481311477189	0.00234948604992658
canarito87	0.000633150449549931	0.000191654850795601	0.0022515907978463
canarito53	0.000630169485701743	0.000121057762324958	0.00238211780062
canarito31	0.000629380519391554	0.000262630826946916	0.00221895904715288
Master_mpagominimo_deflactada	0.000628872481049959	0.00361596875382909	0.00169685103605808
mtransferencias_emitidas_lag1	0.000626460340939247	0.00145629746623712	0.0022515907978463
canarito18	0.000616916047836467	0.000157371052448887	0.00234948604992658
canarito17	0.000616330019317001	7.62000664647592e-05	0.00221895904715288
canarito103	0.000616258267007864	0.000234094830710655	0.00215369554576603
canarito27	0.000613941157781257	5.71338738415722e-05	0.00172948278675151
canarito83	0.000613181516181596	0.000108036619511273	0.00212106379507261
canarito33	0.000610519323123154	0.00026068753483115	0.00189264154021863
canarito26	0.000609116864478622	0.000153487508003905	0.00205580029368576
canarito55	0.000608973052638772	6.32195265142748e-05	0.00208843204437918
canarito68	0.000604488091546525	0.000132115854410304	0.00195790504160548
Visa_madelantodolares_lag1	0.000601683173509964	5.59105768828879e-05	9.78952520802741e-05
canarito38	0.000600755237276608	6.35122145334986e-05	0.00182737803883178
Master_fultimo_cierre_lag1	0.000600443832329702	0.000277852123839825	0.00192527329091206
canarito102	0.000599661084453305	0.000326623762010504	0.00215369554576603
canarito6	0.000598885020701799	0.000103042250209949	0.00241474955131343
canarito39	0.000596281735698636	0.000150469868470394	0.0022515907978463
Visa_mconsumospesos_lag1	0.000595513547209688	0.000183227042586277	0.00169685103605808
canarito46	0.00059504995471063	0.000149343410426082	0.00228422254853973
canarito9	0.000590956340833537	5.08736505698668e-05	0.00205580029368576
canarito72	0.000590375599365666	8.89706440156966e-05	0.00215369554576603
canarito67	0.000589610301450521	0.000163621070722889	0.00192527329091206
ctarjeta_visa_debitos_automaticos_lag1	0.000589231896411432	0.000525184790719644	0.00218632729645946
Visa_msaldototal_delta1	0.000588629955533587	0.0010938537280342	0.00212106379507261
canarito8	0.000587058235367019	0.000180264336338274	0.00221895904715288
canarito21	0.000580239653570339	0.000200441788073024	0.00234948604992658
canarito73	0.000578568556567741	0.000111952081715028	0.00218632729645946
canarito32	0.000575634848032388	5.38155125672425e-05	0.00199053679229891
ccomisiones_otras_delta1	0.000563369841393472	0.000434407210727701	0.00195790504160548
canarito85	0.000560383249634715	7.27594623456053e-05	0.00218632729645946
Master_msaldototal_lag1	0.000558104954602588	0.000977539769747816	0.00156632403328439
canarito81	0.000557865237306264	0.000240306851652785	0.00205580029368576
canarito66	0.000556926904126687	9.2068403637555e-05	0.00192527329091206
canarito28	0.000554478541769947	0.000115232662785096	0.00189264154021863
mprestamos_prendarios_deflactada	0.000549614609409065	0.00359261038259758	0.00117474302496329
canarito95	0.000542171635639583	0.000241332779613343	0.00212106379507261
canarito96	0.000542043240193354	0.000165356354587604	0.00202316854299233
canarito13	0.000541778872663689	0.000141029159957154	0.00192527329091206
canarito75	0.000540138128181026	0.000198812896737552	0.00189264154021863
canarito50	0.000539648652824835	0.000102405197800155	0.00205580029368576
canarito91	0.000539618791784671	0.000204991262900023	0.00195790504160548
canarito106	0.00053783959315229	0.000292006889908976	0.00202316854299233
canarito59	0.000536955652020327	9.18862335721776e-05	0.00192527329091206
mplazo_fijo_dolares	0.00053543616774411	0.00484430828414438	0.00117474302496329
canarito70	0.000533646080311988	5.67786530704669e-05	0.00199053679229891
canarito78	0.000533323292469327	0.00011519661960172	0.00192527329091206
Visa_cconsumos_lag1	0.000532974381075257	0.000709526132204034	0.00186000978952521
canarito4	0.000531982959857892	0.000204758719228963	0.00208843204437918
canarito80	0.000529710583512959	0.000168755053077893	0.00202316854299233
canarito11	0.000529348334890263	0.000152705414350163	0.00189264154021863
canarito1	0.0005250378218332	0.000152543002897359	0.00186000978952521
Visa_cconsumos	0.000523109674930171	0.000410698829787746	0.00137053352912384
mttarjeta_visa_debitos_automaticos	0.000517190301533274	0.000807617221507188	0.00159895578397781
canarito42	0.000513019694640311	6.2571400596335e-05	0.00199053679229891
mcuenta_debitos_automaticos_lag1	0.000511027756652944	0.000362195127088671	0.00127263827704356
Visa_mconsumosdolares_lag1	0.000510249491146812	0.000122521853803909	0.00153369228259096
canarito104	0.000509483104501193	0.000198772945257183	0.00163158753467124
canarito15	0.000509357010974289	0.00014182189286382	0.00186000978952521
Master_mlimitecompra_lag1	0.000507285317966861	0.000442716033006362	0.00176211453744493
ctarjeta_debito_transacciones_delta1	0.000505275750618781	0.000429471031626045	0.00215369554576603
Master_msaldototal	0.000498900612519276	0.0014082777409823	0.00140316527981726
canarito10	0.000497576242348569	6.97557189791801e-05	0.00186000978952521
canarito105	0.000496030386725439	0.000175313609686701	0.00202316854299233
canarito36	0.000495728938074831	3.79719279420665e-05	0.00172948278675151
canarito108	0.000492703831868193	7.22733136252478e-05	0.00179474628813836
mplazo_fijo_dolares_deflactada	0.000492554464251307	0.00270897070501119	0.000978952520802741
Master_mpagominimo	0.000492512400310354	0.00329401714374563	0.00146842878120411
canarito49	0.000490178463788121	0.000107253657347088	0.00189264154021863
Visa_mconsumosdolares	0.000489856818495773	0.000577126709134155	0.00153369228259096
canarito7	0.000482106072992205	0.000200842388514765	0.00199053679229891
canarito30	0.000481322110431962	0.000114375442978052	0.00192527329091206
canarito65	0.000481256088066837	5.6740221483373e-05	0.00176211453744493
ccajas_consultas_delta1	0.000480409435112695	0.00209634015748579	0.00199053679229891
Master_fultimo_cierre	0.000478576258546454	0.000291191792858408	0.00153369228259096
canarito74	0.000477855361250233	0.000181304160465916	0.00186000978952521
canarito47	0.000477307235725488	4.73996087986651e-05	0.00166421928536466
Visa_mpagado_delta1	0.000476514786823276	0.000788320873616659	0.00192527329091206
canarito48	0.000474525189251368	0.000109816631663792	0.00186000978952521
canarito62	0.00047367785345803	0.000126682235952534	0.00159895578397781
Master_delinquency	0.000469810704115882	0.000763029415267089	0.000456844509707946
canarito12	0.000467120735162252	0.000123504790497548	0.00186000978952521
canarito35	0.00046469344439337	0.000101592923408526	0.00169685103605808
tmobile_app_delta1	0.000464390638660594	0.00111972491710434	0.00137053352912384
Visa_mconsumototal	0.000461795643033743	0.000791160902764616	0.00107684777288302
canarito58	0.000459343167196879	0.000123273766719763	0.00150106053189754
canarito19	0.000459284670265364	0.000112404358528116	0.00179474628813836
canarito23	0.000456501256244108	0.00013521904222243	0.00182737803883178
canarito76	0.000453636116424971	0.000150696766823576	0.00159895578397781
canarito89	0.000449831749045196	0.000185504276967299	0.00159895578397781
canarito22	0.000447989101308698	7.71039687081037e-05	0.00163158753467124
canarito94	0.000447687184350749	7.31570230007972e-05	0.00163158753467124
canarito44	0.000438247147001821	0.000133131360245548	0.00179474628813836
Visa_msaldodolares_deflactada	0.000437327379050141	0.000232013228306873	0.000685266764561919
canarito45	0.000437099951738093	0.00019744477566253	0.00179474628813836
Visa_madelantopesos_lag1	0.000436934306610177	4.17347494354994e-05	0.000130527002773699
ctransferencias_recibidas	0.000434949717273203	0.000890542598585772	0.00156632403328439
Master_mpagominimo_lag1	0.000432049579983103	0.000945495859833083	0.00114211127426986
tcuentas_lag1	0.000429981637171893	0.000501058873384312	0.000456844509707946
tcallcenter	0.000429933677342427	0.00134572110506349	0.00107684777288302
cliente_vip_lag1	0.000428444753390521	0.000625048292708943	0.000652635013868494
canarito61	0.000427810851003831	9.6743378223539e-05	0.00150106053189754
canarito109	0.0004214900518796	0.000222158023184805	0.00163158753467124
canarito71	0.000420703265646603	9.11508223547364e-05	0.00137053352912384
canarito98	0.000418619667989989	0.00013766303060847	0.00169685103605808
ccuenta_debitos_automaticos_lag1	0.000415997410372654	0.00092393096266596	0.00140316527981726
Visa_mconsumospesos_deflactada	0.000415601309445551	0.00035646360954902	0.00156632403328439
mprestamos_prendarios	0.000409566984723228	0.00234826159929015	0.00104421602218959
ctransferencias_emitidas	0.000409118366472871	0.00293462079155888	0.00156632403328439
ctarjeta_debito_transacciones_lag1	0.000406754613012841	0.000390910904986592	0.00140316527981726
Master_mpagospesos	0.000406604662347709	0.000641044300916831	0.00117474302496329
Master_mconsumosdolares	0.000405185214948037	4.45467691216764e-05	0.000163158753467124
Master_mpagospesos_lag1	0.000401733879917434	0.000579696848662012	0.00124000652635014
mcomisiones_otras_delta1	0.000399917576617931	0.000631872179258026	0.00159895578397781
ctarjeta_visa_transacciones_lag1	0.000392622916493506	0.000851046869071812	0.00130527002773699
Visa_mconsumototal_delta1	0.000392160802918749	0.000363738470145527	0.00146842878120411
canarito24	0.000386131409812839	5.74059347377795e-05	0.00140316527981726
canarito56	0.000381059184587344	6.44855976122671e-05	0.00150106053189754
mtransferencias_emitidas_delta1	0.000378977910153741	0.00121652105733728	0.00143579703051069
tmobile_app	0.000374056325533802	0.000595013247448409	0.00104421602218959
mcuenta_debitos_automaticos_delta1	0.000373707755372456	0.00114411355884862	0.00156632403328439
ctarjeta_visa_debitos_automaticos	0.000360172183077215	0.000179127456168648	0.00127263827704356
Master_msaldopesos_lag1	0.00035672526986956	0.000438958205447975	0.00110947952357644
ccajas_consultas	0.000354909715562803	0.00227146595178924	0.00146842878120411
Visa_msaldodolares	0.0003546827221732	0.000785182294003989	0.00137053352912384
mextraccion_autoservicio_deflactada	0.000354036496164834	0.000547327030203619	0.00101158427149617
Visa_delinquency_delta1	0.00035225971195019	0.000123662859398138	0.000391581008321096
tmobile_app_lag1	0.000344377874776004	0.000800407499193891	0.00110947952357644
canarito84	0.000344172586104854	9.40496930851935e-05	0.00137053352912384
thomebanking_lag1	0.000343073477371461	0.000228751754466546	0.00107684777288302
ctransferencias_emitidas_lag1	0.000342586542386377	0.00102795984073893	0.00120737477565671
mextraccion_autoservicio_delta1	0.000342355335351951	0.000172483134153614	0.00120737477565671
mpagomiscuentas_lag1	0.000339946518616241	0.000171536892026183	0.000946320770109316
ccuenta_debitos_automaticos_delta1	0.000337612567517801	0.00491428721030736	0.00143579703051069
canarito54	0.000336773220980428	9.3193558916203e-05	0.00130527002773699
mautoservicio_lag1	0.000331147293523215	0.0019833803865295	0.000946320770109316
Master_mfinanciacion_limite_delta1	0.000330403427863593	0.000288164599710027	0.00107684777288302
cextraccion_autoservicio	0.000329540440588592	0.000907683954940103	0.000750530265948768
cpagomiscuentas_delta1	0.000323154942917753	0.00160163248384207	0.00120737477565671
mextraccion_autoservicio	0.000318938436672875	0.000509991937543736	0.00110947952357644
mextraccion_autoservicio_lag1	0.000316957273491843	0.000124072579199529	0.00101158427149617
Visa_mconsumosdolares_delta1	0.000316251290270754	0.000679704523384817	0.00120737477565671
mplazo_fijo_dolares_delta1	0.000314866194130238	0.00240579911336001	0.00127263827704356
mcheques_emitidos_rechazados_lag1	0.000314653443189038	0.00184702772105161	0.00107684777288302
matm_delta1	0.000314644019111139	0.000196083385543441	0.00104421602218959
mtarjeta_visa_consumo_lag1	0.000313423981312805	0.000213594510218793	0.00110947952357644
Master_status_delta1	0.000310021454147866	0.000745398653278241	0.000783162016642193
mcheques_emitidos_rechazados_deflactada	0.00030733491135018	0.00134889594498715	0.00107684777288302
mautoservicio_delta1	0.00030660487589395	0.000110397013767194	0.000881057268722467
Visa_mconsumosdolares_deflactada	0.000304716791880395	0.00086177362442323	0.000946320770109316
mtarjeta_master_consumo_lag1	0.000303377588364313	0.000243094987301785	0.000783162016642193
mdescubierto_preacordado_lag1	0.000299793012607058	8.5602994773738e-05	0.000685266764561919
tcallcenter_delta1	0.000293394473716703	0.000524094375858708	0.000848425518029042
mtarjeta_visa_consumo_delta1	0.00029139863565982	0.000249190193589358	0.000881057268722467
ccomisiones_mantenimiento_lag1	0.000289607669544091	0.000208312446833292	0.000620003263175069
Visa_mfinanciacion_limite_delta1	0.000288775777428042	0.000649125790587089	0.00104421602218959
cpayroll_trx_delta1	0.000273379266126331	0.00103195867994519	0.000783162016642193
Master_mconsumospesos	0.000273032278043975	0.000496580182158401	0.000717898515255343
cpagomiscuentas_lag1	0.000272845459294759	0.000625191596932006	0.00120737477565671
Master_mconsumospesos_deflactada	0.000271036349166115	0.000330847762549064	0.000946320770109316
internet_delta1	0.000267914222983857	6.25003998676361e-05	0.000620003263175069
Master_msaldopesos_deflactada	0.00026377969892859	0.00106621251468163	0.000913689019415892
mprestamos_prendarios_delta1	0.000263178262985476	0.0013948403645389	0.000717898515255343
ctarjeta_debito	0.000262454007929357	0.00180586683989119	0.00107684777288302
ctarjeta_master_debitos_automaticos_lag1	0.000257310407881089	0.000263507805366534	0.000456844509707946
cextraccion_autoservicio_lag1	0.000256868202787688	0.000225138316769275	0.000913689019415892
Master_mpagominimo_delta1	0.00025546206645422	0.000727502995604338	0.00101158427149617
ctransferencias_recibidas_delta1	0.000253407699323418	0.000759618557630601	0.000978952520802741
cextraccion_autoservicio_delta1	0.000249722771993065	0.000653987060663054	0.00107684777288302
Visa_mpagosdolares_deflactada	0.000245714816499524	0.00011005482065273	0.000717898515255343
matm_deflactada	0.000243207921705126	0.000242370215337268	0.000848425518029042
Visa_mpagado_deflactada	0.000243080015496175	0.000636916270782201	0.00104421602218959
ccuenta_debitos_automaticos	0.000240231125156902	0.001344834573029	0.00104421602218959
Master_mconsumospesos_delta1	0.000240003789413328	0.000260131253892536	0.000913689019415892
Visa_msaldodolares_delta1	0.000239188528000997	0.00062297863232375	0.000978952520802741
ctransferencias_recibidas_lag1	0.000238136879768571	0.000420527545341307	0.000946320770109316
ctarjeta_master_transacciones_lag1	0.000237566609996696	0.000599291747017254	0.000750530265948768
mprestamos_hipotecarios_deflactada	0.000236283438912044	0.00422334242477182	0.000685266764561919
mpagomiscuentas_delta1	0.000233724232730022	0.000136163113073754	0.000881057268722467
Visa_mconsumototal_lag1	0.000231417900925992	4.02834684855799e-05	0.000815793767335618
matm_other_delta1	0.000228093704050401	0.000172308780682222	0.000913689019415892
Visa_mconsumototal_deflactada	0.000225567080921605	0.000210032748892869	0.000946320770109316
Master_mlimitecompra_delta1	0.000225126830534824	0.000240042173095341	0.000881057268722467
Master_fultimo_cierre_delta1	0.000221670265262456	9.16871275531656e-05	0.00055473976178822
Visa_mpagosdolares_lag1	0.0002208888000922	7.43620812401828e-05	0.000685266764561919
Master_cconsumos_delta1	0.000218175880715116	0.000912064287358367	0.000750530265948768
Master_mpagospesos_delta1	0.000216986707472677	8.33502958127244e-05	0.000978952520802741
ctarjeta_debito_lag1	0.000216316670670945	0.000800560139904213	0.000815793767335618
mprestamos_prendarios_lag1	0.000216181638192183	0.000823842733599586	0.000456844509707946
matm_lag1	0.000213680855313147	0.00010897222238578	0.000783162016642193
Master_msaldopesos_delta1	0.000213493860528211	0.00036267888740531	0.000946320770109316
mtransferencias_recibidas_delta1	0.000211849479842738	0.000183213580674413	0.000881057268722467
Visa_fultimo_cierre_delta1	0.000210180764741723	0.000168788707857552	0.000783162016642193
ccajas_otras	0.00020494710653814	0.000430549504468392	0.000522108011094795
mcheques_depositados	0.000204749974188702	0.00363827535891436	0.000750530265948768
cinversion1	0.00020103959455992	0.00435815804389357	0.00055473976178822
catm_trx_delta1	0.000200101419476117	0.000315612352361459	0.000848425518029042
active_quarter	0.000196052950351959	2.01646412057188e-05	0.000163158753467124
catm_trx_other_delta1	0.000195203691246908	0.000742824605453391	0.000848425518029042
catm_trx_lag1	0.000193447339883292	0.000149136704940696	0.000620003263175069
internet_lag1	0.000191742313584018	7.99179425427771e-05	0.000522108011094795
Master_msaldototal_delta1	0.000189731935574627	0.000411394506652429	0.000717898515255343
cpagomiscuentas	0.000188647959559458	0.00091140161389051	0.000620003263175069
mforex_sell_deflactada	0.000188102511197909	0.00115967900300448	0.000783162016642193
mcheques_emitidos_rechazados	0.00018699195677895	0.000892919060284885	0.000587371512481645
minversion2	0.000186537819005198	0.00265748041202693	0.000717898515255343
catm_trx_other_lag1	0.000184113345929089	0.000476153467926567	0.000750530265948768
ccheques_emitidos_rechazados_delta1	0.000180397819404542	0.00154198818056558	0.000620003263175069
ccheques_emitidos_rechazados_lag1	0.000178178092689965	0.000787955013592629	0.000489476260401371
ccheques_depositados	0.000176342558515816	0.000348173460244879	0.000293685756240822
mcaja_ahorro_adicional	0.000174116830889293	0.000300230381036632	0.000620003263175069
ccaja_seguridad_delta1	0.000173094338059155	0.00161274594346814	0.000522108011094795
mforex_sell	0.000172556415878714	0.000580531704325154	0.000685266764561919
mcheques_depositados_deflactada	0.000171422998867285	0.00107089508873399	0.000652635013868494
Visa_mpagado	0.000169677019782465	0.000149437426681516	0.000750530265948768
Master_cconsumos	0.000168645758803706	0.000122476474133273	0.000456844509707946
Master_delinquency_lag1	0.000167902185789454	7.61399221165953e-05	0.000228422254853973
mcaja_ahorro_adicional_deflactada	0.000167104751824739	0.000377549306079329	0.000587371512481645
minversion2_deflactada	0.000166527874546492	0.00303241072486599	0.00055473976178822
mtarjeta_master_consumo_delta1	0.000166160924910439	0.000379790931532196	0.000652635013868494
ccallcenter_transacciones_lag1	0.000164524312595345	0.000145162835409663	0.000783162016642193
Master_Fvencimiento_delta1	0.00015996360120224	5.79596101450647e-05	0.000587371512481645
cpagodeservicios_lag1	0.000157648615616744	0.000291768266664817	0.000620003263175069
Visa_mlimitecompra_delta1	0.000156267286491145	0.000152897138030411	0.00055473976178822
ccheques_emitidos	0.000155388475809997	0.00208029160439611	0.00055473976178822
ccajas_transacciones	0.000152626921612978	9.39522027879891e-05	0.000424212759014521
Master_cconsumos_lag1	0.000151002151904756	0.000231135164249201	0.000685266764561919
matm_other_lag1	0.00015060947937609	0.000199958679139216	0.000587371512481645
ccheques_emitidos_rechazados	0.000150475652984949	0.000653971644602694	0.000456844509707946
ccajas_transacciones_lag1	0.000150457684634006	7.61872559357279e-05	0.000424212759014521
ccajas_consultas_lag1	0.000149730048271809	0.000623590497930703	0.000652635013868494
ctarjeta_master_transacciones_delta1	0.000148972528444515	0.00060036978560438	0.000620003263175069
matm_other_deflactada	0.000148056021078026	7.91182615525686e-05	0.000587371512481645
Master_delinquency_delta1	0.000147469087712532	0.000130066821148127	0.000358949257627672
mcaja_ahorro_adicional_lag1	0.000146552439442717	0.000187859243032953	0.000620003263175069
Visa_msaldodolares_lag1	0.000144387990560589	8.41823288169272e-05	0.000587371512481645
mttarjeta_master_debitos_automaticos_delta1	0.000143724183031367	0.0010737991705271	0.000620003263175069
Master_mpagado_delta1	0.000142986160935415	0.000260871659045024	0.000620003263175069
mcaja_ahorro_adicional_delta1	0.000140072437873687	0.000303739597480767	0.000620003263175069
Visa_mpagosdolares_delta1	0.000137393729226182	0.000219761368617898	0.000456844509707946
mforex_sell_lag1	0.000136136245528001	0.000181841117047178	0.00055473976178822
Visa_mpagado_lag1	0.000136108519341414	0.000231502978421727	0.000652635013868494
tpaquete4_lag1	0.000134976499777031	0.000608775229669803	0.00055473976178822
Master_mconsumospesos_lag1	0.000134391265847674	5.29856508391467e-05	0.000522108011094795
ccajas_depositos_lag1	0.000133182541427804	0.00197598111181207	0.000489476260401371
mcheques_emitidos_deflactada	0.000132064060168942	0.00289078250983092	0.000456844509707946
cprestamos_hipotecarios	0.000130930196527607	0.000697335936756497	0.000391581008321096
cseguro_vida_lag1	0.000130721054879298	0.000130508675835902	0.000489476260401371
mforex_buy_lag1	0.000127441668625147	0.00056813740892356	0.000489476260401371
mcheques_emitidos	0.000126450513890731	0.0024548753815685	0.000424212759014521
matm_other	0.000125921204753127	0.000163124065621997	0.000424212759014521
ccajas_transacciones_delta1	0.000125843192150324	0.000190977412650217	0.000489476260401371
ctarjeta_visa_delta1	0.000124727337224811	9.78246737248255e-06	0.000163158753467124
mcajeros_propios_descuentos_delta1	0.000124340041821217	0.000231570939363876	0.000522108011094795
mforex_buy_delta1	0.000122041516509952	0.000450304208745109	0.000522108011094795
mprestamos_hipotecarios_lag1	0.000119975805727026	0.000817475683543416	0.000326317506934247
Visa_mpagosdolares	0.000118357645020172	0.000155744115261911	0.000424212759014521
ctarjeta_debito_delta1	0.00011825965479247	0.00195256085921151	0.000522108011094795
Master_mconsumosdolares_delta1	0.000116172354031997	0.000288279460216087	0.000456844509707946
catm_trx_other	0.000115544020129805	0.000616565551214112	0.000489476260401371
mcheques_depositados_rechazados	0.000113211758750032	0.000484113366134833	0.000424212759014521
mcheques_depositados_lag1	0.000112460451750297	0.00146248864292862	0.000489476260401371
cforex_lag1	0.000111818572815104	6.19582322237179e-05	0.000358949257627672
catm_trx	0.000110507816073442	0.000116100521845064	0.000326317506934247
mtarjeta_visa_descuentos_delta1	0.000109388291681468	0.0002524256121164	0.000424212759014521
mttarjeta_master_debitos_automaticos_lag1	0.000109299391400169	0.000143701566589651	0.000424212759014521
mcheques_depositados_rechazados_lag1	0.000108937180152362	0.00028055188855127	0.000424212759014521
mplazo_fijo_dolares_lag1	0.000108584466237232	0.000456639341042506	0.000424212759014521
Master_mconsumototal	0.000107796802068125	0.000424754368538806	0.000391581008321096
ccajas_extracciones_delta1	0.000105570417017329	0.000152309590715856	0.000522108011094795
mforex_sell_delta1	0.000104840270183935	4.02975817802754e-05	0.000424212759014521
ccajas_otras_lag1	0.000104236849634292	7.45813801269899e-05	0.000358949257627672
active_quarter_lag1	0.000102399936326792	5.01977323177574e-06	0.000163158753467124
Master_mconsumosdolares_lag1	0.000101677206166086	8.07130638531609e-05	0.000358949257627672
cliente_vip_delta1	0.00010105589351027	0.000179215827106203	0.000326317506934247
mcheques_emitidos_rechazados_delta1	0.000100209628133712	0.0007353065619329	0.000489476260401371
ccajeros_propios_descuentos	9.54501339161327e-05	0.000903102128099109	0.000391581008321096
cforex_delta1	9.21873256671081e-05	0.000231852119619733	0.000424212759014521
matm	9.16920788807802e-05	0.000130414659580469	0.000326317506934247
ccheques_emitidos_lag1	9.15774157157379e-05	0.000455559999689716	0.000358949257627672
cplazo_fijo_lag1	9.00538654255034e-05	0.000354165313789759	0.000358949257627672
mprestamos_hipotecarios	8.79508298373679e-05	0.00134146236410722	0.000293685756240822
ctarjeta_visa_descuentos_delta1	8.77608951437757e-05	0.000516589142867248	0.000358949257627672
Master_mconsumototal_deflactada	8.71229129143594e-05	0.000380614713687193	0.000391581008321096
cseguro_vivienda_lag1	8.55526283172225e-05	0.000499478618633637	0.000261054005547398
ccajas_otras_delta1	8.23657224848497e-05	0.000328256561642969	0.000391581008321096
cseguro_accidentes_personales_lag1	8.18266936339877e-05	5.56548005574831e-05	0.000293685756240822
mtarjeta_visa_descuentos_deflactada	8.14574977671927e-05	0.00237833464188255	0.000358949257627672
mpagodeservicios_lag1	8.12322781897532e-05	9.70451856024121e-06	0.000195790504160548
mcheques_depositados_rechazados_deflactada	8.10119849962429e-05	0.000572795230428299	0.000358949257627672
Master_mconsumototal_lag1	7.90977415513868e-05	3.69946365663054e-05	0.000326317506934247
cpagodeservicios	7.80120085427536e-05	5.99469791658028e-05	0.000293685756240822
mcajeros_propios_descuentos_lag1	7.37578325224532e-05	0.000154650877742036	0.000326317506934247
cprestamos_prendarios	7.34985588162136e-05	8.3651017553544e-05	0.000228422254853973
minversion1_pesos	7.24781694447477e-05	0.00130266730539299	0.000326317506934247
minversion2_lag1	6.98925377222255e-05	0.000508645529229785	0.000261054005547398
Master_msaldodolares_lag1	6.98574202778744e-05	0.000138411469482553	0.000228422254853973
mcajeros_propios_descuentos	6.8748548102604e-05	0.000202639119493309	0.000326317506934247
tcallcenter_lag1	6.81630615190075e-05	2.42939741060134e-05	0.000261054005547398
cforex_buy	6.799399322514e-05	0.000372737541098604	0.000261054005547398
mcheques_emitidos_lag1	6.77557982079863e-05	0.00027038553956307	0.000228422254853973
ctarjeta_master_descuentos_delta1	6.77336420008921e-05	0.000176176474811623	0.000261054005547398
cforex_buy_delta1	6.65457264234194e-05	0.000252977116247578	0.000293685756240822
ccheques_depositados_lag1	6.57678357874096e-05	0.00143188276917956	0.000228422254853973
Master_fechaalta_delta1	6.52790473816521e-05	6.39201973140041e-05	0.000228422254853973
Master_mpagosdolares_delta1	6.43044949460384e-05	0.000167627943650749	0.000326317506934247
cplazo_fijo_delta1	6.42083495427864e-05	0.000367630048312105	0.000326317506934247
Master_mconsumototal_delta1	6.40346957239642e-05	6.30818676090909e-05	0.000195790504160548
Visa_fechaalta_delta1	6.37934505422368e-05	1.8203110370654e-05	0.000261054005547398
thomebanking_delta1	6.35666821494567e-05	0.000167760608620887	0.000261054005547398
ctarjeta_master_descuentos_lag1	6.34621969137947e-05	0.00034644621010176	0.000228422254853973
cinversion2_delta1	6.09387013155895e-05	0.0011823030486566	0.000326317506934247
cpagodeservicios_delta1	6.09053595521463e-05	0.000133279007020824	0.000293685756240822
cforex	6.06137034958272e-05	8.87404887483545e-05	0.000228422254853973
Master_mpagosdolares	6.05527600041723e-05	0.00036494569966102	0.000261054005547398
cseguro_accidentes_personales	6.04781320711862e-05	5.8073819268293e-05	0.000261054005547398
ccajas_extracciones_lag1	6.03670561478519e-05	0.000132111077602868	0.000261054005547398
ctarjeta_master_debitos_automaticos_delta1	6.00249417508338e-05	6.374215267323e-05	0.000228422254853973
mforex_buy	5.92633959006517e-05	0.000163640829335463	0.000293685756240822
Master_mpagosdolares_lag1	5.89433326872939e-05	7.22969805348141e-05	0.000261054005547398
ccheques_depositados_rechazados	5.8915461112394e-05	0.000551776843457307	0.000228422254853973
mtarjeta_visa_descuentos_lag1	5.86190053730145e-05	3.96620492637562e-05	0.000228422254853973
Master_msaldodolares_delta1	5.63570809153872e-05	0.000128416651306806	0.000293685756240822
ccajeros_propios_descuentos_lag1	5.38422009762622e-05	8.75688681610167e-05	0.000195790504160548
minversion1_pesos_deflactada	5.27834511414516e-05	0.00153066432428474	0.000228422254853973
mcheques_emitidos_delta1	5.22300112814444e-05	0.00151863046071691	0.000195790504160548
ccheques_emitidos_delta1	5.18536072938346e-05	0.000697097313512338	0.000228422254853973
cforex_sell_delta1	5.00259823933915e-05	8.37587128484513e-05	0.000228422254853973
ctarjeta_visa_lag1	4.98740620716852e-05	0.000104688077499056	0.000228422254853973
Visa_madelantopesos_deflactada	4.90827572147815e-05	0.000435243586284118	0.000228422254853973
mpagodeservicios	4.90407751248322e-05	0.000321080711236941	0.000228422254853973
mforex_buy_deflactada	4.89757820641102e-05	0.000308545065760782	0.000228422254853973
Visa_madelantopesos	4.89642276176211e-05	0.000415339063956018	0.000228422254853973
Visa_Fvencimiento_delta1	4.79304060853151e-05	1.90088709339621e-05	0.000163158753467124
mttarjeta_master_debitos_automaticos_deflactada	4.79291289854072e-05	1.72929114265992e-05	0.000228422254853973
mtarjeta_master_descuentos_deflactada	4.78002013207788e-05	8.99501066675648e-05	0.000163158753467124
ctarjeta_master_debitos_automaticos	4.6624847443015e-05	0.000146716383464222	0.000228422254853973
cseguro_vivienda	4.61892005211343e-05	0.000183058985815595	0.000228422254853973
cseguro_accidentes_personales_delta1	4.53140439827436e-05	0.000140984214541739	0.000195790504160548
mttarjeta_master_debitos_automaticos	4.49396993514384e-05	0.000316866915696085	0.000195790504160548
tpaquete3_lag1	4.47963352627412e-05	3.39233665129524e-05	0.000228422254853973
Master_mpagado_lag1	4.45090913118985e-05	8.36369042588485e-05	0.000228422254853973
mpagodeservicios_delta1	4.42003362445208e-05	7.73352096134994e-05	0.000228422254853973
Master_madelantodolares	4.3717839527335e-05	6.55225990809708e-06	3.26317506934247e-05
ccajas_depositos	4.34625705402974e-05	0.00025660314734627	0.000228422254853973
mcheques_depositados_delta1	4.3034415788377e-05	0.000586124260193957	0.000195790504160548
mpagodeservicios_deflactada	4.30280037526672e-05	3.39485533157936e-05	0.000130527002773699
ctarjeta_visa_descuentos	4.29327276892999e-05	4.21622737009679e-05	0.000195790504160548
cseguro_auto	4.12927785442448e-05	0.000126019128229456	0.000228422254853973
ccajas_depositos_delta1	4.12401233076551e-05	0.000165862913303368	0.000228422254853973
Master_mpagado	3.94131150928567e-05	5.76009153321882e-05	0.000195790504160548
minversion1_pesos_delta1	3.73009757296094e-05	0.000189320077597743	0.000195790504160548
ccajeros_propios_descuentos_delta1	3.70024580176832e-05	0.000156220710367397	0.000163158753467124
cforex_buy_lag1	3.66455629738819e-05	0.000124011349213312	0.000130527002773699
ccheques_depositados_rechazados_lag1	3.62160500185475e-05	0.000155294878235372	0.000163158753467124
ccajas_extracciones	3.55672081418018e-05	1.34019846428533e-05	0.000163158753467124
cliente_vip	3.41876446058912e-05	6.96028611412472e-05	0.000163158753467124
mcheques_depositados_rechazados_delta1	3.21252650466943e-05	0.000141774776172298	0.000163158753467124
ctarjeta_master_delta1	3.15153640652972e-05	0.000194646435015827	9.78952520802741e-05
cinversion2_lag1	3.12498498740817e-05	4.48377201200146e-05	0.000130527002773699
cseguro_vida	3.10372929085474e-05	3.39268405547236e-05	0.000130527002773699
ctarjeta_visa_descuentos_lag1	2.90319089316324e-05	1.00291243382379e-05	0.000163158753467124
ctarjeta_master_lag1	2.8502122890464e-05	0.000174893684887607	0.000130527002773699
Master_mpagado_deflactada	2.82346042840287e-05	3.58462486333125e-05	0.000130527002773699
cseguro_vivienda_delta1	2.78009285137179e-05	0.000383115155252015	0.000163158753467124
mplazo_fijo_pesos_delta1	2.77218425041437e-05	0.000166569229420975	0.000130527002773699
cprestamos_prendarios_delta1	2.73408761640096e-05	7.89059107493039e-05	9.78952520802741e-05
Master_mpagosdolares_deflactada	2.63473481242329e-05	2.68832208636122e-05	0.000130527002773699
Visa_cadelantosefectivo_delta1	2.57882818486524e-05	4.1903023333792e-05	9.78952520802741e-05
cforex_sell_lag1	2.54738734557824e-05	1.01329113361525e-05	9.78952520802741e-05
mtarjeta_master_descuentos_lag1	2.53106446143472e-05	1.60717857440218e-06	6.52635013868494e-05
minversion1_pesos_lag1	2.44137250526793e-05	0.000233305137590538	0.000130527002773699
active_quarter_delta1	2.43854061003753e-05	3.80025429351753e-05	9.78952520802741e-05
Master_mconsumosdolares_deflactada	2.38059735010657e-05	1.27510360659744e-05	9.78952520802741e-05
mprestamos_hipotecarios_delta1	2.33758532038085e-05	0.000192143605047287	0.000130527002773699
minversion2_delta1	2.30072833663801e-05	0.000302939699362948	0.000130527002773699
tpaquete4_delta1	2.23852860026242e-05	0.000208109649644898	9.78952520802741e-05
ctarjeta_master_descuentos	2.17453303791448e-05	7.80339262647323e-05	9.78952520802741e-05
mtarjeta_master_descuentos_delta1	2.15244870272896e-05	4.01636140444734e-05	9.78952520802741e-05
Master_cadelantosefectivo_lag1	2.11122461287432e-05	1.67859184556145e-05	9.78952520802741e-05
ccheques_depositados_rechazados_delta1	1.99887286037826e-05	0.000545345089373149	9.78952520802741e-05
ccheques_depositados_delta1	1.9842772940382e-05	4.48123161895627e-05	9.78952520802741e-05
mcajeros_propios_descuentos_deflactada	1.95154092902372e-05	0.000112537457753475	9.78952520802741e-05
Master_cadelantosefectivo	1.90671748799752e-05	0.000187539848317613	6.52635013868494e-05
Master_msaldodolares	1.86868969852699e-05	0.000127977836405581	9.78952520802741e-05
minversion1_dolares_lag1	1.80502561405681e-05	9.58566290614398e-05	6.52635013868494e-05
mtarjeta_master_descuentos	1.71806714504148e-05	4.88543637903558e-05	6.52635013868494e-05
mtarjeta_visa_descuentos	1.593820012332e-05	0.00120490212463349	6.52635013868494e-05
Master_madelantodolares_lag1	1.56320257919283e-05	1.29408055977263e-07	3.26317506934247e-05
cseguro_auto_lag1	1.4103388405748e-05	1.50525887393955e-05	6.52635013868494e-05
Master_msaldodolares_deflactada	1.40811996825016e-05	7.85697972079402e-06	6.52635013868494e-05
Master_madelantopesos	1.36551775416653e-05	0.000227578831113544	6.52635013868494e-05
cforex_sell	1.36196213161342e-05	3.82161965041042e-05	6.52635013868494e-05
Master_cadelantosefectivo_delta1	1.33791557745612e-05	3.24330025931069e-05	3.26317506934247e-05
cinversion1_delta1	1.30487871834566e-05	4.5517980924338e-05	6.52635013868494e-05
Master_madelantopesos_lag1	1.29651922674472e-05	3.85857476975157e-06	6.52635013868494e-05
tcuentas	1.27768594615359e-05	5.48525140359462e-05	6.52635013868494e-05
Visa_cadelantosefectivo	1.26366894307295e-05	3.1057282051711e-05	6.52635013868494e-05
minversion1_dolares_delta1	1.23492178668216e-05	4.41010061369091e-05	6.52635013868494e-05
cseguro_vida_delta1	1.19996296135382e-05	8.87965076719151e-06	6.52635013868494e-05
cliente_edad_delta1	1.14345149599039e-05	5.04105173762435e-06	6.52635013868494e-05
ccuenta_corriente	8.2738276111543e-06	2.59250367175926e-07	3.26317506934247e-05
Visa_cadelantosefectivo_lag1	7.71125706611619e-06	1.46344009611871e-06	3.26317506934247e-05
tcuentas_delta1	6.49493919034021e-06	1.11703470600776e-05	3.26317506934247e-05
cprestamos_prendarios_lag1	6.19948210795625e-06	8.1319718397457e-05	3.26317506934247e-05
cinversion1_lag1	6.14345902024856e-06	1.8064148699806e-05	3.26317506934247e-05
cprestamos_hipotecarios_lag1	5.16668726381154e-06	0.000106117211432684	3.26317506934247e-05
minversion1_dolares	4.95519137133505e-06	0.000101798326128248	3.26317506934247e-05
