fecha	objective	metric	first_metric_only	boost_from_average	feature_pre_filter	verbosity	seed	max_depth	min_gain_to_split	lambda_l1	lambda_l2	max_bin	num_iterations	force_row_wise	learning_rate	feature_fraction	bagging_fraction	bagging_freq	min_gain_to_split	min_data_in_leaf	num_leaves	max_bin	lambda_l1	lambda_l2	ratio_corte	iteracion_bayesiana	ganancia
20211118 171529	binary	custom	TRUE	TRUE	FALSE	-100	999983	-1	0	0	0	31	189	TRUE	0.0772112887068652	0.633040470168344	0.440976799814962	52	5.39393354603089	3644	287	16	41.9139528233791	28.7003108416684	0.0370440109462479	1	5717500
20211118 171633	binary	custom	TRUE	TRUE	FALSE	-100	999983	-1	0	0	0	31	195	TRUE	0.0638561918716878	0.490051603609463	0.628601355638239	33	8.63077310888912	4678	222	59	58.2743513252353	35.0992320541991	0.0431615241060146	2	5903750
20211118 171718	binary	custom	TRUE	TRUE	FALSE	-100	999983	-1	0	0	0	31	381	TRUE	0.053631811184343	0.616793097302434	0.321516701575019	92	2.4939877485449	4891	626	48	62.5339758832706	7.70540009252727	0.0417723213912112	3	5761250
20211118 171800	binary	custom	TRUE	TRUE	FALSE	-100	999983	-1	0	0	0	31	179	TRUE	0.0649580881008878	0.188847564625903	0.525633688253001	65	4.35836993559496	4179	428	40	72.9761936335126	76.0679731407436	0.0441908731055376	4	5700000
20211118 171828	binary	custom	TRUE	TRUE	FALSE	-100	999983	-1	0	0	0	31	170	TRUE	0.0596981963715516	0.684549638818135	0.460339306706446	45	10.3154991645715	4463	456	32	56.6177283204161	86.3766502786893	0.04662616220197	5	5736250
20211118 171900	binary	custom	TRUE	TRUE	FALSE	-100	999983	-1	0	0	0	31	136	TRUE	0.0814079891266301	0.122113602834288	0.720087474111351	73	12.208644871891	2419	702	79	83.657208160148	66.5474609675584	0.0335458980860804	6	5940000
20211118 172026	binary	custom	TRUE	TRUE	FALSE	-100	999983	-1	0	0	0	31	464	TRUE	0.0370904281623662	0.220554879714618	0.268313526206766	47	8.03931231232127	5277	806	23	5.9139002172742	58.9967821585014	0.0502665428100391	7	5192500
20211118 172122	binary	custom	TRUE	TRUE	FALSE	-100	999983	-1	0	0	0	31	323	TRUE	0.0425378292985261	0.706787938707275	0.557114808029728	43	3.48374241901911	2674	527	14	76.2592554138973	55.1486357825343	0.043797544626045	8	6008750
20211118 172236	binary	custom	TRUE	TRUE	FALSE	-100	999983	-1	0	0	0	31	204	TRUE	0.0729224329879507	0.451372505624895	0.966772640548879	81	9.41918623389211	3284	485	66	16.0201930964831	15.6235898798332	0.0490698199894554	9	5521250
20211118 172335	binary	custom	TRUE	TRUE	FALSE	-100	999983	-1	0	0	0	31	194	TRUE	0.0868931377436966	0.428298536380753	0.409260381701752	51	9.30415933820768	2405	886	49	49.9653130106162	30.0597474625101	0.0467265864946064	10	5471250
20211118 172443	binary	custom	TRUE	TRUE	FALSE	-100	999983	-1	0	0	0	31	220	TRUE	0.0753886611745693	0.588525713939453	0.765004214519286	58	11.5485133790353	7210	369	75	86.0605055728229	72.1028452168684	0.0481994761199401	11	5651250
20211118 172602	binary	custom	TRUE	TRUE	FALSE	-100	999983	-1	0	0	0	31	180	TRUE	0.0518244750862941	0.661890516920248	0.578564339256845	55	5.66487111820607	197	755	89	46.0491000587353	96.2653003999731	0.0475801929820157	12	5843750
20211118 172651	binary	custom	TRUE	TRUE	FALSE	-100	999983	-1	0	0	0	31	261	TRUE	0.0440727587295696	0.166049595270888	0.191349130745512	27	3.16444908210542	3056	254	58	39.1443043027539	19.5963954541367	0.0562250508397981	13	4652500
20211118 172820	binary	custom	TRUE	TRUE	FALSE	-100	999983	-1	0	0	0	31	363	TRUE	0.0602242690701969	0.260191394407302	0.985635153515614	63	5.18634032297996	4313	729	97	27.9925695084967	74.2336370307021	0.0421321751064916	14	5757500
20211118 172919	binary	custom	TRUE	TRUE	FALSE	-100	999983	-1	0	0	0	31	299	TRUE	0.0246056039431132	0.915117244710564	0.745458392691798	29	13.7637384218106	6250	637	21	71.3550832035253	64.4328685378423	0.0409270835948549	15	5687500
20211118 173015	binary	custom	TRUE	TRUE	FALSE	-100	999983	-1	0	0	0	31	370	TRUE	0.0304838866987266	0.794787592208595	0.372538100624806	61	12.4126980413566	1400	128	36	60.8291597384959	53.2481842301786	0.0444921459834467	16	5655000
20211118 173056	binary	custom	TRUE	TRUE	FALSE	-100	999983	-1	0	0	0	31	312	TRUE	0.0289563614106737	0.751851371211233	0.225335315002012	7	0.833390601648716	901	571	26	33.4818493574858	46.0077803838067	0.0373034403688919	17	5628750
20211118 173119	binary	custom	TRUE	TRUE	FALSE	-100	999983	-1	0	0	0	31	202	TRUE	0.089555052950047	0.763627800893737	0.337376327044913	74	2.6752128021908	5893	197	54	26.4139596722089	60.9916995838284	0.0458897173893031	18	5696250
20211118 173245	binary	custom	TRUE	TRUE	FALSE	-100	999983	-1	0	0	0	31	303	TRUE	0.0408753442326561	0.511625690373476	0.430619845518377	66	3.90560352330795	5053	937	84	98.0315337347565	43.2191358553246	0.0428518825370524	19	5850000
20211118 173312	binary	custom	TRUE	TRUE	FALSE	-100	999983	-1	0	0	0	31	130	TRUE	0.0697080600485206	0.952851827978156	0.286700245804386	24	14.5412454947073	728	423	44	8.46848788787611	94.0301806532079	0.0419396952122719	20	5736250
20211118 173345	binary	custom	TRUE	TRUE	FALSE	-100	999983	-1	0	0	0	31	190	TRUE	0.0919250850472599	0.909732682515751	0.606713318132097	37	7.6163593736419	6428	885	9	69.148093292024	69.3198548036162	0.0447766814792498	21	5762500
20211118 173436	binary	custom	TRUE	TRUE	FALSE	-100	999983	-1	0	0	0	31	155	TRUE	0.0799933724794537	0.280214131191606	0.93391901707917	18	1.93744662878453	2085	550	45	67.0207212795503	50.5354598775739	0.0386591683194831	22	5776250
20211118 173552	binary	custom	TRUE	TRUE	FALSE	-100	999983	-1	0	0	0	31	375	TRUE	0.0468172300169244	0.30299030306167	0.185910197612247	31	13.055709465465	7093	340	7	31.0906454542419	81.5684952313313	0.0541496154586461	23	4912500
20211118 173634	binary	custom	TRUE	TRUE	FALSE	-100	999983	-1	0	0	0	31	408	TRUE	0.0340719167562202	0.878602939317934	0.369276376652415	35	6.73730829221313	6006	188	77	50.3600267902948	7.24404454580508	0.045864611316144	24	5450000
20211118 173721	binary	custom	TRUE	TRUE	FALSE	-100	999983	-1	0	0	0	31	102	TRUE	0.0929944719681516	0.567022794033401	0.640880738156848	80	11.736900498101	1608	153	19	53.4001173713477	26.2498806545045	0.0353953788088005	25	5713750
20211118 173809	binary	custom	TRUE	TRUE	FALSE	-100	999983	-1	0	0	0	31	74	TRUE	0.0850392989874817	0.404582544335281	0.896013501686393	94	1.63401116579189	240	692	94	94.3773648224305	3.04205855820328	0.0354204848819596	26	6210000
20211118 173857	binary	custom	TRUE	TRUE	FALSE	-100	999983	-1	0	0	0	31	393	TRUE	0.0553383309738711	0.994182112956769	0.487574170288281	99	9.90944048939855	7622	958	99	13.4226591500919	11.5191996115027	0.0417472153180521	27	5715000
20211118 173958	binary	custom	TRUE	TRUE	FALSE	-100	999983	-1	0	0	0	31	193	TRUE	0.095226138769649	0.463403324764222	0.676180879769963	90	14.6651832688367	6825	314	92	2.74123185314238	41.8358747725142	0.0418560083017415	28	6048750
20211118 174202	binary	custom	TRUE	TRUE	FALSE	-100	999983	-1	0	0	0	31	413	TRUE	0.0273561875359155	0.841173230904387	0.917231267439201	39	10.992735707463	1636	1006	68	36.4807679527439	48.9147520752158	0.047396081778849	29	6071250
20211118 174307	binary	custom	TRUE	TRUE	FALSE	-100	999983	-1	0	0	0	31	468	TRUE	0.0336579369953834	0.71586252931389	0.534466689323308	13	0.332291825761786	5419	505	62	80.807887588162	98.1852931599133	0.0431029432686433	30	5612500
20211118 174423	binary	custom	TRUE	TRUE	FALSE	-100	999983	-1	0	0	0	31	209	TRUE	0.0705758534870111	0.544159007313428	0.804572753501707	10	8.38159732252825	7974	111	33	10.7493611704558	20.9478068456519	0.0395295121889985	31	6046250
20211118 174459	binary	custom	TRUE	TRUE	FALSE	-100	999983	-1	0	0	0	31	98	TRUE	0.0669820741354488	0.329462330547394	0.236560634545749	20	6.92468038052903	504	395	3	78.903603926301	84.0333194943378	0.0403747499853548	32	5520000
20211118 174547	binary	custom	TRUE	TRUE	FALSE	-100	999983	-1	0	0	0	31	204	TRUE	0.0976404055687599	0.201722168400302	0.696019458021619	86	6.14297093011555	5745	776	29	19.6754451195011	90.6331924872939	0.0421321751064916	33	5457500
20211118 174805	binary	custom	TRUE	TRUE	FALSE	-100	999983	-1	0	0	0	31	682	TRUE	0.0214674816438928	0.361144300327287	0.151173795727664	97	10.8040980268561	3924	822	81	24.6984934119973	79.614286624128	0.0511452553706075	34	4611250
20211118 174951	binary	custom	TRUE	TRUE	FALSE	-100	999983	-1	0	0	0	31	379	TRUE	0.0394826224381104	0.39123397488147	0.844858482249547	70	13.3588385596813	6671	913	12	95.1867122563999	24.4087509973906	0.0449105805360984	35	5592500
20211118 175021	binary	custom	TRUE	TRUE	FALSE	-100	999983	-1	0	0	0	31	95	TRUE	0.0823455506684259	0.966434905705974	0.779004517733119	9	0.495213480200619	3479	858	72	0.221398339490406	34.4309895724291	0.048182738737834	36	5653750
20211118 175038	binary	custom	TRUE	TRUE	FALSE	-100	999983	-1	0	0	0	31	158	TRUE	0.0560451432415284	0.853456300899852	0.129401025179541	84	4.87104052593349	1055	674	71	89.6817552729044	0.466505853109993	0.0466010561288109	37	5290000
20211118 175146	binary	custom	TRUE	TRUE	FALSE	-100	999983	-1	0	0	0	31	468	TRUE	0.0483056873045862	0.133487197674112	0.112888089407934	5	7.41892948854365	7569	994	38	22.1903235831996	14.1926630306989	0.0410191391964383	38	4723750
20211118 175230	binary	custom	TRUE	TRUE	FALSE	-100	999983	-1	0	0	0	31	130	TRUE	0.0986230524769053	0.819128756229184	0.880011681530159	17	13.8826455186645	1987	604	87	91.6410282830475	87.9820904298685	0.0403914873674609	39	5767500
20211118 175422	binary	custom	TRUE	TRUE	FALSE	-100	999983	-1	0	0	0	31	458	TRUE	0.0237919538500719	0.249241321863956	0.830768281201599	77	1.20638712728396	2841	262	53	43.5122280952055	39.9761258176295	0.0425924531144084	40	5838750
20211118 175618	binary	custom	TRUE	TRUE	FALSE	-100	999983	-1	0	0	0	31	232	TRUE	0.0503800800302683	0.438485090904571	0.824293828917092	90	5.03229080554626	42	894	100	78.1918395406693	16.2771312518784	0.0471952331935762	41	6201250
20211118 175737	binary	custom	TRUE	TRUE	FALSE	-100	999983	-1	0	0	0	31	175	TRUE	0.0766694190327537	0.332156334120729	0.817707036792691	46	2.6696497053403	189	889	98	93.5895867805242	13.0338516370745	0.0414794172043551	42	6105000
20211118 182205	binary	custom	TRUE	TRUE	FALSE	-100	999983	-1	0	0	0	31	184	TRUE	0.0287046575485474	0.478108150988342	0.696128580393733	99	0.136962650294132	209	727	75	84.1513626193678	5.05245464076388	0.0346338279229746	43	6227500
20211118 182330	binary	custom	TRUE	TRUE	FALSE	-100	999983	-1	0	0	0	31	283	TRUE	0.0270979938109831	0.657068941450097	0.808294503640168	75	0.0411615447645509	1648	859	77	64.1335096076902	2.17554658910666	0.0377553496857557	44	5861250
20211118 184521	binary	custom	TRUE	TRUE	FALSE	-100	999983	-1	0	0	0	31	178	TRUE	0.0477918586229443	0.404249551778601	0.687929875784309	94	6.12786757811903	166	568	83	84.6039988565043	6.23452874135638	0.0392115019289833	45	6393750
20211118 184735	binary	custom	TRUE	TRUE	FALSE	-100	999983	-1	0	0	0	31	348	TRUE	0.0367029947428242	0.38176714580653	0.666655571040978	100	9.1119536419928	168	591	96	99.396215284481	31.0060202182293	0.0356882829956566	46	5970000
20211118 184826	binary	custom	TRUE	TRUE	FALSE	-100	999983	-1	0	0	0	31	92	TRUE	0.0698640942826248	0.429875826135586	0.734029246001339	72	6.90114956870157	385	466	88	82.5471941131512	25.9027930598105	0.0423330236917644	47	6327500
20211118 185011	binary	custom	TRUE	TRUE	FALSE	-100	999983	-1	0	0	0	31	281	TRUE	0.0575934883763852	0.367498522231937	0.733326045482546	100	3.97881301429113	458	525	85	83.2239445473896	3.75056636098402	0.0371025917836191	48	6158750
20211118 185215	binary	custom	TRUE	TRUE	FALSE	-100	999983	-1	0	0	0	31	303	TRUE	0.0516379515426059	0.470644697845096	0.656970096464798	64	7.78393093085236	73	616	78	83.7511947341309	9.33672060578174	0.0401906387821881	49	5947500
20211118 185257	binary	custom	TRUE	TRUE	FALSE	-100	999983	-1	0	0	0	31	75	TRUE	0.0655865435668089	0.416715910960335	0.711332253744385	85	0.277445738858348	370	276	89	78.8963611961259	15.9032677078626	0.0501410124442436	50	5911250
20211118 185529	binary	custom	TRUE	TRUE	FALSE	-100	999983	-1	0	0	0	31	395	TRUE	0.0219488640619937	0.39643778649963	0.707048169676428	76	6.23867754497768	236	592	100	72.9203209515021	28.8082560151836	0.0409605583590671	51	6182500
20211118 190513	binary	custom	TRUE	TRUE	FALSE	-100	999983	-1	0	0	0	31	59	TRUE	0.0910284032736948	0.688255352275853	0.699456080819143	86	6.79087357359223	269	589	73	71.9284003302641	30.0389110272461	0.0387763299942256	52	6458750
20211118 190554	binary	custom	TRUE	TRUE	FALSE	-100	999983	-1	0	0	0	31	65	TRUE	0.0584008951430077	0.676830400635949	0.70131885740024	50	6.98168452091049	111	578	63	89.8031865566716	0.316609829019237	0.0445172520566058	53	6201250
20211118 190651	binary	custom	TRUE	TRUE	FALSE	-100	999983	-1	0	0	0	31	98	TRUE	0.073587007873361	0.451551891539922	0.69410130766658	89	4.31964853052727	193	472	79	50.9534405822702	35.589761844963	0.0429439381386357	54	5936250
20211118 190741	binary	custom	TRUE	TRUE	FALSE	-100	999983	-1	0	0	0	31	147	TRUE	0.0768464171398298	0.682307530051178	0.723522286369777	70	5.82574720723715	1119	584	83	93.7331510699146	43.1007188253139	0.0391696584737181	55	5950000
20211118 190857	binary	custom	TRUE	TRUE	FALSE	-100	999983	-1	0	0	0	31	226	TRUE	0.0939581869920842	0.517045184077188	0.695554704918884	93	7.69805041782181	3927	498	48	78.3767834797211	37.4881929699553	0.0445172520566058	56	5701250
20211118 190952	binary	custom	TRUE	TRUE	FALSE	-100	999983	-1	0	0	0	31	98	TRUE	0.0717083935722211	0.604318377845719	0.713177319429817	86	9.93404594836493	76	653	68	74.9098235730182	21.6944633617517	0.0459734042998335	57	5283750
20211118 191039	binary	custom	TRUE	TRUE	FALSE	-100	999983	-1	0	0	0	31	103	TRUE	0.0899616989182732	0.704953230995178	0.705636177745006	60	6.81960950410616	157	468	50	68.3503154688878	15.4113730585899	0.0483501125588947	58	5828750
20211118 191212	binary	custom	TRUE	TRUE	FALSE	-100	999983	-1	0	0	0	31	264	TRUE	0.052345938463264	0.289653470153893	0.756251132302157	100	6.81425927959266	55	672	89	69.9977701518664	38.6098096742861	0.0444335651460755	59	6213750
20211118 191253	binary	custom	TRUE	TRUE	FALSE	-100	999983	-1	0	0	0	31	160	TRUE	0.0553303530971764	0.654528374429117	0.72548311029606	93	6.77592684911113	3324	844	73	54.894859723045	5.45789209354624	0.0483417438678416	60	5580000
20211118 191332	binary	custom	TRUE	TRUE	FALSE	-100	999983	-1	0	0	0	31	156	TRUE	0.0708954954493088	0.697591824973475	0.738461756392021	93	6.27832076689126	74	167	83	75.2216756830651	42.4268773508549	0.0415296293506733	61	5947500
20211118 191444	binary	custom	TRUE	TRUE	FALSE	-100	999983	-1	0	0	0	31	187	TRUE	0.0564504448265367	0.405159624229444	0.759169165639735	89	4.16644832434556	1109	730	88	82.8363158046479	14.8980132917827	0.0365084147188538	62	6147500
20211118 191635	binary	custom	TRUE	TRUE	FALSE	-100	999983	-1	0	0	0	31	343	TRUE	0.0579559583786184	0.337593031086773	0.78701119850623	65	6.71992109855295	737	547	86	86.0697973455672	53.3746130680041	0.0508188764195392	63	6060000
20211118 191723	binary	custom	TRUE	TRUE	FALSE	-100	999983	-1	0	0	0	31	98	TRUE	0.0927349444152437	0.632841180322616	0.721598219572082	89	6.26570839296444	651	444	91	71.3695242604612	35.9949846882048	0.0404082247495669	64	5915000
20211118 191906	binary	custom	TRUE	TRUE	FALSE	-100	999983	-1	0	0	0	31	251	TRUE	0.0356410520038323	0.683512187838409	0.679175164069048	73	3.55209617533872	330	598	45	70.7521579322608	13.8892333478689	0.0472370766488414	65	6145000
20211118 192133	binary	custom	TRUE	TRUE	FALSE	-100	999983	-1	0	0	0	31	466	TRUE	0.0314139781232843	0.434994731585274	0.795014321920999	77	0.82503873944502	1878	847	96	87.7006420767342	3.19943546865949	0.0447432067150377	66	6167500
20211118 192239	binary	custom	TRUE	TRUE	FALSE	-100	999983	-1	0	0	0	31	142	TRUE	0.0465918121067292	0.422504257218973	0.561104946991449	81	5.54035664146044	192	487	98	86.6439329913582	4.87287913527474	0.0414208363669838	67	5763750
20211118 192333	binary	custom	TRUE	TRUE	FALSE	-100	999983	-1	0	0	0	31	195	TRUE	0.0940452236745396	0.701915135509049	0.657824753210145	94	7.41152692119298	1186	789	81	59.8080246928639	11.3767783750413	0.0410107705053852	68	5775000
20211118 192435	binary	custom	TRUE	TRUE	FALSE	-100	999983	-1	0	0	0	31	108	TRUE	0.0878544519699879	0.688022628972864	0.679638665817163	80	5.96929502273543	302	834	70	78.0056981852684	33.0002436938086	0.0420150134317491	69	6225000
20211118 192519	binary	custom	TRUE	TRUE	FALSE	-100	999983	-1	0	0	0	31	85	TRUE	0.0792730416801113	0.609072237750955	0.678506788894214	16	6.88596988761034	611	709	73	74.4116406238449	75.7506278598582	0.0431447867239085	70	6256250
20211118 192744	binary	custom	TRUE	TRUE	FALSE	-100	999983	-1	0	0	0	31	478	TRUE	0.0417583925549572	0.386126461770003	0.694780484175871	62	6.19780053628778	1118	337	73	73.5979796535565	19.0719058448668	0.040676022863264	71	5925000
20211118 192814	binary	custom	TRUE	TRUE	FALSE	-100	999983	-1	0	0	0	31	70	TRUE	0.0938418430331961	0.707080304996509	0.672792745951521	43	6.89066367635714	2046	195	72	83.0572677750404	24.3507987319823	0.046885591624614	72	5647500
20211118 192909	binary	custom	TRUE	TRUE	FALSE	-100	999983	-1	0	0	0	31	73	TRUE	0.0430838934249662	0.459451992577484	0.675677064031635	87	6.84380859699515	75	882	41	77.7466454673682	90.6498657489782	0.0413455181475065	73	5875000
20211118 193025	binary	custom	TRUE	TRUE	FALSE	-100	999983	-1	0	0	0	31	233	TRUE	0.0416137334218889	0.666031726646795	0.722701661848106	95	1.92809555611156	949	546	72	87.533903930122	13.2336357645951	0.0428184077728403	74	6005000
20211118 193121	binary	custom	TRUE	TRUE	FALSE	-100	999983	-1	0	0	0	31	95	TRUE	0.0717918937547369	0.618052564570378	0.693777562957415	91	6.90198462510388	369	884	78	74.7298301857329	61.8913594777895	0.0482245821930992	75	5647500
20211118 193233	binary	custom	TRUE	TRUE	FALSE	-100	999983	-1	0	0	0	31	231	TRUE	0.0733152791339194	0.198573417311388	0.692994305122597	62	5.94478082890506	231	652	49	77.3894607766807	40.9223729367986	0.0491618755910388	76	5607500
20211118 193449	binary	custom	TRUE	TRUE	FALSE	-100	999983	-1	0	0	0	31	382	TRUE	0.0353176221419738	0.410192028713421	0.772475568044204	88	12.4231259040555	36	473	100	92.4787190365056	8.96933499382433	0.0437724385528859	77	6162500
20211118 193536	binary	custom	TRUE	TRUE	FALSE	-100	999983	-1	0	0	0	31	95	TRUE	0.0403850125636835	0.679395904910711	0.699389679979123	94	4.05845782649225	166	499	30	38.4326641490238	28.9535715364735	0.0441406609592194	78	6207500
20211118 193658	binary	custom	TRUE	TRUE	FALSE	-100	999983	-1	0	0	0	31	161	TRUE	0.0338618379443766	0.430832418644063	0.73127717876091	100	7.718198455117	401	657	77	90.5075597716472	9.93358204655711	0.0466010561288109	79	5940000
20211118 193824	binary	custom	TRUE	TRUE	FALSE	-100	999983	-1	0	0	0	31	160	TRUE	0.053957590640493	0.434121490784799	0.797398673203403	50	5.42282691126689	207	940	88	97.0354998540561	30.8430966794705	0.0414375737490899	80	6061250
20211118 194155	binary	custom	TRUE	TRUE	FALSE	-100	999983	-1	0	0	0	31	586	TRUE	0.0217727779474574	0.399389384518223	0.785543766245958	81	2.85311440019541	463	483	27	80.5800039327223	3.87203084390646	0.0352865858251111	81	6180000
20211118 194407	binary	custom	TRUE	TRUE	FALSE	-100	999983	-1	0	0	0	31	395	TRUE	0.0261484063969198	0.399867589672978	0.706388489127894	88	7.16757784822839	1019	819	66	75.7857241527703	2.24654203237262	0.0426091904965144	82	6086250
20211118 194523	binary	custom	TRUE	TRUE	FALSE	-100	999983	-1	0	0	0	31	176	TRUE	0.043825578229014	0.406999949277383	0.818237109186692	81	7.36164225584455	27	486	65	88.2311387752015	25.4951720430487	0.0409940331232792	83	5877500
20211118 194615	binary	custom	TRUE	TRUE	FALSE	-100	999983	-1	0	0	0	31	94	TRUE	0.0819668143224564	0.41408782319115	0.735743780437422	68	6.41577448724175	60	681	93	61.9658251512039	16.3824808723543	0.0376716627752253	84	5923750
20211118 194819	binary	custom	TRUE	TRUE	FALSE	-100	999983	-1	0	0	0	31	327	TRUE	0.0312748756432816	0.312974565793188	0.772873303040012	81	7.64577501060919	179	759	64	78.702775599047	31.1346481821298	0.0403329065300896	85	5976250
20211118 194909	binary	custom	TRUE	TRUE	FALSE	-100	999983	-1	0	0	0	31	109	TRUE	0.0820297875015713	0.435176936177151	0.727760439344469	75	10.8314000465271	831	209	98	98.547318403187	41.0568823403534	0.0345668783945503	86	5937500
20211118 195006	binary	custom	TRUE	TRUE	FALSE	-100	999983	-1	0	0	0	31	144	TRUE	0.0903871505619476	0.610688696957729	0.644452328066738	8	6.36879924224495	728	750	26	86.4322563499295	94.4764093406867	0.0429690442117948	87	5882500
20211118 195059	binary	custom	TRUE	TRUE	FALSE	-100	999983	-1	0	0	0	31	100	TRUE	0.0676329081229796	0.439101355273193	0.76561370557897	69	0.609563244746661	657	348	13	86.7152602500274	23.1907919786148	0.0362238792230507	88	5390000
20211118 195202	binary	custom	TRUE	TRUE	FALSE	-100	999983	-1	0	0	0	31	175	TRUE	0.0912053839225749	0.31798528558593	0.730753569382308	59	9.0729577000166	58	421	97	86.8512364242187	28.2104812847329	0.0505678156879482	89	5597500
20211118 195250	binary	custom	TRUE	TRUE	FALSE	-100	999983	-1	0	0	0	31	115	TRUE	0.059518378111569	0.761709006071951	0.708144037259299	84	6.56505231581915	341	369	81	59.2028433635873	29.0580782356122	0.0429272007565297	90	5988750
20211118 195355	binary	custom	TRUE	TRUE	FALSE	-100	999983	-1	0	0	0	31	154	TRUE	0.0884464541580641	0.788923023210433	0.688955755214496	40	6.79805845311783	485	626	86	73.4321496878245	53.7415313026309	0.0437640698618329	91	5763750
20211118 195427	binary	custom	TRUE	TRUE	FALSE	-100	999983	-1	0	0	0	31	70	TRUE	0.0778002958547925	0.684053785391925	0.734054553800275	67	9.35507798194361	60	330	15	66.6114733849834	24.6089755651973	0.036550258174119	92	6191250
20211118 195512	binary	custom	TRUE	TRUE	FALSE	-100	999983	-1	0	0	0	31	94	TRUE	0.0768360659184329	0.433970001650376	0.71386885793589	85	8.05480441344506	1471	894	100	65.6748247110602	27.4362832867498	0.0422660741633401	93	5937500
20211118 195607	binary	custom	TRUE	TRUE	FALSE	-100	999983	-1	0	0	0	31	182	TRUE	0.0360703581973111	0.642324653706997	0.634310966798158	11	6.11167580354086	1133	802	44	70.2297373177572	74.7469154114357	0.0395295121889985	94	5896250
20211118 195712	binary	custom	TRUE	TRUE	FALSE	-100	999983	-1	0	0	0	31	157	TRUE	0.0411736950255144	0.68534958951624	0.710140475329849	64	4.04954475615957	139	491	34	68.3929298410892	29.330356059302	0.0424501853665068	95	6260000
20211118 195835	binary	custom	TRUE	TRUE	FALSE	-100	999983	-1	0	0	0	31	232	TRUE	0.0312583547726932	0.403556543514688	0.769511440281261	93	4.78056507900675	74	237	71	83.3709677452021	4.88207140213835	0.0345668783945503	96	6387500
20211118 200112	binary	custom	TRUE	TRUE	FALSE	-100	999983	-1	0	0	0	31	516	TRUE	0.0201476442604235	0.399759995320843	0.704114453797721	94	3.15761124456777	28	280	71	75.082182015197	6.06067921984698	0.0475969303641217	97	6041250
20211118 200231	binary	custom	TRUE	TRUE	FALSE	-100	999983	-1	0	0	0	31	187	TRUE	0.0394457205328088	0.409565785776683	0.807079549953452	74	5.23534252616031	573	267	69	80.6461254773932	1.9382967767515	0.0366088390114902	98	6432500
20211118 200341	binary	custom	TRUE	TRUE	FALSE	-100	999983	-1	0	0	0	31	185	TRUE	0.0440148360301903	0.405132096179434	0.7023602044477	77	6.22963088651267	1203	338	49	85.7013239313717	3.27013012236798	0.037847405287339	99	5847500
20211118 200541	binary	custom	TRUE	TRUE	FALSE	-100	999983	-1	0	0	0	31	439	TRUE	0.0372431033382472	0.897930529480582	0.796176849203152	84	7.01445379535229	599	248	82	80.2602258973947	27.7507169700231	0.0468437481693488	100	6003750
20211118 200702	binary	custom	TRUE	TRUE	FALSE	-100	999983	-1	0	0	0	31	210	TRUE	0.0360210371493363	0.394164896247041	0.783399089506825	75	8.22817940291021	966	244	76	88.4360046347782	27.9727722097973	0.0395797243353167	101	5838750
20211118 200923	binary	custom	TRUE	TRUE	FALSE	-100	999983	-1	0	0	0	31	375	TRUE	0.0352430010922461	0.438340977887105	0.824542893769169	77	4.33690213607908	809	612	71	78.1278859484196	21.2754348358144	0.0424250792933477	102	6263750
20211118 201056	binary	custom	TRUE	TRUE	FALSE	-100	999983	-1	0	0	0	31	256	TRUE	0.0298896477502914	0.373419881364328	0.81899359102285	83	5.09149431423859	1207	334	71	77.3168598800359	1.95878906832174	0.0457056061861364	103	5973750
20211118 201133	binary	custom	TRUE	TRUE	FALSE	-100	999983	-1	0	0	0	31	100	TRUE	0.0940095355499609	0.673291642311348	0.697939240418545	19	7.61380995048959	1100	554	36	72.9277092777105	61.7858700034487	0.0541914589139113	104	5556250
20211118 201301	binary	custom	TRUE	TRUE	FALSE	-100	999983	-1	0	0	0	31	382	TRUE	0.0326516152571212	0.685347220971793	0.72681354649297	89	5.48693675242746	2417	484	18	67.9509071229651	28.7592673583673	0.047672248583599	105	5730000
20211118 201436	binary	custom	TRUE	TRUE	FALSE	-100	999983	-1	0	0	0	31	315	TRUE	0.0464621624779849	0.423116994334834	0.782895226574079	83	5.02371692218726	4240	431	84	76.4885621654335	33.7901717152126	0.0444921459834467	106	5955000
20211118 201646	binary	custom	TRUE	TRUE	FALSE	-100	999983	-1	0	0	0	31	381	TRUE	0.0223445238332143	0.421569432312233	0.813820386048923	72	4.73901142257826	660	211	70	79.427268669555	0.130342510254394	0.042759826935469	107	6163750
20211118 201802	binary	custom	TRUE	TRUE	FALSE	-100	999983	-1	0	0	0	31	182	TRUE	0.0406256501918131	0.414498772817259	0.857522664103619	94	4.16915432463861	809	263	61	81.0036342264204	6.53865897612571	0.0382909459131497	108	5931250
20211118 201848	binary	custom	TRUE	TRUE	FALSE	-100	999983	-1	0	0	0	31	102	TRUE	0.0538257595598255	0.67788993161985	0.686260005605065	54	2.68855312108072	669	586	62	74.4562486677969	15.1070892292664	0.0460570912103638	109	5971250
20211118 202017	binary	custom	TRUE	TRUE	FALSE	-100	999983	-1	0	0	0	31	233	TRUE	0.0499238264405324	0.412463021134374	0.797535305022782	55	5.03936031063673	1008	688	93	80.6194261573124	6.81811375401408	0.0451449038855833	110	5807500
20211118 202323	binary	custom	TRUE	TRUE	FALSE	-100	999983	-1	0	0	0	31	678	TRUE	0.0339857594889508	0.390678810764747	0.757749038638154	94	5.23427735544481	2320	621	93	83.6861338033433	27.4768772606147	0.0444084590729164	111	5567500
20211118 202419	binary	custom	TRUE	TRUE	FALSE	-100	999983	-1	0	0	0	31	103	TRUE	0.0887866176524141	0.676036267476626	0.689431184638071	76	6.14479940202633	349	584	70	84.0918124035548	12.5241624084742	0.0436469081870905	112	6231250
20211118 202527	binary	custom	TRUE	TRUE	FALSE	-100	999983	-1	0	0	0	31	115	TRUE	0.0378890769335506	0.500977702078986	0.738679954761839	96	6.44483192910367	199	584	74	44.7588349865327	23.4151032037311	0.042483660130719	113	6105000
20211118 202623	binary	custom	TRUE	TRUE	FALSE	-100	999983	-1	0	0	0	31	124	TRUE	0.0461220611754182	0.402396560095319	0.779775484435801	80	5.44114664798959	126	264	69	82.0397796709351	47.8700486386522	0.0403496439121957	114	6073750
20211118 202700	binary	custom	TRUE	TRUE	FALSE	-100	999983	-1	0	0	0	31	117	TRUE	0.0795879283359426	0.118577024197895	0.771429034693341	72	6.81743240151512	412	549	81	94.7972153937843	26.4836050821995	0.0438393880813102	115	5652500
20211118 202809	binary	custom	TRUE	TRUE	FALSE	-100	999983	-1	0	0	0	31	159	TRUE	0.0400457583783105	0.669386677254767	0.69848840584928	95	6.34605468515296	79	609	84	66.8193584073678	45.2242915281689	0.040952189668014	116	6333750
20211118 202926	binary	custom	TRUE	TRUE	FALSE	-100	999983	-1	0	0	0	31	147	TRUE	0.059149829506618	0.44387766345796	0.798879619207442	58	2.161072363213	388	708	59	33.3687417536049	11.9699707549976	0.0366004703204372	117	6133750
20211118 203158	binary	custom	TRUE	TRUE	FALSE	-100	999983	-1	0	0	0	31	409	TRUE	0.0522373171125134	0.428808984365659	0.790961737387019	92	3.0439684570944	624	818	75	71.0204269107811	46.6312958160994	0.0415421823872528	118	5945000
20211118 203241	binary	custom	TRUE	TRUE	FALSE	-100	999983	-1	0	0	0	31	73	TRUE	0.0449941926455796	0.687623983133013	0.692432339177247	81	6.70433458959978	36	590	95	30.0713993973142	28.3426774144449	0.039387244441097	119	5967500
20211118 203339	binary	custom	TRUE	TRUE	FALSE	-100	999983	-1	0	0	0	31	91	TRUE	0.0434722893007313	0.424021053321479	0.7736592685292	90	2.98201966677594	285	624	73	95.6670633502439	4.94189250544292	0.0447013632597725	120	5923750
20211118 203434	binary	custom	TRUE	TRUE	FALSE	-100	999983	-1	0	0	0	31	153	TRUE	0.09003693220624	0.229861842990704	0.713062097758628	91	6.11820112247679	643	600	83	16.0499780137193	58.9778330797837	0.0399897901969153	121	5677500
20211118 203606	binary	custom	TRUE	TRUE	FALSE	-100	999983	-1	0	0	0	31	194	TRUE	0.0394631410308245	0.892435986444086	0.811709351126842	74	2.73790138822994	485	623	37	73.0099669415234	30.1332807022285	0.0380566225636648	122	6216250
20211118 203656	binary	custom	TRUE	TRUE	FALSE	-100	999983	-1	0	0	0	31	139	TRUE	0.0484639188197348	0.64053998371039	0.695202867631442	98	6.72905749138958	1061	550	75	76.8205741634878	41.8871850933006	0.0472370766488414	123	5945000
20211118 203925	binary	custom	TRUE	TRUE	FALSE	-100	999983	-1	0	0	0	31	368	TRUE	0.0290157980936774	0.403794029378078	0.798249500054771	41	1.2157622397241	464	780	87	51.0981595690136	11.8666061704285	0.0444670399102876	124	5958750
20211118 204037	binary	custom	TRUE	TRUE	FALSE	-100	999983	-1	0	0	0	31	117	TRUE	0.059184888429944	0.592039884341147	0.805764968556156	79	3.28398312865895	301	674	36	48.1447143021874	26.0941620133648	0.04301088766706	125	6376250
20211118 204143	binary	custom	TRUE	TRUE	FALSE	-100	999983	-1	0	0	0	31	129	TRUE	0.0397659606790694	0.534002718011371	0.803308645242054	32	2.91661536516845	367	295	71	65.0545467260016	15.1073616061213	0.0423413923828174	126	5876250
