Feature	Gain	Cover	Frequency
ctrx_quarter	0.102669137623238	0.035165553628516	0.00420846304623544
Visa_mfinanciacion_limite	0.0927997156587809	0.00441886492683288	0.00322841000807103
mdescubierto_preacordado_deflactada	0.069103246869248	0.00420950927786484	0.00559206733540874
foto_mes	0.0411899427757488	0.0123909275960243	0.00910872823705754
mcuenta_corriente_deflactada	0.0383571777846395	0.00289830697503849	0.00366078634843768
mcaja_ahorro	0.0356739146187339	0.0133571085719076	0.00371843652715323
ctarjeta_visa_delta1	0.0218512642979675	0.0028300322933131	0.000835927591375533
mcuentas_saldo	0.0218343154875241	0.0133422374943732	0.00541911679926208
mprestamos_personales	0.0127846142045213	0.0107275122115026	0.00377608670586879
mpayroll	0.00992328988599004	0.0295288832127864	0.00184480571889773
cpayroll_trx	0.00983562680760493	0.025020597298787	0.00132595411045774
ctrx_quarter_lag1	0.00832462309072528	0.00283423800966537	0.00331488527614436
Visa_delinquency	0.00811587805951965	0.00190400822876597	0.000634151965871094
mtarjeta_visa_consumo	0.00766942744670858	0.025434274772598	0.00253660786348438
Master_Finiciomora	0.00735893337554318	0.00432852033929496	0.00123947884238441
Visa_mpagospesos	0.00715469048193898	0.000886738712642472	0.00184480571889773
ccaja_ahorro	0.00636222111554052	0.00993025157948497	0.00227718205926438
Visa_status_lag1	0.00617024592370372	0.00214121436989762	0.00086475268073331
Visa_Finiciomora_lag1	0.00573714761239152	0.0033813060123963	0.00210423152311772
ctrx_quarter_delta1	0.00542339968170188	0.0130412908015672	0.00887812752219532
cproductos	0.00523688538976534	0.0084912033814784	0.0035166609016488
ctarjeta_visa_transacciones	0.00482750676593999	0.0185339361475573	0.00296898420385103
mrentabilidad	0.00472355541002934	0.00136536833205044	0.00294015911449326
mprestamos_personales_delta1	0.00455586392322404	0.0107349707392287	0.00443906376109766
mcuentas_saldo_deflactada	0.00439870015297633	0.0107018055029145	0.00550559206733541
mprestamos_personales_deflactada	0.00427666173497685	0.00948853161780957	0.00397786233137323
Visa_mpagominimo	0.00411648159409376	0.00909193317209278	0.00230600714862216
mcuenta_corriente	0.00406059095814831	0.00232096529229852	0.00397786233137323
mactivos_margen_deflactada	0.00400265110006491	0.00459026807826164	0.00302663438256659
mactivos_margen	0.00367910461461698	0.00731581984793593	0.00498674045889542
mrentabilidad_annual_lag1	0.00323900030964001	0.00154399860586061	0.00475613974403321
mpasivos_margen	0.00315712349660955	0.00190291435852298	0.00245013259541105
Visa_msaldototal_deflactada	0.00306671823959167	0.000767086486621883	0.00123947884238441
mcaja_ahorro_deflactada	0.00298843856808691	0.00756422641195286	0.00219070679119105
internet	0.00285676195412322	0.000748230487791189	0.00123947884238441
mcomisiones_mantenimiento_deflactada	0.00279543920019094	0.00427108432013431	0.00334371036550213
cliente_edad	0.00276958851578037	0.00713388825857486	0.00648564510549983
mtarjeta_visa_consumo_deflactada	0.0027410923529806	0.0110229794480567	0.00126830393174219
mrentabilidad_annual_delta1	0.00268977496621383	0.00248133323819509	0.00619739421192206
Visa_msaldototal_lag1	0.00262283798677481	0.00201353571307787	0.00161420500403551
Visa_Finiciomora	0.00262234347659853	0.0114251194960022	0.00230600714862216
mpayroll_deflactada	0.00261711217790341	0.0118577615977903	0.00147007955724663
mcaja_ahorro_delta1	0.00260806080345242	0.00169912456387217	0.00331488527614436
Visa_fechaalta	0.00258549781548388	0.00251829493686763	0.00423728813559322
Master_fultimo_cierre	0.00242177823696594	0.00102761454763632	0.00236365732733771
Visa_mpagospesos_lag1	0.00240597915036063	0.00425902496911365	0.00328606018678658
cproductos_delta1	0.00240107830669925	0.008212793952441	0.00172950536146662
cliente_edad_lag1	0.00238932008113862	0.00701883432958959	0.00515969099504209
Master_fechaalta	0.00232172219198492	0.00318142636176882	0.00337253545485991
ccallcenter_transacciones_delta1	0.00230989406638286	0.00149445916777511	0.00219070679119105
Visa_Fvencimiento_lag1	0.00228931519373313	0.00140395593115807	0.00478496483339098
mrentabilidad_annual	0.00225774759257357	0.00152197619372145	0.00383373688458434
mcuentas_saldo_delta1	0.00225348692986318	0.00622643472556638	0.00429493831430877
mrentabilidad_delta1	0.0022434688616817	0.00113022412369555	0.00415081286751989
Master_fechaalta_lag1	0.00223352874351614	0.0030754699974927	0.00443906376109766
Visa_mpagominimo_deflactada	0.00214413002331588	0.015924630195969	0.00245013259541105
mrentabilidad_annual_deflactada	0.00213076701380212	0.00219162435691091	0.00469848956531765
chomebanking_transacciones_lag1	0.00209239134208505	0.00139320770867347	0.00397786233137323
canarito34	0.00207215711150391	0.00208554016391817	0.00495791536953765
canarito63	0.00205267125477277	0.000704238209704681	0.00435258849302433
canarito52	0.00205205918857907	0.000817984041664959	0.00461201429724432
Master_Fvencimiento_lag1	0.00204628813057422	0.00169971318227082	0.00492909028017987
Visa_delinquency_delta1	0.00202580851071947	0.000541586020219864	0.000518851608439986
mcaja_ahorro_lag1	0.00200277338047502	0.00339188194400198	0.00438141358238211
mautoservicio	0.00198224239735884	0.020300682607772	0.00147007955724663
numero_de_cliente	0.00194538561121261	0.00783509142045061	0.00515969099504209
canarito6	0.00193698875680685	0.000708386327346696	0.00446788885045544
canarito74	0.00193210885923765	0.000572590799647664	0.00377608670586879
cliente_antiguedad_lag1	0.00191779801664932	0.00265941531375414	0.00392021215265767
ccaja_seguridad	0.00190165084176641	0.010259692960556	0.00086475268073331
canarito94	0.00189526202892392	0.000831791564067027	0.00458318920788654
Master_Fvencimiento	0.00189415643300181	0.00111172281165958	0.00455436411852877
canarito35	0.00188757465185952	0.000529714117633454	0.00443906376109766
chomebanking_transacciones_delta1	0.00188741683009338	0.000930146919596926	0.00360313616972213
mpasivos_margen_deflactada	0.00188079297789408	0.0012066449809072	0.00265190822091548
mcomisiones_mantenimiento_lag1	0.0018806772123671	0.00261717625956748	0.00279603366770437
canarito53	0.00187932468117549	0.000757810568011682	0.00472731465467543
canarito28	0.00187779528833638	0.000658756954432909	0.00449671393981321
Visa_status_delta1	0.0018696800764903	0.00180961354244384	0.000778277412659979
mcuenta_corriente_lag1	0.00185415715795399	0.00189745208083384	0.00406433759944656
canarito93	0.00185364351581397	0.00132607236985706	0.00475613974403321
canarito2	0.00184289414677042	0.000596909076167496	0.00412198777816211
canarito17	0.00182708072530454	0.000809884349348377	0.00441023867173988
canarito83	0.00182051521028285	0.000526064178309956	0.00458318920788654
canarito97	0.00180648779509976	0.000613752656902191	0.00446788885045544
canarito99	0.00180486126806569	0.000519149301568347	0.00415081286751989
canarito96	0.00180093673986003	0.00055943252586557	0.00452553902917099
canarito105	0.00179899905345793	0.000663981258503363	0.00429493831430877
canarito64	0.0017935867176563	0.000582974735552498	0.00432376340366655
Visa_msaldopesos_lag1	0.00177291185178622	0.00146003231760561	0.00170068027210884
mcaja_ahorro_dolares_lag1	0.00177257354928863	0.00285340069636558	0.00262308313155771
mrentabilidad_lag1	0.00177240083311162	0.00104431564735091	0.004006687420731
mttarjeta_visa_debitos_automaticos_delta1	0.00176523637204573	0.00188711210183947	0.0036319612590799
canarito45	0.00175465689920084	0.00104266549482731	0.00423728813559322
canarito107	0.00174907164471154	0.000404753210484406	0.00397786233137323
ccajas_transacciones_lag1	0.00174881249635676	0.000154621211419065	0.000490026519082209
canarito55	0.00174692775872626	0.000629649395680597	0.0038913870632999
mes	0.00174050797939558	0.00769026956855248	0.00334371036550213
canarito15	0.00173697120897408	0.000943304688127175	0.00406433759944656
canarito49	0.00173479547095755	0.000636310635996349	0.00415081286751989
canarito27	0.00173475837340672	0.000804918734222223	0.00417963795687767
canarito33	0.00173131043247975	0.000982799214295387	0.00386256197394212
canarito43	0.00172778571955609	0.000546662285499927	0.00406433759944656
mrentabilidad_deflactada	0.0017135055354563	0.00109050122369369	0.0032572350974288
canarito5	0.00170857290432718	0.00133021088771403	0.004266113224951
canarito103	0.00170311406022748	0.00040139581197878	0.00409316268880434
canarito19	0.00169522043947913	0.000778791150847817	0.00406433759944656
canarito57	0.00169344872818982	0.000722478306537127	0.00449671393981321
canarito92	0.00169227853666448	0.000538237716247436	0.00423728813559322
canarito77	0.0016915804789477	0.000767548286807608	0.00441023867173988
mcomisiones_deflactada	0.00169115032234975	0.00119918392692186	0.00207540643375995
canarito75	0.00168358453458095	0.000343190799511044	0.00429493831430877
canarito46	0.0016587573520173	0.000944860863807737	0.004006687420731
canarito66	0.0016569445412987	0.000704083602640314	0.00420846304623544
canarito25	0.00164832661265599	0.001078279686831	0.00403551251008878
canarito69	0.0016402306530805	0.000404160550070997	0.00409316268880434
Master_mfinanciacion_limite_deflactada	0.0016283421778954	0.000802595586241957	0.00296898420385103
canarito88	0.00162315479437425	0.000490820841160004	0.00403551251008878
mcomisiones_lag1	0.00161912360480042	0.000729633683156641	0.00308428456128214
mcuenta_corriente_delta1	0.00161497336295892	0.00248622761281119	0.00415081286751989
canarito59	0.00161198048461664	0.000786712489263348	0.00386256197394212
canarito14	0.0016096050562876	0.000958224775090476	0.00406433759944656
Visa_mfinanciacion_limite_deflactada	0.00159740487382676	0.00225710903795186	0.00256543295284215
canarito78	0.00159311273270668	0.000496809086019098	0.0038913870632999
canarito82	0.00158563484761107	0.000537661223893046	0.00380491179522657
canarito91	0.00158521527342906	0.00074027327649471	0.00383373688458434
chomebanking_transacciones	0.00158407172934085	0.00358147315132321	0.00340136054421769
canarito37	0.00158375108054986	0.000705815605962704	0.00412198777816211
canarito41	0.00157749182089281	0.000508990707986087	0.00383373688458434
canarito71	0.00157095463125359	0.000627185282435761	0.00374726161651101
canarito31	0.00156802294570067	0.000563458877813099	0.00374726161651101
canarito89	0.00156352642371233	0.00110915259552743	0.00429493831430877
canarito106	0.00155645846814111	0.000546354081874881	0.00394903724201545
canarito54	0.00155599209142083	0.000526674017286072	0.0036319612590799
canarito79	0.0015525733557745	0.000573544715129774	0.00386256197394212
canarito47	0.00155156410058665	0.000891606308910824	0.00386256197394212
Visa_mpagospesos_delta1	0.00154551129347469	0.00271082822567844	0.00360313616972213
canarito20	0.00153594642118134	0.000367090222251919	0.00343018563357546
canarito86	0.00153448965698526	0.000571149316135768	0.00360313616972213
canarito12	0.0015296303728122	0.000586428131908549	0.00374726161651101
canarito29	0.00152669112309866	0.000662554427294953	0.00409316268880434
canarito56	0.00151869948225949	0.00082720994034257	0.00354548599100657
mdescubierto_preacordado_delta1	0.0015161798331884	0.00516310240929827	0.00178715554018217
canarito95	0.00150313684658779	0.000495722794553772	0.00383373688458434
canarito65	0.00150099924866383	0.000483592203023061	0.0038913870632999
canarito109	0.00149484819319557	0.000312953497634793	0.00305545947192436
canarito98	0.00148833972372873	0.000693334369652023	0.00386256197394212
canarito104	0.00148783917386655	0.000398313775728318	0.00360313616972213
canarito100	0.00148107198082335	0.000480761276939235	0.00360313616972213
mactivos_margen_lag1	0.00147767695832666	0.00311871298709405	0.00354548599100657
mpasivos_margen_delta1	0.00147201809862732	0.00129899238675608	0.00322841000807103
canarito102	0.00146920968772428	0.000516835753373123	0.00403551251008878
canarito4	0.00146513509313395	0.000344562053016577	0.00371843652715323
canarito10	0.00146166847218773	0.000594495488107093	0.00368961143779546
canarito22	0.00146109821032971	0.000454900971790484	0.00317075982935547
Visa_msaldopesos	0.00145228531474122	0.00243041143106348	0.00144125446788885
mcaja_ahorro_dolares_delta1	0.00145083739362752	0.00739670915245891	0.00317075982935547
cmobile_app_trx	0.0014506036007343	0.000843773106303658	0.00256543295284215
canarito39	0.00144983131369366	0.000583185930823432	0.00368961143779546
canarito13	0.00144894818735622	0.000632731937182903	0.00354548599100657
canarito68	0.00144653745725888	0.00043405680695232	0.00334371036550213
canarito3	0.0014310323649513	0.000422523423101617	0.00345901072293324
Visa_msaldopesos_deflactada	0.0014266918834116	0.00326687000641666	0.0014989046466044
canarito36	0.00140951646673318	0.000418787590964582	0.00368961143779546
canarito1	0.00140589495442746	0.000707195954001436	0.00397786233137323
canarito85	0.00140188476774758	0.000298226416876029	0.0032572350974288
canarito8	0.00139927967223869	0.000377923832298214	0.00343018563357546
Master_mpagominimo_lag1	0.00139692997228716	0.00180267340311001	0.00135477919981552
canarito58	0.00139672884323178	0.000391035117658785	0.00331488527614436
canarito26	0.00139428173883591	0.000952804433304418	0.00374726161651101
canarito60	0.00138940325601877	0.000528053354821115	0.00357431108036435
canarito9	0.00138714911815866	0.000470257596347293	0.0032572350974288
canarito16	0.00138670920965008	0.000562711610335323	0.00337253545485991
canarito38	0.00138543000953826	0.000482896471233407	0.00322841000807103
canarito24	0.00138412758209066	0.000561388355755002	0.00343018563357546
canarito51	0.00138084894817633	0.000437798702111487	0.00328606018678658
mpayroll_delta1	0.00137981466951736	0.00863324230621792	0.00227718205926438
canarito48	0.00137749358742448	0.000532276249736092	0.00371843652715323
canarito90	0.00136787624088361	0.000533928928518921	0.00354548599100657
Visa_fultimo_cierre	0.0013675519860625	0.00144274714675896	0.00322841000807103
canarito32	0.00136488593061619	0.000768480981712256	0.0036319612590799
canarito72	0.00136303832581712	0.000805504826361655	0.00354548599100657
Visa_Fvencimiento	0.00135862362800739	0.000739402727566916	0.0035166609016488
canarito42	0.00135668876828696	0.000392563504487908	0.00345901072293324
cliente_antiguedad	0.00135204112784647	0.0015518876081581	0.00294015911449326
mpasivos_margen_lag1	0.00134668187982199	0.000782807903010304	0.00328606018678658
canarito23	0.00133828677850923	0.000404815356461259	0.00345901072293324
canarito73	0.00133773756682116	0.000644705395390025	0.00368961143779546
mpayroll_lag1	0.00133538524340422	0.0040136994308435	0.00170068027210884
canarito44	0.00132576434516536	0.000463457917026192	0.00345901072293324
ccomisiones_mantenimiento_delta1	0.0013197518503725	0.00268470923158539	0.00161420500403551
canarito40	0.00130871896325256	0.000827123542277189	0.00340136054421769
canarito61	0.00130720092406331	0.000390334838602533	0.00322841000807103
canarito21	0.0013004176935178	0.0008897702237085	0.00299780929320881
canarito108	0.00129171782074245	0.000749400145810832	0.00285368384641992
canarito70	0.00128548728796109	0.000475221695717913	0.00322841000807103
Visa_mpagominimo_delta1	0.00128307200807758	0.00285324457354568	0.00285368384641992
Master_mfinanciacion_limite	0.0012719284859355	0.00121794847516873	0.00227718205926438
canarito67	0.00125955230761308	0.000292686835654708	0.00294015911449326
mcuentas_saldo_lag1	0.00125912397114127	0.000904903526950111	0.00276720857834659
canarito7	0.00125165847659235	0.000413953341317956	0.00296898420385103
canarito50	0.00122617515530955	0.000488077828897094	0.00299780929320881
canarito11	0.00121017894611379	0.000337194470622441	0.00322841000807103
mactivos_margen_delta1	0.00120637969402642	0.000801853876534469	0.00299780929320881
canarito101	0.00119593050079451	0.000353986010417169	0.00328606018678658
canarito81	0.00119526147019134	0.000441124775002764	0.00319958491871325
Visa_mpagominimo_lag1	0.00118989978145495	0.00144660626034602	0.00236365732733771
mcomisiones_mantenimiento_delta1	0.00118707424464308	0.00147695320187249	0.00190245589761328
canarito62	0.00117982784050297	0.000583183909816054	0.0032572350974288
mcomisiones_otras_deflactada	0.0011773513272574	0.00130744322910447	0.00224835696990661
mcomisiones_otras	0.00117188205350674	0.000850444451656297	0.00245013259541105
canarito87	0.00116350087568276	0.00045313360083899	0.00308428456128214
cprestamos_personales_lag1	0.00115756590118812	0.00190309321767588	0.00109535339559553
canarito30	0.00115102121830228	0.00132231076987596	0.0032572350974288
Visa_fechaalta_lag1	0.00114444622232497	0.00237491254747402	0.00294015911449326
canarito18	0.00114309219523592	0.000476620738074885	0.00294015911449326
cmobile_app_trx_delta1	0.0011337984173085	0.00106961865971536	0.00253660786348438
Visa_status	0.00113293339344688	0.00196405033693972	0.000749452323302202
mcomisiones	0.00113173628458781	0.00072631064177643	0.00224835696990661
Master_mfinanciacion_limite_lag1	0.00113131322362412	0.000475551625172266	0.00236365732733771
Visa_mlimitecompra_lag1	0.00112882974281286	0.000819296180704705	0.00201775625504439
Visa_mfinanciacion_limite_lag1	0.00111504495266838	0.00214949039510787	0.00256543295284215
canarito76	0.00110066332802361	0.000256193505441864	0.00265190822091548
canarito80	0.00109590616707514	0.00126938766018894	0.00296898420385103
ccaja_seguridad_lag1	0.00108966677639355	0.00221511402040602	0.000345901072293324
thomebanking	0.00106909111004475	0.00140651654750517	0.00103770321687997
mdescubierto_preacordado	0.00106808195082013	0.0017367208588612	0.00170068027210884
Master_fultimo_cierre_lag1	0.00105928032703052	0.000469239008629107	0.00242130750605327
ccomisiones_otras	0.00105741761613697	0.00187352234298231	0.00239248241669549
mcomisiones_delta1	0.00104775051442442	0.000327679567889868	0.00236365732733771
ctarjeta_visa_transacciones_delta1	0.00104316306339304	0.00272176086508623	0.00239248241669549
Visa_mlimitecompra_deflactada	0.00103752043276968	0.000575381810835787	0.00265190822091548
Visa_cconsumos_delta1	0.00102285292060343	0.00163722919193339	0.00233483223797994
ccomisiones_otras_lag1	0.00100093956808106	0.00110132877071786	0.00239248241669549
mttarjeta_visa_debitos_automaticos_lag1	0.000998361070263652	0.000718533300136536	0.00227718205926438
Visa_msaldopesos_delta1	0.000986320241452597	0.00118253183663617	0.00233483223797994
mtransferencias_recibidas_deflactada	0.000982322619958388	0.00391116564256093	0.00172950536146662
cpayroll_trx_lag1	0.00097333708792704	0.000306193733209395	0.000490026519082209
ctransferencias_emitidas_delta1	0.000966461799006488	0.00196496534802982	0.00144125446788885
Visa_cconsumos_lag1	0.000963099820672504	0.00099820636403663	0.00236365732733771
ctarjeta_master	0.000962155499781656	0.000878176209636476	0.000432376340366655
tpaquete3_delta1	0.000936636960345568	0.00501575935069689	0.0011241784849533
canarito84	0.000926572271673707	0.000572328068688608	0.00259425804219993
mpagomiscuentas	0.000912173626609109	0.0135954793185404	0.0011241784849533
Visa_mpagospesos_deflactada	0.000904061980926078	0.000588978137966922	0.00190245589761328
Visa_fultimo_cierre_lag1	0.000903751441791003	0.000814681715610366	0.00224835696990661
mtransferencias_recibidas	0.000890961405802182	0.00461399975739019	0.00161420500403551
Master_mlimitecompra	0.000879305055443532	0.000394089365057808	0.0013836042891733
ctarjeta_visa_debitos_automaticos_delta1	0.000850773380603086	0.000855054874735881	0.0014989046466044
mcomisiones_otras_lag1	0.000848068668556226	0.000807881531037421	0.00170068027210884
mcuenta_debitos_automaticos	0.00083777847405127	0.00521720477678998	0.00155655482531996
ctarjeta_visa_debitos_automaticos_lag1	0.000827855119109971	0.00143300892271119	0.00193128098697106
mdescubierto_preacordado_lag1	0.000821519516821116	0.000777283984596157	0.00086475268073331
ccomisiones_otras_delta1	0.000808433438495736	0.000626852321470342	0.0017583304508244
mcaja_ahorro_dolares_deflactada	0.000806747055807028	0.00157257514492452	0.00178715554018217
mttarjeta_visa_debitos_automaticos_deflactada	0.000801346090237144	0.00158582587979413	0.00198893116568661
cplazo_fijo	0.000801072213290304	0.0140504676989	0.000922402859448864
Visa_mconsumospesos_lag1	0.000798791480208349	0.000181989188071321	0.00158537991467774
mtransferencias_emitidas	0.000783445130137755	0.00127238178261848	0.00129712902109997
mcomisiones_otras_delta1	0.000779809832643216	0.000694888019073362	0.00193128098697106
Visa_mconsumospesos_delta1	0.000777043064137895	0.000833813076696223	0.00204658134440217
cmobile_app_trx_lag1	0.000754020663486707	0.00038301778139283	0.00190245589761328
mttarjeta_visa_debitos_automaticos	0.000738984203740956	0.00118618379696704	0.00167185518275107
ctarjeta_visa_transacciones_lag1	0.000726872888877696	0.00160393208488782	0.00164303009339329
ccaja_ahorro_delta1	0.000717925561149607	0.00680563826135274	0.00109535339559553
cprestamos_personales_delta1	0.000708383541864868	0.00341414738227827	0.00086475268073331
Visa_mlimitecompra	0.000707486458874894	0.000426175383432492	0.0014989046466044
Visa_mconsumosdolares_delta1	0.000706404146384717	0.00111822287663699	0.00152772973596218
tmobile_app	0.000706286578019083	0.000235856613455415	0.00086475268073331
mcaja_ahorro_dolares	0.000705683533427592	0.00144090398803082	0.00181598062953995
mtransferencias_emitidas_delta1	0.000702753956243331	0.0016412565543846	0.00178715554018217
ccallcenter_transacciones	0.000701108189286888	0.00231390338727021	0.00155655482531996
Visa_mconsumospesos	0.000697054976504157	0.000747288698353343	0.0014989046466044
mtarjeta_visa_consumo_delta1	0.000693877601792532	0.0012412597847628	0.00172950536146662
Visa_msaldototal	0.000682189287915946	0.00110304258497385	0.0011241784849533
mprestamos_personales_lag1	0.000679442847386699	0.00107752029330896	0.00167185518275107
Visa_mconsumospesos_deflactada	0.000678739691623231	0.00112468504772607	0.00167185518275107
Visa_mpagado_delta1	0.000663031147738382	0.00132205511244273	0.00170068027210884
Master_msaldopesos_lag1	0.000642166782709895	0.000365004037386648	0.00123947884238441
cproductos_lag1	0.000638517134125718	0.00288468690107067	0.00155655482531996
Master_mlimitecompra_deflactada	0.00062885577785887	0.00131290399103808	0.00158537991467774
Master_mpagospesos_lag1	0.000614378496217868	0.000582667037179296	0.0017583304508244
Visa_cconsumos	0.000605414881553621	0.000648586234806385	0.0013836042891733
mtransferencias_emitidas_lag1	0.000604325080756107	0.0011757963242993	0.00144125446788885
mtransferencias_recibidas_delta1	0.000600177666301889	0.0012109376005767	0.00155655482531996
mtransferencias_recibidas_lag1	0.000588108736492981	0.000801577503775616	0.00126830393174219
Master_mlimitecompra_lag1	0.000586156701823697	0.000358436268662098	0.0014989046466044
mcuenta_debitos_automaticos_deflactada	0.000583124295450039	0.0034141488980338	0.00115300357431108
mtarjeta_master_consumo	0.000580428687561994	0.00448973407677895	0.000893577770091087
mcomisiones_mantenimiento	0.000575760861679051	0.00060081366242054	0.0010088781275222
mtarjeta_master_consumo_deflactada	0.000575524105568245	0.00497808979419043	0.00086475268073331
internet_lag1	0.000561192775888336	0.000183391767191203	0.000980053038164418
ctarjeta_master_transacciones	0.000544435063872925	0.00496419789473036	0.000893577770091087
Visa_msaldototal_delta1	0.000540984954953092	0.000396949595748606	0.00135477919981552
Master_msaldototal	0.00053763172303264	0.00259254371640047	0.000605326876513317
Master_msaldototal_lag1	0.000534099497810831	0.00109246160084973	0.00109535339559553
Visa_mconsumosdolares_lag1	0.000525996554440583	0.000255819619077053	0.00123947884238441
tpaquete3	0.000525295682037543	0.00245593321747653	0.000807102502017756
mcuenta_debitos_automaticos_lag1	0.000524495113715188	0.000383819616069794	0.00132595411045774
cpagomiscuentas_delta1	0.00050753556491557	0.00256495039742564	0.00123947884238441
ctarjeta_visa_debitos_automaticos	0.000505479933703841	0.000634556906844652	0.00126830393174219
cprestamos_personales	0.000505214147656985	0.00335191298635194	0.00121065375302663
mpagomiscuentas_deflactada	0.000504378542523634	0.00768243614395786	0.000980053038164418
ctransferencias_recibidas_delta1	0.00050223759541232	0.00163299619198152	0.00135477919981552
mautoservicio_delta1	0.000500403833662251	0.000300193362306037	0.00126830393174219
ctarjeta_debito_transacciones_delta1	0.000494295855100907	0.000540762459713593	0.00132595411045774
Master_status_lag1	0.000482549786882217	0.00129746652618617	0.000662977055228871
mtarjeta_visa_consumo_lag1	0.00047873841343913	0.0010604549070146	0.00121065375302663
Master_mpagospesos	0.000478594905718001	0.00139833500438981	0.0011241784849533
Master_msaldopesos	0.000477813983044917	0.000684212047602501	0.000980053038164418
mtransferencias_emitidas_deflactada	0.000472823257468708	0.00174318808246873	0.00123947884238441
Visa_mfinanciacion_limite_delta1	0.00047179657190046	0.00108797698547938	0.00126830393174219
Master_msaldototal_deflactada	0.000458392628776233	0.00147307792022642	0.000835927591375533
Visa_mconsumosdolares_deflactada	0.000457532325458892	0.00109362014332879	0.00118182866366886
mextraccion_autoservicio_delta1	0.000456713845175946	0.000591643341445805	0.00126830393174219
ctarjeta_debito_lag1	0.000453902000059303	0.00027514297586376	0.000893577770091087
Master_mpagospesos_delta1	0.000443645116791199	0.00108007232037471	0.00123947884238441
ctarjeta_debito_transacciones	0.000437419249163568	0.000908197263723351	0.000893577770091087
mcuenta_debitos_automaticos_delta1	0.000435589643468172	0.00101254086411234	0.00123947884238441
tcallcenter	0.000431903626230351	0.000988428225093157	0.000490026519082209
ctarjeta_visa	0.000428093116809157	0.000316266433978117	0.000317075982935547
thomebanking_lag1	0.00042805130012527	0.000760270133989919	0.000807102502017756
ccajas_consultas_delta1	0.000412458710165801	0.00107574231206874	0.00118182866366886
active_quarter	0.000397948739284922	0.000268525187206621	0.000259425804219993
tmobile_app_lag1	0.000393204020040018	0.00014348242925879	0.000922402859448864
Visa_Finiciomora_delta1	0.000384612329579491	0.00193750086827529	0.000807102502017756
Visa_mlimitecompra_delta1	0.000381040825760155	0.000307238088771642	0.000922402859448864
ctransferencias_recibidas_lag1	0.00037870301960448	0.000738898991478111	0.00103770321687997
matm_delta1	0.000378163402475564	0.000517362731046767	0.00109535339559553
Master_mpagominimo_deflactada	0.000374871384160041	0.00205505730964557	0.00057650178715554
mcheques_emitidos_rechazados_lag1	0.000363430704108835	0.00207437915067674	0.000807102502017756
Visa_mpagosdolares_lag1	0.00036162831422104	0.000467761146984419	0.000835927591375533
mautoservicio_lag1	0.000361221745526595	0.000660140333982706	0.000951227948806641
cextraccion_autoservicio	0.000360137817537747	0.000763261730160245	0.000778277412659979
cextraccion_autoservicio_delta1	0.000359142555694255	0.000566813750059504	0.000980053038164418
Visa_mpagado_deflactada	0.000358890408421725	0.00175665910714247	0.00086475268073331
ctransferencias_emitidas	0.000358156193029292	0.00109523189671223	0.00086475268073331
mprestamos_prendarios_deflactada	0.000355192847018797	0.00124817415625256	0.000461201429724432
ccomisiones_mantenimiento	0.000345595440014597	0.000374896868498786	0.000605326876513317
ccajas_consultas	0.000339566629002687	0.00206891788349129	0.000951227948806641
catm_trx_other_delta1	0.000338365879891312	0.000906710812797308	0.000807102502017756
mautoservicio_deflactada	0.000334348492440985	0.00277424086890577	0.000691802144586648
mtarjeta_master_consumo_lag1	0.000333494794710372	0.00107255215192359	0.000691802144586648
mplazo_fijo_dolares	0.000333213194840204	0.00456522779685625	0.00057650178715554
ctransferencias_recibidas	0.000332456563565792	0.00061902748615708	0.000662977055228871
matm_other_delta1	0.000328638515386003	0.000324847126050509	0.000893577770091087
ctransferencias_emitidas_lag1	0.000327096245127907	0.00138732152468693	0.000807102502017756
matm_lag1	0.000326593341344097	0.000437650158069252	0.000778277412659979
cpagomiscuentas_lag1	0.000326412138771572	0.000509260007219119	0.00086475268073331
Master_mfinanciacion_limite_delta1	0.000321480272878664	0.000799836911171871	0.000893577770091087
mplazo_fijo_dolares_delta1	0.000317523830900707	0.00139771758663603	0.000807102502017756
Master_Finiciomora_delta1	0.000317363062851668	0.000723934947604353	0.000461201429724432
Master_mconsumospesos_lag1	0.000310533191705839	0.000536201551314754	0.000835927591375533
tmobile_app_delta1	0.000305824865810999	0.00075143934225458	0.000807102502017756
ccuenta_debitos_automaticos_delta1	0.000294292670353185	0.00250392810067388	0.00086475268073331
Visa_mconsumosdolares	0.000290608106676082	0.00138823906203625	0.000778277412659979
cextraccion_autoservicio_lag1	0.000290230831463768	0.000270872082023571	0.000547676697797763
tpaquete4	0.00028977400343787	0.00330863563962517	0.000605326876513317
Master_status	0.000288257600210039	0.000734649823467229	0.000518851608439986
ctarjeta_debito	0.000287552770029298	0.000376354520069701	0.000720627233944425
Master_msaldopesos_deflactada	0.000285379364413231	0.000496853042929556	0.000547676697797763
mpagomiscuentas_delta1	0.00028428781722602	0.000470897750434069	0.000807102502017756
Visa_mpagosdolares	0.00028143304161695	0.000901482466712099	0.000374726161651101
mpagomiscuentas_lag1	0.000278302870936823	0.000287621685915219	0.000749452323302202
Master_mpagominimo	0.000273531836245228	0.00335169118079227	0.000662977055228871
Master_msaldopesos_delta1	0.000272812060143934	0.000414792564631402	0.000720627233944425
mttarjeta_master_debitos_automaticos_delta1	0.000266862401510799	0.000932957635606978	0.000835927591375533
Master_mpagominimo_delta1	0.000263799562797244	0.000466621804075437	0.000778277412659979
ccaja_ahorro_lag1	0.000263653435844375	0.00100182548299762	0.000662977055228871
ctarjeta_debito_transacciones_lag1	0.000260568251457234	0.00017355299802641	0.000691802144586648
Visa_mconsumototal_lag1	0.000256849235215869	0.000139512160265982	0.000634151965871094
ctarjeta_master_transacciones_delta1	0.000256719372266768	0.000782385007216593	0.000662977055228871
Visa_madelantopesos_deflactada	0.000256201154585747	0.000583317801554804	0.000144125446788885
mextraccion_autoservicio_lag1	0.0002538387571463	0.000247664349057594	0.00057650178715554
ctarjeta_master_delta1	0.00024952620337671	6.8634926290405e-05	5.7650178715554e-05
catm_trx_other_lag1	0.000247776430622863	0.000501895456336049	0.000720627233944425
mprestamos_prendarios_delta1	0.000246172895250162	0.00241741433261973	0.000403551251008878
Visa_msaldodolares_lag1	0.000246074627842338	0.000298087472618836	0.000691802144586648
ccuenta_debitos_automaticos	0.000244149326342048	0.001144608138452	0.000691802144586648
Master_mlimitecompra_delta1	0.000239479464062876	0.00157372055085563	0.000605326876513317
Master_mconsumospesos_delta1	0.000239402064777112	0.000591115353268472	0.000662977055228871
Visa_mconsumototal_delta1	0.000239025999689376	0.000308265265771181	0.000634151965871094
Master_fultimo_cierre_delta1	0.000238526894920568	7.12910352360898e-05	0.000490026519082209
ctarjeta_visa_lag1	0.000236827786872267	0.00051591417400905	0.00028825089357777
cliente_vip_lag1	0.000234766886855742	0.000431337541526093	0.000144125446788885
tcallcenter_delta1	0.000234386369356294	4.92762018745951e-05	0.000403551251008878
Visa_msaldodolares_delta1	0.000234356461991724	8.94836383951677e-05	0.000518851608439986
ccallcenter_transacciones_lag1	0.000234200217621209	0.000412340577430829	0.000605326876513317
mprestamos_prendarios	0.000231860731403365	0.00361980610350129	0.000403551251008878
ccheques_emitidos_rechazados_lag1	0.000231596206637957	0.00154910518625133	0.000345901072293324
Visa_fultimo_cierre_delta1	0.000231580512768685	7.76410404157296e-05	0.00057650178715554
mplazo_fijo_dolares_lag1	0.000231399939249257	0.00143927354032914	0.000547676697797763
Visa_delinquency_lag1	0.00022955544125982	3.28964423330019e-05	0.000144125446788885
Visa_Fvencimiento_delta1	0.000224921480519148	0.000556686482091593	0.000634151965871094
Visa_mpagado	0.000223955515333042	0.000220039704468415	0.000547676697797763
ccajas_consultas_lag1	0.000221738948489425	0.00115161042376268	0.00057650178715554
Master_Finiciomora_lag1	0.00022161081428972	0.0020128283604958	0.000720627233944425
ccomisiones_mantenimiento_lag1	0.00022003107215362	0.000209287439969058	0.000490026519082209
internet_delta1	0.000218609790362517	9.7232180679935e-05	0.000605326876513317
cseguro_vida_lag1	0.000217801816642234	0.000333336367539076	0.00057650178715554
Visa_mconsumototal_deflactada	0.000215967245202396	9.85286569125063e-05	0.000432376340366655
ccuenta_debitos_automaticos_lag1	0.000213966190256329	0.000203836277820495	0.000490026519082209
ccajas_transacciones	0.000209728255661229	4.60921047515771e-05	0.00028825089357777
minversion2_deflactada	0.000206327081639127	0.00298006581798558	0.000432376340366655
cpagodeservicios_lag1	0.000203521024304905	0.000253432809364401	0.000461201429724432
Master_mconsumospesos_deflactada	0.000202636538958752	0.000118029357096575	0.000403551251008878
cinversion1	0.0001988343649321	0.00821209367338475	0.000374726161651101
Master_cconsumos_lag1	0.000198103412995162	0.000343120569504681	0.000461201429724432
Master_mpagospesos_deflactada	0.00019780377274302	0.000643920739275768	0.00057650178715554
Master_mpagado_delta1	0.000195502523286587	0.000564486054812638	0.000490026519082209
mtarjeta_master_consumo_delta1	0.000191345398552847	7.63011125245453e-05	0.000490026519082209
ccajas_otras_delta1	0.000190979319286119	0.000694074563603978	0.000461201429724432
catm_trx	0.000189565211452207	0.000224091824260005	0.000461201429724432
catm_trx_delta1	0.000188691761172104	0.00024418366910195	0.000518851608439986
Master_mconsumospesos	0.000186997792801603	0.000682567958101025	0.000345901072293324
mforex_sell_lag1	0.000186571812368264	0.000879444897017609	0.000518851608439986
mttarjeta_master_debitos_automaticos_lag1	0.000184649395409825	0.000596169892719229	0.000461201429724432
matm_deflactada	0.000184042006012451	0.000259749467922314	0.000490026519082209
ccheques_emitidos	0.000183908882430303	0.0045960496751164	0.000461201429724432
catm_trx_lag1	0.000183875995266261	0.000897888105091478	0.000518851608439986
mplazo_fijo_dolares_deflactada	0.000182849399663542	0.00258304801323799	0.000432376340366655
tpaquete4_lag1	0.000180255305351322	0.000825668922217339	0.000461201429724432
Master_msaldototal_delta1	0.000180140934819267	0.000149868307319378	0.000518851608439986
mextraccion_autoservicio	0.000179999716456268	0.000358173032451198	0.000461201429724432
matm_other	0.000179262863133377	0.000156159703285074	0.000432376340366655
cseguro_accidentes_personales_lag1	0.000178352227453741	0.000459041510654834	0.000518851608439986
mextraccion_autoservicio_deflactada	0.000176237590849834	0.00021198396906229	0.000490026519082209
ccajas_transacciones_delta1	0.000174320042261381	0.000121075520466089	0.000432376340366655
matm	0.000173302347248416	0.000275318803505589	0.000403551251008878
Visa_msaldodolares	0.000172295271696034	0.000741987596002549	0.000518851608439986
Visa_mpagado_lag1	0.000172113135598834	0.000224495015231787	0.000432376340366655
Visa_mconsumototal	0.000170115677157125	0.000515986930274635	0.000461201429724432
mprestamos_hipotecarios_deflactada	0.000168325328185285	0.00321571376242928	0.00028825089357777
Visa_mpagosdolares_deflactada	0.000167883637300791	0.000493917529713952	0.000490026519082209
mcheques_emitidos_rechazados_deflactada	0.000167692880741802	0.00126060436212696	0.000374726161651101
cseguro_vida	0.000164950072350319	0.000221658026125829	0.000432376340366655
Master_cconsumos_delta1	0.000163491060780026	0.000433138764351158	0.000461201429724432
Visa_msaldodolares_deflactada	0.00016147603048271	0.000442283822733676	0.000374726161651101
mcheques_depositados	0.000159072014636348	0.00232370880981327	0.000403551251008878
tpaquete3_lag1	0.000157061256819685	0.000173141217773274	0.00028825089357777
Master_cconsumos	0.000156468336701959	0.000350761493146604	0.000461201429724432
Visa_mpagosdolares_delta1	0.00015570306273898	0.00042222330350608	0.000490026519082209
mcheques_depositados_deflactada	0.000154756604549387	0.00221513170422057	0.000317075982935547
Master_Fvencimiento_delta1	0.000154598543933588	0.000177165043461582	0.000432376340366655
cseguro_accidentes_personales	0.000154070600096775	0.000287274072646315	0.000345901072293324
mcajeros_propios_descuentos_lag1	0.000152627433043915	0.00039142820359368	0.000259425804219993
thomebanking_delta1	0.000152027456100589	0.000113316873144435	0.000374726161651101
cpagomiscuentas	0.000151545122317769	0.000343254461243431	0.000490026519082209
ctarjeta_master_transacciones_lag1	0.000151205265004142	0.000274326994135154	0.000403551251008878
matm_other_deflactada	0.000149847215926702	9.34811909875698e-05	0.000374726161651101
Master_mconsumototal_delta1	0.000149728600785668	0.000166368822051768	0.000374726161651101
ccajas_extracciones_delta1	0.000146438231838192	0.000617516277890665	0.000403551251008878
ccajas_depositos_lag1	0.000146259784327716	0.000898442871616561	0.000403551251008878
mtarjeta_visa_descuentos_deflactada	0.000145375437281515	0.00255196188826325	0.000259425804219993
ctarjeta_debito_delta1	0.000145108341265984	0.00195828895015874	0.000345901072293324
Master_mconsumototal	0.000140770585152632	7.33519575091445e-05	0.000317075982935547
tcallcenter_lag1	0.000139710089127041	9.18563010561789e-05	0.000259425804219993
mforex_buy_delta1	0.000139086039877569	0.000579051454981214	0.000374726161651101
mcheques_depositados_rechazados_lag1	0.000138939319505009	0.000889623195421797	0.000345901072293324
Master_mconsumototal_lag1	0.000138545041865971	8.58811927450378e-05	0.000345901072293324
mforex_sell	0.000135259199419468	0.000382906120735231	0.000317075982935547
matm_other_lag1	0.000132520386908734	3.67232198020178e-05	0.000345901072293324
cplazo_fijo_delta1	0.000130757034299163	0.000187492896411695	0.000317075982935547
ccajas_otras_lag1	0.00012905069937277	0.000497627088755081	0.000374726161651101
ccajas_depositos	0.00012551689922498	0.00113471328633249	0.000317075982935547
mforex_buy_lag1	0.000123358694608204	0.00151642650746324	0.000403551251008878
mcheques_depositados_lag1	0.000121098690642744	0.00198347979661374	0.000345901072293324
cseguro_vivienda	0.000118159527366673	0.000758072288467049	0.000345901072293324
ccajas_otras	0.000115873195606313	0.000533012401673292	0.000317075982935547
cprestamos_hipotecarios	0.000115831790999833	0.000354202258206546	0.000115300357431108
mpagodeservicios	0.000112080384345274	0.000520733771352191	0.000259425804219993
cliente_vip_delta1	0.000111676617636076	0.000168017964071687	0.000230600714862216
mcajeros_propios_descuentos_delta1	0.00010979465870562	0.00141769019204271	0.000317075982935547
mcheques_emitidos_rechazados	0.000109559273598929	0.000442706213275542	0.000230600714862216
mcaja_ahorro_adicional_delta1	0.000109394949265416	0.000443102835973348	0.000317075982935547
mprestamos_prendarios_lag1	0.000106825044038127	0.000513036764755546	0.000230600714862216
cforex_buy_delta1	0.000104819049102457	0.000896447632083271	0.000317075982935547
mcaja_ahorro_adicional	0.000103785788994409	0.000112463502779348	0.000230600714862216
Visa_fechaalta_delta1	0.000102942304644673	5.70176706335417e-05	0.00028825089357777
mforex_sell_delta1	0.000102594157095671	0.000246737211923234	0.000317075982935547
ctarjeta_master_debitos_automaticos_lag1	0.000102485250117323	0.000171136883706785	0.00028825089357777
mcheques_emitidos_rechazados_delta1	0.000102453463002387	0.000591853020961205	0.000259425804219993
mforex_sell_deflactada	0.000101493888544154	0.000287424637695927	0.00028825089357777
Master_mpagosdolares_lag1	0.000100213236635643	0.000586970772389368	0.00028825089357777
mcaja_ahorro_adicional_deflactada	9.84604816126823e-05	0.00029879482520091	0.000201775625504439
ccajas_depositos_delta1	9.77370698455637e-05	0.000237920567239536	0.00028825089357777
tpaquete4_delta1	9.77090633997179e-05	0.000807998749465307	0.000172950536146662
ccajas_extracciones_lag1	9.7345914539621e-05	0.00100589023408532	0.000259425804219993
cpayroll_trx_delta1	9.63678773906325e-05	0.000307909063220922	0.000230600714862216
ctarjeta_master_debitos_automaticos	9.41609541462032e-05	0.000186200462193878	0.000259425804219993
mpagodeservicios_deflactada	9.38039702181402e-05	0.000558137565388532	0.000317075982935547
cforex_lag1	9.29007875652421e-05	0.00029961484894427	0.000259425804219993
cseguro_vivienda_lag1	9.24952864617511e-05	0.000568852441251407	0.000230600714862216
Master_mpagosdolares_delta1	9.23884441041113e-05	0.000373691337598195	0.000230600714862216
mcajeros_propios_descuentos_deflactada	9.15805254215642e-05	0.000715711468585908	0.00028825089357777
mforex_buy	9.12364407864518e-05	0.000876016763253776	0.000259425804219993
cforex	8.91442708685873e-05	0.000208149107563764	0.000144125446788885
Master_status_delta1	8.86277713527833e-05	0.000347467756373365	0.000144125446788885
ccajas_extracciones	8.8566737326108e-05	0.000654712413418983	0.000230600714862216
mtarjeta_visa_descuentos_lag1	8.76719126473362e-05	0.000941302880319908	0.000259425804219993
Master_mconsumosdolares_delta1	8.72546144168366e-05	0.00034906637320885	0.000259425804219993
cforex_delta1	8.66859885202307e-05	0.000220542935305375	0.000259425804219993
mcheques_emitidos_lag1	8.41897393070527e-05	0.000405744514602997	0.000230600714862216
minversion2	8.26039708916767e-05	0.0012993698098838	0.000259425804219993
mcheques_depositados_delta1	8.19206146008961e-05	0.000144891071400804	0.000230600714862216
ctarjeta_master_descuentos_delta1	8.1876984494172e-05	0.000279889311689471	0.000201775625504439
cforex_buy	8.16972714685765e-05	0.000553271990127557	0.000230600714862216
ccheques_depositados_lag1	8.04366257770682e-05	0.000333801199235867	0.000201775625504439
ccheques_emitidos_rechazados	7.98653157324187e-05	0.000394528428910538	0.000144125446788885
Master_msaldodolares	7.97935274732691e-05	6.37749087997179e-05	8.6475268073331e-05
mcheques_depositados_rechazados_deflactada	7.86718026720916e-05	0.000197520629766271	0.000172950536146662
mcaja_ahorro_adicional_lag1	7.63931543207867e-05	9.10034359429363e-05	0.000201775625504439
mcheques_emitidos_delta1	7.63239627137928e-05	0.000403107605227397	0.000201775625504439
ccheques_emitidos_rechazados_delta1	7.6166235146857e-05	0.000346815476242325	0.000144125446788885
tcuentas_lag1	7.54059128160793e-05	0.000606614458845384	0.000172950536146662
cseguro_vida_delta1	7.52440037924384e-05	0.000953034828145436	0.000230600714862216
ccheques_depositados_rechazados_lag1	7.49075030750895e-05	5.71237735208527e-05	0.000115300357431108
ccheques_emitidos_lag1	7.39293540865992e-05	0.00152839036588532	0.000201775625504439
mtarjeta_master_descuentos_delta1	7.385612920142e-05	9.2991096698562e-05	0.000115300357431108
cforex_buy_lag1	7.38223353259598e-05	0.000244476715171666	0.000201775625504439
Master_mpagado_deflactada	7.23742176993167e-05	7.72151131109527e-05	0.000115300357431108
ccajeros_propios_descuentos	7.19128321255178e-05	0.00105693986993354	0.000259425804219993
ctarjeta_master_descuentos_lag1	7.13187413974859e-05	0.000130986540644623	0.000144125446788885
catm_trx_other	6.98937699612407e-05	0.000384116198902421	0.000230600714862216
mprestamos_hipotecarios_delta1	6.96315179720813e-05	0.000807957318814071	0.000201775625504439
Master_mconsumosdolares_lag1	6.82530576563513e-05	0.000161688168965821	0.000144125446788885
Master_fechaalta_delta1	6.82078752032299e-05	0.000109319320552033	0.000172950536146662
Master_mconsumosdolares_deflactada	6.57498489920289e-05	7.47995040431728e-05	0.000115300357431108
Master_delinquency	6.41637376492215e-05	4.02332043646338e-06	2.8825089357777e-05
cliente_edad_delta1	6.35145340376025e-05	1.42465862547982e-05	0.000172950536146662
active_quarter_lag1	6.28790164763129e-05	6.22268171486664e-06	0.000144125446788885
mplazo_fijo_pesos_delta1	6.25786663785004e-05	0.000695402870702743	0.000172950536146662
minversion2_delta1	6.22653139683853e-05	0.00131986181418646	0.000201775625504439
mttarjeta_master_debitos_automaticos	6.15598113394092e-05	0.000129318704306463	0.000230600714862216
Master_mpagado	6.13522195837396e-05	8.89162405739761e-05	0.000172950536146662
mprestamos_hipotecarios	6.12423642628649e-05	0.00322846177171377	0.000172950536146662
Master_mpagado_lag1	6.11858623820581e-05	3.70465809823941e-05	0.000144125446788885
ctarjeta_master_descuentos	6.01614958076439e-05	0.000102151817888254	0.000172950536146662
Master_cadelantosefectivo	5.92005291769373e-05	0.00079181654339485	0.000115300357431108
Master_mpagosdolares_deflactada	5.82049692123756e-05	6.0305344384649e-05	0.000172950536146662
cseguro_auto_lag1	5.81843469960976e-05	8.17426748880654e-05	0.000172950536146662
cseguro_vivienda_delta1	5.56870972251053e-05	0.000234521738082674	0.000144125446788885
mpagodeservicios_lag1	5.46367027408902e-05	0.000279493699495354	0.000172950536146662
mpagodeservicios_delta1	5.02701583635976e-05	4.63694880141187e-05	0.000115300357431108
ccheques_depositados_delta1	4.90338725151251e-05	7.51031604016199e-05	0.000115300357431108
cforex_sell_delta1	4.82398247532511e-05	5.82449273634387e-05	0.000115300357431108
mtarjeta_master_descuentos	4.82188751330056e-05	0.000176351587992198	0.000172950536146662
ctarjeta_visa_descuentos	4.77796926991681e-05	0.00064782279926959	0.000144125446788885
cpagodeservicios	4.74398096307028e-05	1.74948503620471e-05	0.000115300357431108
mcheques_depositados_rechazados_delta1	4.70852106711958e-05	0.000149282215179946	0.000115300357431108
ctarjeta_master_debitos_automaticos_delta1	4.67990532531279e-05	0.000178581769633105	0.000172950536146662
cseguro_accidentes_personales_delta1	4.54658720593632e-05	0.000283772677365052	0.000115300357431108
ccajeros_propios_descuentos_delta1	4.49534142890886e-05	0.000150242698936032	0.000172950536146662
mcheques_emitidos_deflactada	4.4405224327193e-05	0.000594389890471626	0.000115300357431108
cforex_sell	4.33118771237727e-05	4.71273657806257e-05	0.000115300357431108
Visa_madelantopesos_delta1	4.21300863955823e-05	0.000596840361916666	8.6475268073331e-05
cprestamos_prendarios	4.19155189596922e-05	0.000258800604958648	0.000115300357431108
Visa_madelantopesos	4.18348265827293e-05	5.50977136250574e-05	8.6475268073331e-05
ccaja_seguridad_delta1	4.1264631405038e-05	0.00139727902803514	0.000115300357431108
mcheques_depositados_rechazados	3.90674219681907e-05	0.000186571317047622	0.000115300357431108
Master_delinquency_delta1	3.85006694714417e-05	1.61675537669712e-05	8.6475268073331e-05
ctarjeta_visa_descuentos_delta1	3.78401104459254e-05	0.000157500641679947	0.000115300357431108
ctarjeta_master_lag1	3.77304082428544e-05	6.31160603947012e-05	8.6475268073331e-05
ccheques_emitidos_delta1	3.74965680736341e-05	0.000198046091684382	0.000115300357431108
minversion2_lag1	3.70582313157773e-05	0.000119502671474665	0.000115300357431108
cforex_sell_lag1	3.61076992753093e-05	0.000217194126081103	0.000115300357431108
mtarjeta_visa_descuentos_delta1	3.57519388784522e-05	0.00070689836066512	0.000115300357431108
cplazo_fijo_lag1	3.38959408246581e-05	0.000253212014308425	0.000115300357431108
minversion1_pesos_delta1	3.33874711734009e-05	7.80220003063605e-05	0.000115300357431108
Master_mconsumototal_deflactada	3.31803620563386e-05	2.90135819092645e-05	8.6475268073331e-05
cpagodeservicios_delta1	3.29017067050423e-05	0.000316569079832875	0.000115300357431108
mtarjeta_master_descuentos_lag1	3.25236849552339e-05	1.41187575381807e-05	5.7650178715554e-05
mttarjeta_master_debitos_automaticos_deflactada	3.21282451732342e-05	1.76342998710844e-05	8.6475268073331e-05
mcajeros_propios_descuentos	3.17435151701529e-05	0.00017383846531846	0.000115300357431108
mtarjeta_visa_descuentos	3.15508739215147e-05	0.000925539528028408	0.000115300357431108
Master_mconsumosdolares	3.14098961722073e-05	5.36678509055809e-06	5.7650178715554e-05
ccajeros_propios_descuentos_lag1	3.13913668011179e-05	7.78815402936345e-05	8.6475268073331e-05
mprestamos_hipotecarios_lag1	3.08388846014333e-05	0.00066699053848824	8.6475268073331e-05
mforex_buy_deflactada	3.07795451019732e-05	0.000317793305051706	0.000115300357431108
Master_madelantopesos	3.04649793920261e-05	0.000485353005700579	8.6475268073331e-05
Master_mpagosdolares	3.02495842732614e-05	2.19051937112734e-05	5.7650178715554e-05
tcuentas	2.94612808986699e-05	8.54259608332893e-05	5.7650178715554e-05
Master_msaldodolares_lag1	2.93767866842573e-05	3.57748620901954e-05	8.6475268073331e-05
Master_madelantopesos_delta1	2.88291767354247e-05	3.50538677083251e-05	5.7650178715554e-05
cinversion2_lag1	2.78581791245425e-05	0.000339946072166705	8.6475268073331e-05
ctarjeta_visa_descuentos_lag1	2.70784200056449e-05	1.38585528383466e-05	8.6475268073331e-05
cinversion2_delta1	2.35388521853761e-05	0.000618653094540425	8.6475268073331e-05
cinversion1_lag1	2.11769373845365e-05	9.50115988240696e-05	5.7650178715554e-05
ccheques_depositados	2.03871501079114e-05	0.000301633835314245	5.7650178715554e-05
Visa_cadelantosefectivo_lag1	2.00601807974428e-05	1.38711841344551e-05	5.7650178715554e-05
tcuentas_delta1	1.91323722857854e-05	8.71387645855951e-05	5.7650178715554e-05
mcheques_emitidos	1.91046734867711e-05	9.2382773477979e-05	2.8825089357777e-05
cprestamos_prendarios_lag1	1.87512670115422e-05	0.000410588364034665	5.7650178715554e-05
Visa_madelantopesos_lag1	1.70413955578109e-05	9.73483886041328e-05	5.7650178715554e-05
cliente_vip	1.67118352400826e-05	8.25480463279402e-06	5.7650178715554e-05
cinversion2	1.45835718572536e-05	0.000121559551732965	2.8825089357777e-05
Master_msaldodolares_deflactada	1.28213390539247e-05	1.11554554711384e-05	5.7650178715554e-05
Master_madelantopesos_lag1	1.2084085296225e-05	4.35021837975006e-06	2.8825089357777e-05
Visa_cadelantosefectivo	1.17322932612493e-05	1.41182522863363e-05	2.8825089357777e-05
active_quarter_delta1	1.08713443089296e-05	1.20684455538571e-05	2.8825089357777e-05
mpayroll2_delta1	1.06745688795902e-05	2.73866709704962e-05	2.8825089357777e-05
minversion1_dolares	1.04020650536998e-05	0.000376812783492515	2.8825089357777e-05
minversion1_dolares_lag1	1.02594277049711e-05	2.60836264639485e-05	2.8825089357777e-05
ccheques_depositados_rechazados_delta1	9.94574859650056e-06	1.94663430586539e-05	2.8825089357777e-05
minversion1_pesos_lag1	9.39596747954753e-06	4.28453563998612e-06	2.8825089357777e-05
minversion1_pesos	9.3401592153356e-06	3.48568194890333e-05	2.8825089357777e-05
cinversion1_delta1	9.10114585174589e-06	8.52678170060115e-05	2.8825089357777e-05
Master_delinquency_lag1	8.84965656240478e-06	6.3489441507667e-05	2.8825089357777e-05
ccuenta_corriente	8.73235139004629e-06	2.18925624151649e-05	2.8825089357777e-05
tpaquete1	7.89559434510669e-06	7.64168151968987e-05	2.8825089357777e-05
minversion1_dolares_delta1	7.85047680828912e-06	0.000126197258412143	2.8825089357777e-05
Master_msaldodolares_delta1	7.78033474193283e-06	8.25712879127797e-05	2.8825089357777e-05
cseguro_auto	7.17922740818447e-06	8.50642005127433e-06	2.8825089357777e-05
mtarjeta_master_descuentos_deflactada	7.03636144116816e-06	1.1905249208136e-05	2.8825089357777e-05
minversion1_pesos_deflactada	6.88391890810364e-06	4.57333759420971e-05	2.8825089357777e-05
cseguro_auto_delta1	6.84135921478185e-06	4.38240292223439e-05	2.8825089357777e-05
mcuenta_corriente_adicional_delta1	6.48894694685922e-06	0.000115658210191097	2.8825089357777e-05
ccheques_depositados_rechazados	5.80461867555016e-06	3.70799276041205e-05	2.8825089357777e-05
