fecha	objective	metric	first_metric_only	boost_from_average	feature_pre_filter	verbosity	seed	max_depth	min_gain_to_split	lambda_l1	lambda_l2	max_bin	num_iterations	force_row_wise	learning_rate	feature_fraction	min_data_in_leaf	num_leaves	ratio_corte	iteracion_bayesiana	ganancia
20211113 142344	binary	custom	TRUE	TRUE	FALSE	-100	999983	-1	0	0	0	31	127	TRUE	0.0485679609421641	0.812200082595518	6848	557	0.0395797243353167	1	5688750
20211113 142613	binary	custom	TRUE	TRUE	FALSE	-100	999983	-1	0	0	0	31	203	TRUE	0.0694525726698339	0.401175229586079	3844	906	0.0300728912990719	2	5708750
20211113 142845	binary	custom	TRUE	TRUE	FALSE	-100	999983	-1	0	0	0	31	377	TRUE	0.0280438727512956	0.160725437295332	6456	657	0.0354539596461717	3	5655000
20211113 143233	binary	custom	TRUE	TRUE	FALSE	-100	999983	-1	0	0	0	31	283	TRUE	0.0426151562482119	0.566880352397857	4333	491	0.0332111504439591	4	5590000
20211113 143509	binary	custom	TRUE	TRUE	FALSE	-100	999983	-1	0	0	0	31	237	TRUE	0.0769388209364843	0.349702172529942	3299	713	0.0244909743666993	5	5592500
20211113 143653	binary	custom	TRUE	TRUE	FALSE	-100	999983	-1	0	0	0	31	139	TRUE	0.0868696545087732	0.312519602611428	2060	213	0.0294368707790414	6	5403750
20211113 143823	binary	custom	TRUE	TRUE	FALSE	-100	999983	-1	0	0	0	31	113	TRUE	0.0846899416751694	0.95427214524243	2866	601	0.0374791828810056	7	6152500
20211113 144055	binary	custom	TRUE	TRUE	FALSE	-100	999983	-1	0	0	0	31	293	TRUE	0.0730772462580353	0.630408691486809	5420	413	0.0369435866536115	8	6132500
20211113 144211	binary	custom	TRUE	TRUE	FALSE	-100	999983	-1	0	0	0	31	104	TRUE	0.0985639136622194	0.243620223802282	2260	1020	0.0291188605190262	9	5951250
20211113 144842	binary	custom	TRUE	TRUE	FALSE	-100	999983	-1	0	0	0	31	575	TRUE	0.0344197078992147	0.534330553532345	5829	795	0.0279807185358138	10	5471250
20211113 145009	binary	custom	TRUE	TRUE	FALSE	-100	999983	-1	0	0	0	31	77	TRUE	0.0513272671634331	0.69484128067561	1470	749	0.0334705798666031	11	5951250
20211113 145422	binary	custom	TRUE	TRUE	FALSE	-100	999983	-1	0	0	0	31	341	TRUE	0.0368544003763236	0.489423041073314	1028	130	0.0304494823964584	12	6152500
20211113 145529	binary	custom	TRUE	TRUE	FALSE	-100	999983	-1	0	0	0	31	60	TRUE	0.0904848694708198	0.873797504692629	348	249	0.0315039374691405	13	6095000
20211113 145801	binary	custom	TRUE	TRUE	FALSE	-100	999983	-1	0	0	0	31	269	TRUE	0.0225729210360441	0.723101025544747	7367	292	0.0403161691479836	14	5528750
20211113 150006	binary	custom	TRUE	TRUE	FALSE	-100	999983	-1	0	0	0	31	248	TRUE	0.0644040121824946	0.909390308032744	7800	946	0.0292778656490338	15	5677500
20211113 150237	binary	custom	TRUE	TRUE	FALSE	-100	999983	-1	0	0	0	31	423	TRUE	0.0586509651492815	0.136960567996721	4809	353	0.0288175876411171	16	5696250
20211113 150400	binary	custom	TRUE	TRUE	FALSE	-100	999983	-1	0	0	0	31	92	TRUE	0.0818102005346969	0.85925603559363	2770	417	0.0322152762086482	17	5888750
20211113 150518	binary	custom	TRUE	TRUE	FALSE	-100	999983	-1	0	0	0	31	82	TRUE	0.0877150013479188	0.959670650179917	2207	495	0.0372783342957328	18	6132500
20211113 150745	binary	custom	TRUE	TRUE	FALSE	-100	999983	-1	0	0	0	31	152	TRUE	0.0863224115421413	0.937409241873164	895	622	0.0348597825814064	19	5843750
20211113 150912	binary	custom	TRUE	TRUE	FALSE	-100	999983	-1	0	0	0	31	104	TRUE	0.0897933507835768	0.96709869600025	2758	285	0.0302570025022386	20	5681250
20211113 151046	binary	custom	TRUE	TRUE	FALSE	-100	999983	-1	0	0	0	31	100	TRUE	0.0513223771014626	0.957260246043558	1984	695	0.0349685755650959	21	5777500
20211113 151333	binary	custom	TRUE	TRUE	FALSE	-100	999983	-1	0	0	0	31	298	TRUE	0.0317840394599736	0.969354339546012	5367	102	0.0296042446001021	22	5328750
20211113 151455	binary	custom	TRUE	TRUE	FALSE	-100	999983	-1	0	0	0	31	97	TRUE	0.0554934794114903	0.734236518382677	4314	846	0.0367260006862327	23	5565000
20211113 151810	binary	custom	TRUE	TRUE	FALSE	-100	999983	-1	0	0	0	31	401	TRUE	0.0473255690898746	0.718817888564453	6321	730	0.0303155833396099	24	5672500
20211113 151921	binary	custom	TRUE	TRUE	FALSE	-100	999983	-1	0	0	0	31	55	TRUE	0.0951282418151335	0.956450466030884	1508	588	0.0339559639476789	25	5928750
20211113 152205	binary	custom	TRUE	TRUE	FALSE	-100	999983	-1	0	0	0	31	188	TRUE	0.0384115911981237	0.485257761055845	1169	139	0.0295372950716778	26	5838750
20211113 152340	binary	custom	TRUE	TRUE	FALSE	-100	999983	-1	0	0	0	31	148	TRUE	0.0857027102432095	0.957787301000752	4256	755	0.0313700384122919	27	5465000
20211113 152504	binary	custom	TRUE	TRUE	FALSE	-100	999983	-1	0	0	0	31	71	TRUE	0.062278566761408	0.423446070845309	5296	627	0.041722109244893	28	5118750
20211113 152729	binary	custom	TRUE	TRUE	FALSE	-100	999983	-1	0	0	0	31	251	TRUE	0.0291698684212565	0.990747633903171	6196	506	0.0422660741633401	29	5737500
20211113 152829	binary	custom	TRUE	TRUE	FALSE	-100	999983	-1	0	0	0	31	60	TRUE	0.0845429159516469	0.265302602361399	2184	862	0.0406341794079988	30	5931250
20211113 152941	binary	custom	TRUE	TRUE	FALSE	-100	999983	-1	0	0	0	31	70	TRUE	0.0722323446390033	0.951347630601563	2650	667	0.0427263521712569	31	5818750
20211113 153319	binary	custom	TRUE	TRUE	FALSE	-100	999983	-1	0	0	0	31	280	TRUE	0.0476338022232428	0.572736529607885	6004	663	0.0325081803955043	32	5745000
20211113 153616	binary	custom	TRUE	TRUE	FALSE	-100	999983	-1	0	0	0	31	302	TRUE	0.0551776551933028	0.327766494586272	6499	587	0.0320311650054815	33	5816250
20211113 153758	binary	custom	TRUE	TRUE	FALSE	-100	999983	-1	0	0	0	31	116	TRUE	0.0798047164328769	0.393344031555881	5062	686	0.0339559639476789	34	5728750
20211113 154017	binary	custom	TRUE	TRUE	FALSE	-100	999983	-1	0	0	0	31	135	TRUE	0.0386352451506071	0.404612072499818	875	661	0.0334371051023909	35	6106250
20211113 154131	binary	custom	TRUE	TRUE	FALSE	-100	999983	-1	0	0	0	31	167	TRUE	0.0433675417006388	0.112609258927475	2956	217	0.0371695413120434	36	5648750
20211113 170446	binary	custom	TRUE	TRUE	FALSE	-100	999983	-1	0	0	0	31	95	TRUE	0.0697419938869402	0.427681592786498	466	679	0.0398140476848016	37	6703750
20211113 170712	binary	custom	TRUE	TRUE	FALSE	-100	999983	-1	0	0	0	31	135	TRUE	0.0556473292419501	0.554259937580652	5574	930	0.0354455909551187	38	5606250
20211113 171007	binary	custom	TRUE	TRUE	FALSE	-100	999983	-1	0	0	0	31	249	TRUE	0.0495886520421691	0.37796487140283	4246	549	0.0344580854108609	39	5803750
20211113 171240	binary	custom	TRUE	TRUE	FALSE	-100	999983	-1	0	0	0	31	205	TRUE	0.0849849735815264	0.319760480330302	1022	336	0.0400567397253396	40	6317500
20211113 171454	binary	custom	TRUE	TRUE	FALSE	-100	999983	-1	0	0	0	31	135	TRUE	0.0465037125027552	0.727070892823022	1014	527	0.0296879315106324	41	5766250
20211113 171703	binary	custom	TRUE	TRUE	FALSE	-100	999983	-1	0	0	0	31	233	TRUE	0.0574375245955959	0.803841766718193	7531	301	0.0329935644765802	42	5772500
20211113 171934	binary	custom	TRUE	TRUE	FALSE	-100	999983	-1	0	0	0	31	137	TRUE	0.0289933062436432	0.914142998647527	367	455	0.0294787142343066	43	5997500
20211113 172200	binary	custom	TRUE	TRUE	FALSE	-100	999983	-1	0	0	0	31	206	TRUE	0.0775838731076382	0.402970562975947	6385	731	0.0343241863540124	44	5723750
20211113 172353	binary	custom	TRUE	TRUE	FALSE	-100	999983	-1	0	0	0	31	128	TRUE	0.0345491855871305	0.707065885409084	1984	378	0.0328094532734135	45	5600000
20211113 172547	binary	custom	TRUE	TRUE	FALSE	-100	999983	-1	0	0	0	31	134	TRUE	0.0926832483600639	0.398507780198264	3202	509	0.0319642154770572	46	5676250
20211113 172810	binary	custom	TRUE	TRUE	FALSE	-100	999983	-1	0	0	0	31	140	TRUE	0.0389983416760899	0.639422746171732	1062	636	0.0318470538023148	47	5893750
20211113 173032	binary	custom	TRUE	TRUE	FALSE	-100	999983	-1	0	0	0	31	340	TRUE	0.0361606589905545	0.154521770766121	3700	912	0.0320562710786406	48	5862500
20211113 173235	binary	custom	TRUE	TRUE	FALSE	-100	999983	-1	0	0	0	31	241	TRUE	0.0772020599885657	0.216171464156941	5029	768	0.0365335207920129	49	5993750
20211113 173451	binary	custom	TRUE	TRUE	FALSE	-100	999983	-1	0	0	0	31	155	TRUE	0.0574770347673632	0.355708580444171	1078	683	0.030097997372231	50	5755000
20211113 173628	binary	custom	TRUE	TRUE	FALSE	-100	999983	-1	0	0	0	31	105	TRUE	0.0827201820322871	0.445122697189893	6778	906	0.0345752470856033	51	5436250
20211113 173938	binary	custom	TRUE	TRUE	FALSE	-100	999983	-1	0	0	0	31	274	TRUE	0.0614497867436148	0.376586052501737	3570	455	0.031654573908095	52	5322500
20211113 174156	binary	custom	TRUE	TRUE	FALSE	-100	999983	-1	0	0	0	31	131	TRUE	0.051510483745411	0.563124464816041	2977	546	0.0338806457282017	53	5390000
20211113 174356	binary	custom	TRUE	TRUE	FALSE	-100	999983	-1	0	0	0	31	279	TRUE	0.0571897158379108	0.164488068650709	5694	655	0.0364414651904296	54	6057500
20211113 174727	binary	custom	TRUE	TRUE	FALSE	-100	999983	-1	0	0	0	31	269	TRUE	0.0261860305045731	0.513292195390165	7761	656	0.0423999732201886	55	5767500
20211113 175110	binary	custom	TRUE	TRUE	FALSE	-100	999983	-1	0	0	0	31	457	TRUE	0.048912320607733	0.995964059002022	6650	244	0.0341233377687396	56	6003750
20211113 175527	binary	custom	TRUE	TRUE	FALSE	-100	999983	-1	0	0	0	31	323	TRUE	0.0267261028291844	0.544028218840365	4986	184	0.0389771785794984	57	6078750
20211113 175821	binary	custom	TRUE	TRUE	FALSE	-100	999983	-1	0	0	0	31	221	TRUE	0.0609886662657373	0.497974649444339	6412	910	0.0327257663628832	58	5862500
20211113 180046	binary	custom	TRUE	TRUE	FALSE	-100	999983	-1	0	0	0	31	184	TRUE	0.0925959693831392	0.396578101772489	3028	198	0.0314453566317692	59	5703750
20211113 180413	binary	custom	TRUE	TRUE	FALSE	-100	999983	-1	0	0	0	31	305	TRUE	0.0481949858487211	0.421873312736605	6723	536	0.0341651812240048	60	5697500
20211113 180631	binary	custom	TRUE	TRUE	FALSE	-100	999983	-1	0	0	0	31	163	TRUE	0.0940431672497466	0.532507430415251	5945	1015	0.0363410408977932	61	5672500
20211113 180941	binary	custom	TRUE	TRUE	FALSE	-100	999983	-1	0	0	0	31	248	TRUE	0.068958120415397	0.482023982235603	1379	119	0.0313198262659737	62	5722500
20211113 181122	binary	custom	TRUE	TRUE	FALSE	-100	999983	-1	0	0	0	31	149	TRUE	0.0976996565995924	0.856334283117973	4080	535	0.0328847714928908	63	5688750
20211113 181242	binary	custom	TRUE	TRUE	FALSE	-100	999983	-1	0	0	0	31	191	TRUE	0.0723469795234688	0.130008793261764	6518	144	0.036550258174119	64	5591250
20211113 181433	binary	custom	TRUE	TRUE	FALSE	-100	999983	-1	0	0	0	31	220	TRUE	0.0769593343723938	0.202459480938455	4644	217	0.0285246834542609	65	5490000
20211113 181713	binary	custom	TRUE	TRUE	FALSE	-100	999983	-1	0	0	0	31	210	TRUE	0.0299708756191842	0.948382064583665	2101	385	0.0332613625902773	66	5432500
20211113 182028	binary	custom	TRUE	TRUE	FALSE	-100	999983	-1	0	0	0	31	392	TRUE	0.0630811281507835	0.271732241935167	7958	138	0.0356213334672324	67	5780000
20211113 182157	binary	custom	TRUE	TRUE	FALSE	-100	999983	-1	0	0	0	31	78	TRUE	0.0978895116117969	0.469711741302046	6729	896	0.0359644498004067	68	5478750
20211113 182706	binary	custom	TRUE	TRUE	FALSE	-100	999983	-1	0	0	0	31	461	TRUE	0.0255129659014009	0.451976334698149	5826	179	0.0332362565171182	69	5736250
20211113 183045	binary	custom	TRUE	TRUE	FALSE	-100	999983	-1	0	0	0	31	487	TRUE	0.0602211944327503	0.22254505741389	5277	374	0.0268593139347075	70	5688750
20211113 183300	binary	custom	TRUE	TRUE	FALSE	-100	999983	-1	0	0	0	31	189	TRUE	0.0948297502629645	0.784900363077223	2203	145	0.0235536809687597	71	5332500
20211113 183450	binary	custom	TRUE	TRUE	FALSE	-100	999983	-1	0	0	0	31	171	TRUE	0.0418801164876111	0.885492029009969	5218	163	0.0420484881959613	72	5770000
20211113 183739	binary	custom	TRUE	TRUE	FALSE	-100	999983	-1	0	0	0	31	333	TRUE	0.0387016240178421	0.920547404272342	6484	564	0.0314286192496632	73	5656250
20211113 184117	binary	custom	TRUE	TRUE	FALSE	-100	999983	-1	0	0	0	31	445	TRUE	0.0425319602072053	0.863257575254748	5544	388	0.0394709313516273	74	6255000
20211113 184255	binary	custom	TRUE	TRUE	FALSE	-100	999983	-1	0	0	0	31	186	TRUE	0.0303992116355896	0.165217367060971	7060	648	0.041462679822249	75	5207500
20211113 184455	binary	custom	TRUE	TRUE	FALSE	-100	999983	-1	0	0	0	31	227	TRUE	0.0700494016601518	0.218210928347707	3345	632	0.0321483266802239	76	6048750
20211113 184616	binary	custom	TRUE	TRUE	FALSE	-100	999983	-1	0	0	0	31	110	TRUE	0.0647234458425082	0.799812874208856	5626	144	0.0389353351242332	77	5585000
20211113 184938	binary	custom	TRUE	TRUE	FALSE	-100	999983	-1	0	0	0	31	410	TRUE	0.0382203248930722	0.982837307361607	6530	540	0.0301482095185492	78	5547500
20211113 185145	binary	custom	TRUE	TRUE	FALSE	-100	999983	-1	0	0	0	31	269	TRUE	0.0404640250547417	0.175879165340634	3566	152	0.0267588896420711	79	5203750
20211113 185308	binary	custom	TRUE	TRUE	FALSE	-100	999983	-1	0	0	0	31	63	TRUE	0.0958131605852209	0.33169325672877	780	571	0.0372615969136267	80	5885000
20211113 185555	binary	custom	TRUE	TRUE	FALSE	-100	999983	-1	0	0	0	31	312	TRUE	0.0217320504062995	0.901632195077906	7441	811	0.0424083419112417	81	5616250
20211113 185805	binary	custom	TRUE	TRUE	FALSE	-100	999983	-1	0	0	0	31	227	TRUE	0.0631348979303241	0.792488310616324	4740	122	0.0360230306377779	82	5620000
20211113 190022	binary	custom	TRUE	TRUE	FALSE	-100	999983	-1	0	0	0	31	245	TRUE	0.0864638146546111	0.642167845299724	4207	1005	0.0273112232515712	83	5571250
20211113 190249	binary	custom	TRUE	TRUE	FALSE	-100	999983	-1	0	0	0	31	223	TRUE	0.058037643837817	0.730735204925574	2643	624	0.0343158176629593	84	6175000
20211113 190430	binary	custom	TRUE	TRUE	FALSE	-100	999983	-1	0	0	0	31	167	TRUE	0.0707739179464616	0.77025847955551	7023	154	0.0327090289807771	85	5915000
20211113 190559	binary	custom	TRUE	TRUE	FALSE	-100	999983	-1	0	0	0	31	105	TRUE	0.0589699120449461	0.926589186676079	3597	508	0.0343074489719063	86	5526250
20211113 190758	binary	custom	TRUE	TRUE	FALSE	-100	999983	-1	0	0	0	31	190	TRUE	0.0334567148417048	0.853748968570563	6684	599	0.0409856644322262	87	5628750
20211113 190949	binary	custom	TRUE	TRUE	FALSE	-100	999983	-1	0	0	0	31	142	TRUE	0.0779374062406458	0.341383242442389	2817	557	0.0330772513871105	88	6060000
20211113 191155	binary	custom	TRUE	TRUE	FALSE	-100	999983	-1	0	0	0	31	74	TRUE	0.076169906396009	0.517671355470899	412	906	0.0411697756353929	89	6101250
20211113 191323	binary	custom	TRUE	TRUE	FALSE	-100	999983	-1	0	0	0	31	218	TRUE	0.082014807680212	0.138259828108992	7400	354	0.0297214062748446	90	5711250
20211113 191612	binary	custom	TRUE	TRUE	FALSE	-100	999983	-1	0	0	0	31	378	TRUE	0.0494141431783699	0.187329562072479	4239	284	0.0317549982007314	91	5657500
20211113 191751	binary	custom	TRUE	TRUE	FALSE	-100	999983	-1	0	0	0	31	104	TRUE	0.045332897095643	0.858515521227312	2030	782	0.0326002359970877	92	5431250
20211113 192005	binary	custom	TRUE	TRUE	FALSE	-100	999983	-1	0	0	0	31	167	TRUE	0.0854215697244927	0.486229236009857	7475	132	0.0347007774513988	93	5567500
20211113 192151	binary	custom	TRUE	TRUE	FALSE	-100	999983	-1	0	0	0	31	142	TRUE	0.0717484384932928	0.333622198364511	4631	1024	0.033704903216088	94	5916250
20211113 192356	binary	custom	TRUE	TRUE	FALSE	-100	999983	-1	0	0	0	31	134	TRUE	0.079758728711661	0.518765215917537	5051	593	0.0385503753357937	95	5792500
20211113 192706	binary	custom	TRUE	TRUE	FALSE	-100	999983	-1	0	0	0	31	271	TRUE	0.0388794734793156	0.321540998298954	1553	367	0.032432862176027	96	5856250
20211113 192951	binary	custom	TRUE	TRUE	FALSE	-100	999983	-1	0	0	0	31	172	TRUE	0.0567442471245304	0.562467300868337	2272	890	0.0331442009155348	97	5700000
20211113 193132	binary	custom	TRUE	TRUE	FALSE	-100	999983	-1	0	0	0	31	118	TRUE	0.0456288787491247	0.291893347817403	1581	603	0.0375545011004829	98	5941250
20211113 193441	binary	custom	TRUE	TRUE	FALSE	-100	999983	-1	0	0	0	31	374	TRUE	0.0479052742254548	0.876139235755522	5462	830	0.0350941059308914	99	5708750
20211113 193731	binary	custom	TRUE	TRUE	FALSE	-100	999983	-1	0	0	0	31	221	TRUE	0.0562308587797172	0.865958362022298	1627	315	0.0362071418409447	100	6142500
20211113 193940	binary	custom	TRUE	TRUE	FALSE	-100	999983	-1	0	0	0	31	203	TRUE	0.021576027243454	0.67403223798289	6695	733	0.0395629869532107	101	4941250
20211113 194114	binary	custom	TRUE	TRUE	FALSE	-100	999983	-1	0	0	0	31	144	TRUE	0.0875337808310427	0.936169395356765	5433	319	0.027771501259488	102	5252500
20211113 194325	binary	custom	TRUE	TRUE	FALSE	-100	999983	-1	0	0	0	31	208	TRUE	0.0826313996718079	0.211236353384797	712	536	0.0302737398843447	103	5978750
20211113 194511	binary	custom	TRUE	TRUE	FALSE	-100	999983	-1	0	0	0	31	120	TRUE	0.0801827503519505	0.429004823934217	6505	688	0.0342739742076942	104	5281250
20211113 194715	binary	custom	TRUE	TRUE	FALSE	-100	999983	-1	0	0	0	31	245	TRUE	0.0545240405045822	0.191001194075355	3287	866	0.0311608211359661	105	5896250
20211113 194900	binary	custom	TRUE	TRUE	FALSE	-100	999983	-1	0	0	0	31	81	TRUE	0.0973339821725711	0.651666032952629	249	530	0.0372113847673085	106	5942500
20211113 195046	binary	custom	TRUE	TRUE	FALSE	-100	999983	-1	0	0	0	31	104	TRUE	0.0665022739505209	0.96967455263976	1200	287	0.0277296578042228	107	5408750
20211113 195300	binary	custom	TRUE	TRUE	FALSE	-100	999983	-1	0	0	0	31	243	TRUE	0.0629817241140455	0.957099772378663	7211	317	0.0312026645912313	108	5490000
20211113 195428	binary	custom	TRUE	TRUE	FALSE	-100	999983	-1	0	0	0	31	190	TRUE	0.0776025511045195	0.141475633657142	2124	825	0.0281983045031927	109	5438750
20211113 195733	binary	custom	TRUE	TRUE	FALSE	-100	999983	-1	0	0	0	31	255	TRUE	0.0549734539842792	0.400730396701023	3254	690	0.0383244206773619	110	6426250
20211113 195934	binary	custom	TRUE	TRUE	FALSE	-100	999983	-1	0	0	0	31	104	TRUE	0.0378078753618523	0.74887366734657	1176	859	0.0305331693069887	111	5540000
20211113 200112	binary	custom	TRUE	TRUE	FALSE	-100	999983	-1	0	0	0	31	172	TRUE	0.0942775870687328	0.18984167803973	1628	380	0.0369352179625585	112	5983750
20211113 200338	binary	custom	TRUE	TRUE	FALSE	-100	999983	-1	0	0	0	31	180	TRUE	0.0861703913859651	0.487265926728072	5324	372	0.0364498338814826	113	5706250
20211113 200543	binary	custom	TRUE	TRUE	FALSE	-100	999983	-1	0	0	0	31	154	TRUE	0.0987701020856947	0.860044062109757	1795	771	0.0300226791527537	114	5716250
20211113 200717	binary	custom	TRUE	TRUE	FALSE	-100	999983	-1	0	0	0	31	90	TRUE	0.0911506524129398	0.601309782629204	2050	231	0.0366757885399145	115	5822500
20211113 200844	binary	custom	TRUE	TRUE	FALSE	-100	999983	-1	0	0	0	31	120	TRUE	0.0628350355440751	0.698436879431084	5794	745	0.0357468638330279	116	5561250
