Feature	Gain	Cover	Frequency
ctrx_quarter	0.0934018762834656	0.0170222984339224	0.0179898589984024
mtarjeta_visa_consumo	0.0772667504013478	0.0159676917486447	0.0143779954157116
cpayroll_trx	0.0567300086365324	0.010899734295438	0.0032645690074321
mpayroll	0.0565419496860989	0.0246624250436946	0.0119469333889005
mcaja_ahorro	0.0557564921334689	0.019968198630978	0.02306035979718
ctarjeta_visa_transacciones	0.0383120538801683	0.0121219211160889	0.0174341876779885
mcuentas_saldo	0.0351758829996128	0.0280482623776517	0.0302146280475099
mcuenta_corriente	0.0284006295282004	0.0202063560728032	0.0223657706466625
mprestamos_personales	0.0250072263313857	0.0241454326855544	0.00972424810724456
mactivos_margen	0.0234799174030124	0.0255396800981521	0.0245884559283184
mpasivos_margen	0.0202722888126292	0.0151635711787437	0.0204209210252136
mrentabilidad_annual	0.0196485848520311	0.025375407030665	0.0262554698895603
Visa_mpagominimo	0.0195283893772532	0.0155107944246838	0.0212544280058346
Master_fechaalta	0.0175115749743553	0.0190111760740749	0.0320205598388553
cliente_edad	0.016506301643894	0.0307529934352518	0.0335486559699938
ctarjeta_debito_transacciones	0.0157688762816339	0.00984122036070416	0.010696672917969
Visa_msaldopesos	0.0157498659543625	0.0107902584796437	0.0161144682920053
Visa_Fvencimiento	0.0148682412480992	0.0284097483653934	0.0299367923873029
mtransferencias_recibidas	0.0140832033522056	0.0147503090779982	0.0177814822532472
Visa_fechaalta	0.0137387694306731	0.0202306398237379	0.0253525039938876
Master_Fvencimiento	0.0132812537094471	0.0159121378635571	0.028547614086268
numero_de_cliente	0.0123066352014202	0.0187461561236484	0.0239633256928527
mautoservicio	0.0117956600555769	0.0120876123098529	0.0131971938598319
cproductos	0.011625784571959	0.00983076776032957	0.0105577550878655
chomebanking_transacciones	0.0116223021687961	0.018848912603305	0.0236160311175939
mrentabilidad	0.0113502533987883	0.0187578859643526	0.023338195457387
cliente_antiguedad	0.0110605945621264	0.0190459744666252	0.0249357505035771
Visa_mpagospesos	0.0109917426061283	0.0212794240734263	0.02306035979718
Master_mfinanciacion_limite	0.0104794303876982	0.0169777730537719	0.0220184760714038
Visa_mconsumospesos	0.0104708791894684	0.015209318501596	0.0217406404111968
Visa_status	0.0101249179024454	0.0151067427507717	0.00395915815794957
mcaja_ahorro_dolares	0.0100876324910425	0.0144502978676854	0.0184066124887129
mcomisiones_mantenimiento	0.00998098740710497	0.0116720331036309	0.0104882961728138
mcomisiones	0.00882224758875916	0.00738374118161649	0.0152809613113843
Master_mlimitecompra	0.00830244817145575	0.0129886696212666	0.017295269847885
mcomisiones_otras	0.00816357432656599	0.00775312394035078	0.0163228450371605
Visa_mconsumosdolares	0.00794752569423433	0.00997257785243095	0.01590609154685
Visa_cconsumos	0.00764994214293351	0.0139789476320324	0.016739598527471
Visa_mlimitecompra	0.00713383611459923	0.00890595269980647	0.0141696186705564
Visa_msaldototal	0.00697598285750933	0.0137279827201225	0.0150725845662291
Visa_mfinanciacion_limite	0.00696283265043774	0.00800331333674904	0.0140307008404529
mcuenta_debitos_automaticos	0.00672874921642375	0.0100411104953773	0.00777939848579565
ccomisiones_otras	0.00670491055326763	0.00723329521852175	0.0088907411266236
Visa_mconsumototal	0.00596365651888258	0.00864491013241281	0.0116690977286935
mtransferencias_emitidas	0.00569383519948562	0.0158115191092673	0.0134055706049872
Master_status	0.00525397332348585	0.00852333222846875	0.00229214419670765
thomebanking	0.00510661450556231	0.00374036121548793	0.00472320622351879
ccallcenter_transacciones	0.00459051153966938	0.00665126071159895	0.00298673334722512
Master_msaldopesos	0.0043233595763264	0.00774462698778821	0.00722372716538168
tcallcenter	0.00423645905831535	0.00432184004868759	0.00194484962144891
ctransferencias_recibidas	0.00423374624060014	0.00690510110015386	0.00875182329652011
mtarjeta_master_consumo	0.00417749088063926	0.00573911015656196	0.00382024032784608
Master_msaldototal	0.00411280577837865	0.00608098706600085	0.00590400777939849
Master_mpagospesos	0.00407949352482516	0.0105143745684408	0.00847398763631312
mttarjeta_visa_debitos_automaticos	0.00401748578094737	0.00804823659007507	0.00833506980620963
ctransferencias_emitidas	0.00391079716333546	0.0085475080815932	0.00882128221157186
mpagomiscuentas	0.0035104275174486	0.0122063943117871	0.00819615197610613
ctarjeta_visa_debitos_automaticos	0.003330556255188	0.0124900873270119	0.00833506980620963
Visa_fultimo_cierre	0.0031630815109818	0.0146755035261045	0.0068069736750712
ccuenta_debitos_automaticos	0.00312133484998697	0.00586351093696848	0.00465374730846704
cprestamos_personales	0.0030729089965272	0.00744194260922483	0.00277835660206988
ccomisiones_mantenimiento	0.00298945658696832	0.00186851898146506	0.00319511009238036
ccaja_ahorro	0.00282776205288572	0.0130414383941254	0.00361186358269084
mextraccion_autoservicio	0.00279487007272145	0.00845252294172471	0.00645967909981246
Master_fultimo_cierre	0.00252817529431338	0.0040052489910968	0.0044453705633118
Visa_mpagosdolares	0.00237495111457518	0.00815526447429771	0.00382024032784608
mplazo_fijo_dolares	0.00236009701914468	0.00690677891110431	0.00291727443217337
ctarjeta_debito	0.00211549276656021	0.00216750651130242	0.00416753490310481
mdescubierto_preacordado	0.00208819526124021	0.00912956012191017	0.00243106202681114
Master_mconsumospesos	0.00199490262018097	0.00657532897631006	0.00513995971382927
Master_cconsumos	0.0018759226554928	0.00933925816754122	0.0045842883934153
matm	0.00178965229481346	0.00446184150374351	0.00409807598805307
ccaja_seguridad	0.00175707639191118	0.00954731616645543	0.00263943877196638
ctarjeta_master	0.00164600099071865	0.000553714029159497	0.000833506980620963
ccajas_extracciones	0.00149753454580283	0.00192569807732063	0.00173647287629367
Visa_mpagado	0.00136906857784929	0.00836407640916152	0.00291727443217337
Master_mconsumototal	0.00128702142295407	0.00538162582886053	0.00291727443217337
cpagomiscuentas	0.00123022852133599	0.00253498622240722	0.00277835660206988
ccajas_consultas	0.0011795927472227	0.00780872368200781	0.00180593179134542
ctarjeta_visa	0.00115561390443697	0.000558305080988542	0.000486212405362228
cextraccion_autoservicio	0.000942324405846751	0.0023601256822827	0.00284781551712162
mforex_sell	0.000823237907146306	0.00187921165446761	0.00166701396124193
catm_trx	0.000777002186681594	0.00386865440940168	0.00243106202681114
cplazo_fijo	0.00077608002821987	0.00433266354778515	0.0011808015558797
cseguro_vida	0.000700984703158056	0.00411424601035775	0.00138917830103494
Visa_msaldodolares	0.00061471539030897	0.00158927405347071	0.00125026047093144
active_quarter	0.000535134181352741	0.00302291630533825	0.00159755504619018
ctarjeta_master_transacciones	0.000533005990900904	0.00130661281105715	0.000972424810724456
Master_mpagosdolares	0.000529226878684736	0.000584754880465451	0.000972424810724456
Master_mconsumosdolares	0.000452790255267877	0.000773932111296581	0.000972424810724456
mttarjeta_master_debitos_automaticos	0.000446149123013203	0.00690481517095652	0.00180593179134542
cforex	0.000380594325140693	0.000669651575069172	0.00090296589567271
matm_other	0.000331698387068851	0.000928515955417024	0.00090296589567271
cforex_sell	0.000207049789066691	0.000819999081411992	0.000625130235465722
tcuentas	0.000172851563411768	0.00349169992182831	0.000764048065569216
Master_mpagado	0.000111823722026504	0.000352316022587187	0.000416753490310481
cseguro_accidentes_personales	9.87423337227132e-05	0.000392464797806638	0.000277835660206988
Master_delinquency	9.37001296760081e-05	4.01851907304333e-05	0.000138917830103494
Master_madelantopesos	7.84311430130955e-05	3.2192660431103e-05	0.000138917830103494
Visa_madelantodolares	7.05685065523431e-05	6.98422526190555e-05	0.000138917830103494
ctarjeta_master_debitos_automaticos	6.77601231369277e-05	0.000154163042660202	0.000138917830103494
cseguro_vivienda	5.91023664487878e-05	0.000705763623460088	0.000277835660206988
catm_trx_other	5.42243259526426e-05	0.000443171373765738	0.000138917830103494
Master_cadelantosefectivo	3.99154710038818e-05	2.71282069592863e-05	6.94589150517469e-05
Master_msaldodolares	2.3727420375213e-05	5.07470376379689e-05	0.000138917830103494
Visa_madelantopesos	1.02490258961436e-10	2.47625474680569e-05	6.94589150517469e-05
